
######################## 100 ###################

Vetor de solucoes: 
2 2 2 1 2 1 2 0 0 2 2 1 1 2 0 2 2 2 1 0 1 0 1 1 2 2 1 2 1 1 0 1 2 0 2 2 2 2 2 2 2 1 2 2 0 1 2 2 2 0 2 2 2 1 2 2 2 1 2 2 2 1 2 0 0 2 2 2 2 2 2 2 2 0 2 2 0 1 1 1 1 1 1 1 1 1 1 1 1 2 1 2 1 1 1 1 2 2 

 Inviabilidades: 0 
FO: 118949.933361
Tempo total:5.834
######################## FIM ###################

######################## 100 ###################

Vetor de solucoes: 
2 0 0 1 0 1 0 1 1 0 0 1 1 0 0 0 0 0 2 1 1 2 1 1 0 0 1 0 1 1 1 2 0 0 0 0 0 0 1 0 0 1 0 0 2 1 0 0 0 0 0 0 2 1 0 0 0 1 0 2 0 2 0 2 0 0 0 0 0 0 0 0 0 0 0 0 2 1 1 1 1 1 1 0 1 1 1 1 1 1 1 0 1 1 1 1 0 0 

 Inviabilidades: 0 
FO: 118926.285316
Tempo total:5.223
######################## FIM ###################

######################## 100 ###################

Vetor de solucoes: 
1 1 1 0 1 0 1 0 2 1 1 0 0 1 2 1 1 1 0 2 0 0 0 0 1 1 0 1 0 0 0 2 1 2 1 1 1 1 1 1 1 0 1 1 0 0 1 1 1 1 1 1 1 0 1 1 1 0 1 2 1 0 1 2 1 1 1 1 1 1 1 1 2 1 1 1 0 2 0 0 0 0 2 2 0 0 0 2 0 0 0 1 0 0 0 0 1 1 

 Inviabilidades: 0 
FO: 118828.580274
Tempo total:5.298
######################## FIM ###################
