
 ######################## 100 ###################

Vetor de solucoes: 
2 2 2 1 2 1 2 0 0 2 2 1 1 2 0 2 2 2 1 0 1 0 1 1 2 2 1 2 1 1 0 1 2 0 2 2 2 2 2 2 2 1 2 2 0 1 2 2 2 0 2 2 2 1 2 2 2 1 2 2 2 1 2 0 0 2 2 2 2 2 2 2 2 0 2 2 0 1 1 1 1 1 1 1 1 1 1 1 1 2 1 2 1 1 1 1 2 2 

 Inviabilidades: 0 
FO: 118949.933361
Tempo total:5.834
######################## FIM ###################

 ######################## 100 ###################

Vetor de solucoes: 
2 2 2 1 2 1 2 0 0 2 2 1 1 2 0 2 2 2 1 0 1 0 1 1 2 2 1 2 1 1 0 1 2 0 2 2 2 2 2 2 2 1 2 2 0 1 2 2 2 0 2 2 2 1 2 2 2 1 2 2 2 1 2 0 0 2 2 2 2 2 2 2 2 0 2 2 0 1 1 1 1 1 1 1 1 1 1 1 1 2 1 2 1 1 1 1 2 2 

 Inviabilidades: 0 
FO: 118949.933361
Tempo total:5.657
######################## FIM ###################

 ######################## 100 ###################

Vetor de solucoes: 
2 0 0 1 0 1 0 1 1 0 0 1 1 0 0 0 0 0 2 1 1 2 1 1 0 0 1 0 1 1 1 2 0 0 0 0 0 0 1 0 0 1 0 0 2 1 0 0 0 0 0 0 2 1 0 0 0 1 0 2 0 2 0 2 0 0 0 0 0 0 0 0 0 0 0 0 2 1 1 1 1 1 1 0 1 1 1 1 1 1 1 0 1 1 1 1 0 0 

 Inviabilidades: 0 
FO: 118926.285316
Tempo total:5.223
######################## FIM ###################

 ######################## 100 ###################

Vetor de solucoes: 
1 0 0 2 0 2 0 2 2 0 0 2 2 0 0 0 0 0 1 2 2 1 2 2 0 0 2 0 2 2 2 1 0 0 0 0 0 0 2 0 0 2 0 0 1 2 0 0 0 0 0 0 1 2 0 0 0 2 0 1 0 1 0 1 0 0 0 0 0 0 0 0 0 0 0 0 1 2 2 2 2 2 2 0 2 2 2 2 2 2 2 0 2 2 2 2 0 0 

 Inviabilidades: 0 
FO: 118926.285316
Tempo total:5.460
######################## FIM ###################

 ######################## 100 ###################

Vetor de solucoes: 
1 2 2 0 2 0 2 0 0 2 2 0 0 2 2 2 2 2 1 0 0 1 0 0 2 2 0 2 0 0 0 1 2 2 2 2 2 2 0 2 2 0 2 2 1 0 2 2 2 2 2 2 1 0 2 2 2 0 2 1 2 1 2 1 2 2 2 2 2 2 2 2 2 2 2 2 1 0 0 0 0 0 0 2 0 0 0 0 0 0 0 2 0 0 0 0 2 2 

 Inviabilidades: 0 
FO: 118926.285316
Tempo total:5.761
######################## FIM ###################

 ######################## 100 ###################

Vetor de solucoes: 
1 0 0 2 0 2 0 2 2 0 0 2 2 0 0 0 0 0 1 2 2 1 2 2 0 0 2 0 2 2 2 1 0 0 0 0 0 0 2 0 0 2 0 0 1 2 0 0 0 0 0 0 1 2 0 0 0 2 0 1 0 1 0 1 0 0 0 0 0 0 0 0 0 0 0 0 1 2 2 2 2 2 2 0 2 2 2 2 2 2 2 0 2 2 2 2 0 0 

 Inviabilidades: 0 
FO: 118926.285316
Tempo total:5.456
######################## FIM ###################

 ######################## 100 ###################

Vetor de solucoes: 
2 0 0 1 0 1 0 1 1 0 0 1 1 0 0 0 0 0 2 1 1 2 1 1 0 0 1 0 1 1 1 2 0 0 0 0 0 0 1 0 0 1 0 0 2 1 0 0 0 0 0 0 2 1 0 0 0 1 0 2 0 2 0 2 0 0 0 0 0 0 0 0 0 0 0 0 2 1 1 1 1 1 1 0 1 1 1 1 1 1 1 0 1 1 1 1 0 0 

 Inviabilidades: 0 
FO: 118926.285316
Tempo total:5.462
######################## FIM ###################

 ######################## 100 ###################

Vetor de solucoes: 
1 1 1 2 1 2 1 0 0 1 1 2 2 1 0 1 1 1 2 0 2 0 2 2 1 1 2 1 2 2 0 2 1 0 1 1 1 1 1 1 1 2 1 1 0 2 1 1 1 0 1 1 1 2 1 1 1 2 1 1 1 2 1 0 0 1 1 1 1 1 1 1 1 0 1 1 0 2 2 2 2 2 2 2 2 2 2 2 2 1 2 1 2 2 2 2 1 1 

 Inviabilidades: 0 
FO: 118949.933361
Tempo total:5.570
######################## FIM ###################

 ######################## 100 ###################

Vetor de solucoes: 
1 1 1 0 1 0 1 0 2 1 1 0 0 1 2 1 1 1 0 2 0 0 0 0 1 1 0 1 0 0 0 2 1 2 1 1 1 1 1 1 1 0 1 1 0 0 1 1 1 1 1 1 1 0 1 1 1 0 1 2 1 0 1 2 1 1 1 1 1 1 1 1 2 1 1 1 0 2 0 0 0 0 2 2 0 0 0 2 0 0 0 1 0 0 0 0 1 1 

 Inviabilidades: 0 
FO: 118828.580274
Tempo total:5.298
######################## FIM ###################

 ######################## 100 ###################

Vetor de solucoes: 
1 0 0 2 0 2 0 2 2 0 0 2 2 0 0 0 0 0 1 2 2 1 2 2 0 0 2 0 2 2 2 1 0 0 0 0 0 0 2 0 0 2 0 0 1 2 0 0 0 0 0 0 1 2 0 0 0 2 0 1 0 1 0 1 0 0 0 0 0 0 0 0 0 0 0 0 1 2 2 2 2 2 2 0 2 2 2 2 2 2 2 0 2 2 2 2 0 0 

 Inviabilidades: 0 
FO: 118926.285316
Tempo total:5.447
######################## FIM ###################

 ######################## 100 ###################

Vetor de solucoes: 
1 0 0 2 0 2 0 2 2 0 0 2 2 0 0 0 0 0 1 2 2 1 2 2 0 0 2 0 2 2 2 1 0 0 0 0 0 0 2 0 0 2 0 0 1 2 0 0 0 0 0 0 1 2 0 0 0 2 0 1 0 1 0 1 0 0 0 0 0 0 0 0 0 0 0 0 1 2 2 2 2 2 2 0 2 2 2 2 2 2 2 0 2 2 2 2 0 0 

 Inviabilidades: 0 
FO: 118926.285316
Tempo total:5.193
######################## FIM ###################

 ######################## 100 ###################

Vetor de solucoes: 
0 1 1 2 1 2 1 2 2 1 1 2 2 1 1 1 1 1 0 2 2 0 2 2 1 1 2 1 2 2 2 0 1 1 1 1 1 1 2 1 1 2 1 1 0 2 1 1 1 1 1 1 0 2 1 1 1 2 1 0 1 0 1 0 1 1 1 1 1 1 1 1 1 1 1 1 0 2 2 2 2 2 2 1 2 2 2 2 2 2 2 1 2 2 2 2 1 1 

 Inviabilidades: 0 
FO: 118926.285316
Tempo total:5.777
######################## FIM ###################

 ######################## 100 ###################

Vetor de solucoes: 
2 0 0 1 0 1 0 1 1 0 0 1 1 0 0 0 0 0 2 1 1 2 1 1 0 0 1 0 1 1 1 2 0 0 0 0 0 0 1 0 0 1 0 0 2 1 0 0 0 0 0 0 2 1 0 0 0 1 0 2 0 2 0 2 0 0 0 0 0 0 0 0 0 0 0 0 2 1 1 1 1 1 1 0 1 1 1 1 1 1 1 0 1 1 1 1 0 0 

 Inviabilidades: 0 
FO: 118926.285316
Tempo total:5.232
######################## FIM ###################

 ######################## 100 ###################

Vetor de solucoes: 
1 1 1 0 1 0 1 0 2 1 1 0 0 1 2 1 1 1 0 2 0 0 0 0 1 1 0 1 0 0 0 2 1 2 1 1 1 1 1 1 1 0 1 1 0 0 1 1 1 1 1 1 1 0 1 1 1 0 1 2 1 0 1 2 1 1 1 1 1 1 1 1 2 1 1 1 0 2 0 0 0 0 2 2 0 0 0 2 0 0 0 1 0 0 0 0 1 1 

 Inviabilidades: 0 
FO: 118828.580274
Tempo total:5.310
######################## FIM ###################

 ######################## 100 ###################

Vetor de solucoes: 
1 1 1 2 1 2 1 2 0 1 1 2 2 1 1 1 1 1 2 0 2 2 2 2 1 1 2 1 2 2 2 2 1 0 1 1 1 1 1 1 1 2 1 1 2 2 1 1 1 1 1 1 2 2 1 1 1 2 1 1 1 2 1 0 1 1 1 1 1 1 1 1 1 1 1 1 2 0 2 2 2 2 0 1 2 2 2 0 2 0 2 1 2 2 2 2 1 1 

 Inviabilidades: 0 
FO: 119332.373096
Tempo total:6.011
######################## FIM ###################

 ######################## 100 ###################

Vetor de solucoes: 
2 2 2 1 2 1 2 0 0 2 2 1 1 2 0 2 2 2 1 0 1 0 1 1 2 2 1 2 1 1 0 1 2 0 2 2 2 2 2 2 2 1 2 2 0 1 2 2 2 0 2 2 2 1 2 2 2 1 2 2 2 1 2 0 0 2 2 2 2 2 2 2 2 0 2 2 0 1 1 1 1 1 1 1 1 1 1 1 1 2 1 2 1 1 1 1 2 2 

 Inviabilidades: 0 
FO: 118949.933361
Tempo total:5.742
######################## FIM ###################

 ######################## 100 ###################

Vetor de solucoes: 
2 1 1 0 1 0 1 0 0 1 1 0 0 1 1 1 1 1 2 0 0 2 0 0 1 1 0 1 0 0 0 2 1 1 1 1 1 1 0 1 1 0 1 1 2 0 1 1 1 1 1 1 2 0 1 1 1 0 1 2 1 2 1 2 1 1 1 1 1 1 1 1 1 1 1 1 2 0 0 0 0 0 0 1 0 0 0 0 0 0 0 1 0 0 0 0 1 1 

 Inviabilidades: 0 
FO: 118926.285316
Tempo total:5.312
######################## FIM ###################

 ######################## 100 ###################

Vetor de solucoes: 
0 0 0 2 0 2 0 1 1 0 0 2 2 0 1 0 0 0 2 1 2 1 2 2 0 0 2 0 2 2 1 2 0 1 0 0 0 0 0 0 0 2 0 0 1 2 0 0 0 1 0 0 0 2 0 0 0 2 0 0 0 2 0 1 1 0 0 0 0 0 0 0 0 1 0 0 1 2 2 2 2 2 2 2 2 2 2 2 2 0 2 0 2 2 2 2 0 0 

 Inviabilidades: 0 
FO: 118949.933361
Tempo total:5.506
######################## FIM ###################

 ######################## 100 ###################

Vetor de solucoes: 
1 0 0 2 0 2 0 2 2 0 0 2 2 0 0 0 0 0 1 2 2 1 2 2 0 0 2 0 2 2 2 1 0 0 0 0 0 0 2 0 0 2 0 0 1 2 0 0 0 0 0 0 1 2 0 0 0 2 0 1 0 1 0 1 0 0 0 0 0 0 0 0 0 0 0 0 1 2 2 2 2 2 2 0 2 2 2 2 2 2 2 0 2 2 2 2 0 0 

 Inviabilidades: 0 
FO: 118926.285316
Tempo total:5.332
######################## FIM ###################

 ######################## 100 ###################

Vetor de solucoes: 
0 0 0 1 0 1 0 1 2 0 0 1 1 0 2 0 0 0 1 2 1 1 1 1 0 0 1 0 1 1 1 2 0 2 0 0 0 0 0 0 0 1 0 0 1 1 0 0 0 0 0 0 0 1 0 0 0 1 0 2 0 1 0 2 0 0 0 0 0 0 0 0 2 0 0 0 1 2 1 1 1 1 2 2 1 1 1 2 1 1 1 0 1 1 1 1 0 0 

 Inviabilidades: 0 
FO: 118828.580274
Tempo total:5.110
######################## FIM ###################

 ######################## 100 ###################

Vetor de solucoes: 
0 1 1 2 1 2 1 2 2 1 1 2 2 1 1 1 1 1 0 2 2 0 2 2 1 1 2 1 2 2 2 0 1 1 1 1 1 1 2 1 1 2 1 1 0 2 1 1 1 1 1 1 0 2 1 1 1 2 1 0 1 0 1 0 1 1 1 1 1 1 1 1 1 1 1 1 0 2 2 2 2 2 2 1 2 2 2 2 2 2 2 1 2 2 2 2 1 1 

 Inviabilidades: 0 
FO: 118926.285316
Tempo total:5.837
######################## FIM ###################

 ######################## 100 ###################

Vetor de solucoes: 
2 2 2 1 2 1 2 1 0 2 2 1 1 2 0 2 2 2 1 0 1 1 1 1 2 2 1 2 1 1 1 0 2 0 2 2 2 2 2 2 2 1 2 2 1 1 2 2 2 2 2 2 2 1 2 2 2 1 2 0 2 1 2 0 2 2 2 2 2 2 2 2 0 2 2 2 1 0 1 1 1 1 0 0 1 1 1 0 1 1 1 2 1 1 1 1 2 2 

 Inviabilidades: 0 
FO: 118828.580274
Tempo total:5.525
######################## FIM ###################

 ######################## 100 ###################

Vetor de solucoes: 
2 1 1 0 1 0 1 0 0 1 1 0 0 1 1 1 1 1 2 0 0 2 0 0 1 1 0 1 0 0 0 2 1 1 1 1 1 1 0 1 1 0 1 1 2 0 1 1 1 1 1 1 2 0 1 1 1 0 1 2 1 2 1 2 1 1 1 1 1 1 1 1 1 1 1 1 2 0 0 0 0 0 0 1 0 0 0 0 0 0 0 1 0 0 0 0 1 1 

 Inviabilidades: 0 
FO: 118926.285316
Tempo total:5.365
######################## FIM ###################

 ######################## 100 ###################

Vetor de solucoes: 
0 2 2 1 2 1 2 1 1 2 2 1 1 2 2 2 2 2 0 1 1 0 1 1 2 2 1 2 1 1 1 0 2 2 2 2 2 2 1 2 2 1 2 2 0 1 2 2 2 2 2 2 0 1 2 2 2 1 2 0 2 0 2 0 2 2 2 2 2 2 2 2 2 2 2 2 0 1 1 1 1 1 1 2 1 1 1 1 1 1 1 2 1 1 1 1 2 2 

 Inviabilidades: 0 
FO: 118926.285316
Tempo total:5.629
######################## FIM ###################

 ######################## 100 ###################

Vetor de solucoes: 
2 0 0 1 0 1 0 1 1 0 0 1 1 0 0 0 0 0 2 1 1 2 1 1 0 0 1 0 1 1 1 2 0 0 0 0 0 0 1 0 0 1 0 0 2 1 0 0 0 0 0 0 2 1 0 0 0 1 0 2 0 2 0 2 0 0 0 0 0 0 0 0 0 0 0 0 2 1 1 1 1 1 1 0 1 1 1 1 1 1 1 0 1 1 1 1 0 0 

 Inviabilidades: 0 
FO: 118926.285316
Tempo total:5.250
######################## FIM ###################

 ######################## 100 ###################

Vetor de solucoes: 
0 1 1 2 1 2 1 2 2 1 1 2 2 1 1 1 1 1 0 2 2 0 2 2 1 1 2 1 2 2 2 0 1 1 1 1 1 1 2 1 1 2 1 1 0 2 1 1 1 1 1 1 0 2 1 1 1 2 1 0 1 0 1 0 1 1 1 1 1 1 1 1 1 1 1 1 0 2 2 2 2 2 2 1 2 2 2 2 2 2 2 1 2 2 2 2 1 1 

 Inviabilidades: 0 
FO: 118926.285316
Tempo total:5.745
######################## FIM ###################

 ######################## 100 ###################

Vetor de solucoes: 
0 0 0 2 0 2 0 1 1 0 0 2 2 0 1 0 0 0 2 1 2 1 2 2 0 0 2 0 2 2 1 2 0 1 0 0 0 0 0 0 0 2 0 0 1 2 0 0 0 1 0 0 0 2 0 0 0 2 0 0 0 2 0 1 1 0 0 0 0 0 0 0 0 1 0 0 1 2 2 2 2 2 2 2 2 2 2 2 2 0 2 0 2 2 2 2 0 0 

 Inviabilidades: 0 
FO: 118949.933361
Tempo total:5.426
######################## FIM ###################

 ######################## 100 ###################

Vetor de solucoes: 
2 0 0 1 0 1 0 1 1 0 0 1 1 0 0 0 0 0 2 1 1 2 1 1 0 0 1 0 1 1 1 2 0 0 0 0 0 0 1 0 0 1 0 0 2 1 0 0 0 0 0 0 2 1 0 0 0 1 0 2 0 2 0 2 0 0 0 0 0 0 0 0 0 0 0 0 2 1 1 1 1 1 1 0 1 1 1 1 1 1 1 0 1 1 1 1 0 0 

 Inviabilidades: 0 
FO: 118926.285316
Tempo total:5.184
######################## FIM ###################

 ######################## 100 ###################

Vetor de solucoes: 
0 2 2 1 2 1 2 1 1 2 2 1 1 2 2 2 2 2 0 1 1 0 1 1 2 2 1 2 1 1 1 0 2 2 2 2 2 2 1 2 2 1 2 2 0 1 2 2 2 2 2 2 0 1 2 2 2 1 2 0 2 0 2 0 2 2 2 2 2 2 2 2 2 2 2 2 0 1 1 1 1 1 1 2 1 1 1 1 1 1 1 2 1 1 1 1 2 2 

 Inviabilidades: 0 
FO: 118926.285316
Tempo total:5.790
######################## FIM ###################

 ######################## 100 ###################

Vetor de solucoes: 
0 1 1 2 1 2 1 0 2 1 1 2 2 1 1 1 1 1 0 2 2 0 2 2 1 1 1 1 2 2 2 0 1 1 1 1 1 1 2 1 1 2 1 1 0 2 1 1 1 1 1 1 0 2 1 1 1 2 1 0 1 0 1 0 1 1 1 1 1 1 1 1 0 1 1 1 0 2 2 2 2 2 2 1 2 2 2 2 2 2 2 1 2 2 2 2 1 1 

 Inviabilidades: 0 
FO: 118948.083512
Tempo total:5.431
######################## FIM ###################

 ######################## 100 ###################

Vetor de solucoes: 
2 2 2 0 2 0 2 0 1 2 2 0 0 2 1 2 2 2 0 1 0 0 0 0 2 2 0 2 0 0 0 1 2 1 2 2 2 2 2 2 2 0 2 2 0 0 2 2 2 2 2 2 2 0 2 2 2 0 2 1 2 0 2 1 2 2 2 2 2 2 2 2 1 2 2 2 0 1 0 0 0 0 1 1 0 0 0 1 0 0 0 2 0 0 0 0 2 2 

 Inviabilidades: 0 
FO: 118828.580274
Tempo total:5.427
######################## FIM ###################

 ######################## 100 ###################

Vetor de solucoes: 
0 2 2 1 2 1 2 1 1 2 2 1 1 2 2 2 2 2 0 1 1 0 1 1 2 2 1 2 1 1 1 0 2 2 2 2 2 2 1 2 2 1 2 2 0 1 2 2 2 2 2 2 0 1 2 2 2 1 2 0 2 0 2 0 2 2 2 2 2 2 2 2 2 2 2 2 0 1 1 1 1 1 1 2 1 1 1 1 1 1 1 2 1 1 1 1 2 2 

 Inviabilidades: 0 
FO: 118926.285316
Tempo total:5.654
######################## FIM ###################

 ######################## 100 ###################

Vetor de solucoes: 
2 0 0 1 0 1 0 1 1 0 0 1 1 0 0 0 0 0 2 1 1 2 1 1 0 0 1 0 1 1 1 2 0 0 0 0 0 0 1 0 0 1 0 0 2 1 0 0 0 0 0 0 2 1 0 0 0 1 0 2 0 2 0 2 0 0 0 0 0 0 0 0 0 0 0 0 2 1 1 1 1 1 1 0 1 1 1 1 1 1 1 0 1 1 1 1 0 0 

 Inviabilidades: 0 
FO: 118926.285316
Tempo total:5.203
######################## FIM ###################

 ######################## 100 ###################

Vetor de solucoes: 
1 1 1 0 1 0 1 2 2 1 1 0 0 1 2 1 1 1 0 2 0 2 0 0 1 1 0 1 0 0 2 0 1 2 1 1 1 1 1 1 1 0 1 1 2 0 1 1 1 2 1 1 1 0 1 1 1 0 1 1 1 0 1 2 2 1 1 1 1 1 1 1 1 2 1 1 2 0 0 0 0 0 0 0 0 0 0 0 0 1 0 1 0 0 0 0 1 1 

 Inviabilidades: 0 
FO: 118949.933361
Tempo total:5.318
######################## FIM ###################

 ######################## 100 ###################

Vetor de solucoes: 
0 0 0 2 0 2 0 1 1 0 0 2 2 0 1 0 0 0 2 1 2 1 2 2 0 0 2 0 2 2 1 2 0 1 0 0 0 0 0 0 0 2 0 0 1 2 0 0 0 1 0 0 0 2 0 0 0 2 0 0 0 2 0 1 1 0 0 0 0 0 0 0 0 1 0 0 1 2 2 2 2 2 2 2 2 2 2 2 2 0 2 0 2 2 2 2 0 0 

 Inviabilidades: 0 
FO: 118949.933361
Tempo total:5.431
######################## FIM ###################

 ######################## 100 ###################

Vetor de solucoes: 
2 1 1 0 1 0 1 0 0 1 1 0 0 1 1 1 1 1 2 0 0 2 0 0 1 1 0 1 0 0 0 2 1 1 1 1 1 1 0 1 1 0 1 1 2 0 1 1 1 1 1 1 2 0 1 1 1 0 1 2 1 2 1 2 1 1 1 1 1 1 1 1 1 1 1 1 2 0 0 0 0 0 0 1 0 0 0 0 0 0 0 1 0 0 0 0 1 1 

 Inviabilidades: 0 
FO: 118926.285316
Tempo total:5.493
######################## FIM ###################

 ######################## 100 ###################

Vetor de solucoes: 
1 0 0 2 0 2 0 2 2 0 0 2 2 0 0 0 0 0 1 2 2 1 2 2 0 0 2 0 2 2 2 1 0 0 0 0 0 0 2 0 0 2 0 0 1 2 0 0 0 0 0 0 1 2 0 0 0 2 0 1 0 1 0 1 0 0 0 0 0 0 0 0 0 0 0 0 1 2 2 2 2 2 2 0 2 2 2 2 2 2 2 0 2 2 2 2 0 0 

 Inviabilidades: 0 
FO: 118926.285316
Tempo total:5.369
######################## FIM ###################

 ######################## 100 ###################

Vetor de solucoes: 
0 0 0 1 0 1 0 2 2 0 0 1 1 0 2 0 0 0 1 2 1 2 1 1 0 0 1 0 1 1 2 1 0 2 0 0 0 0 0 0 0 1 0 0 2 1 0 0 0 2 0 0 0 1 0 0 0 1 0 0 0 1 0 2 2 0 0 0 0 0 0 0 0 2 0 0 2 1 1 1 1 1 1 1 1 1 1 1 1 0 1 0 1 1 1 1 0 0 

 Inviabilidades: 0 
FO: 118949.933361
Tempo total:5.095
######################## FIM ###################

 ######################## 100 ###################

Vetor de solucoes: 
1 0 0 2 0 2 0 2 2 0 0 2 2 0 0 0 0 0 1 2 2 1 2 2 0 0 2 0 2 2 2 1 0 0 0 0 0 0 2 0 0 2 0 0 1 2 0 0 0 0 0 0 1 2 0 0 0 2 0 1 0 1 0 1 0 0 0 0 0 0 0 0 0 0 0 0 1 2 2 2 2 2 2 0 2 2 2 2 2 2 2 0 2 2 2 2 0 0 

 Inviabilidades: 0 
FO: 118926.285316
Tempo total:6.031
######################## FIM ###################

 ######################## 100 ###################

Vetor de solucoes: 
1 1 1 2 1 2 1 2 0 1 1 2 2 1 0 1 1 1 2 0 2 2 2 2 1 1 2 1 2 2 2 0 1 0 1 1 1 1 1 1 1 2 1 1 2 2 1 1 1 1 1 1 1 2 1 1 1 2 1 0 1 2 1 0 1 1 1 1 1 1 1 1 0 1 1 1 2 0 2 2 2 2 0 0 2 2 2 0 2 2 2 1 2 2 2 2 1 1 

 Inviabilidades: 0 
FO: 118828.580274
Tempo total:5.470
######################## FIM ###################

 ######################## 100 ###################

Vetor de solucoes: 
2 2 2 1 2 1 2 1 0 2 2 1 1 2 0 2 2 2 1 0 1 1 1 1 2 2 1 2 1 1 1 0 2 0 2 2 2 2 2 2 2 1 2 2 1 1 2 2 2 2 2 2 2 1 2 2 2 1 2 0 2 1 2 0 2 2 2 2 2 2 2 2 0 2 2 2 1 0 1 1 1 1 0 0 1 1 1 0 1 1 1 2 1 1 1 1 2 2 

 Inviabilidades: 0 
FO: 118828.580274
Tempo total:6.201
######################## FIM ###################

 ######################## 100 ###################

Vetor de solucoes: 
1 1 1 2 1 2 1 2 0 1 1 2 2 1 0 1 1 1 2 0 2 2 2 2 1 1 2 1 2 2 2 0 1 0 1 1 1 1 1 1 1 2 1 1 2 2 1 1 1 1 1 1 1 2 1 1 1 2 1 0 1 2 1 0 1 1 1 1 1 1 1 1 0 1 1 1 2 0 2 2 2 2 0 0 2 2 2 0 2 2 2 1 2 2 2 2 1 1 

 Inviabilidades: 0 
FO: 118828.580274
Tempo total:6.124
######################## FIM ###################

 ######################## 100 ###################

Vetor de solucoes: 
1 2 2 0 2 0 2 0 0 2 2 0 0 2 2 2 2 2 1 0 0 1 0 0 2 2 0 2 0 0 0 1 2 2 2 2 2 2 0 2 2 0 2 2 1 0 2 2 2 2 2 2 1 0 2 2 2 0 2 1 2 1 2 1 2 2 2 2 2 2 2 2 2 2 2 2 1 0 0 0 0 0 0 2 0 0 0 0 0 0 0 2 0 0 0 0 2 2 

 Inviabilidades: 0 
FO: 118926.285316
Tempo total:5.777
######################## FIM ###################

 ######################## 100 ###################

Vetor de solucoes: 
2 0 0 1 0 1 0 1 1 0 0 1 1 0 0 0 0 0 2 1 1 2 1 1 0 0 1 0 1 1 1 2 0 0 0 0 0 0 1 0 0 1 0 0 2 1 0 0 0 0 0 0 2 1 0 0 0 1 0 2 0 2 0 2 0 0 0 0 0 0 0 0 0 0 0 0 2 1 1 1 1 1 1 0 1 1 1 1 1 1 1 0 1 1 1 1 0 0 

 Inviabilidades: 0 
FO: 118926.285316
Tempo total:5.256
######################## FIM ###################

 ######################## 100 ###################

Vetor de solucoes: 
2 1 1 0 1 0 1 0 0 1 1 0 0 1 1 1 1 1 2 0 0 2 0 0 1 1 0 1 0 0 0 2 1 1 1 1 1 1 0 1 1 0 1 1 2 0 1 1 1 1 1 1 2 0 1 1 1 0 1 2 1 2 1 2 1 1 1 1 1 1 1 1 1 1 1 1 2 0 0 0 0 0 0 1 0 0 0 0 0 0 0 1 0 0 0 0 1 1 

 Inviabilidades: 0 
FO: 118926.285316
Tempo total:5.343
######################## FIM ###################

 ######################## 100 ###################

Vetor de solucoes: 
0 2 2 1 2 1 2 1 1 2 2 1 1 2 2 2 2 2 0 1 1 0 1 1 2 2 1 2 1 1 1 0 2 2 2 2 2 2 1 2 2 1 2 2 0 1 2 2 2 2 2 2 0 1 2 2 2 1 2 0 2 0 2 0 2 2 2 2 2 2 2 2 2 2 2 2 0 1 1 1 1 1 1 2 1 1 1 1 1 1 1 2 1 1 1 1 2 2 

 Inviabilidades: 0 
FO: 118926.285316
Tempo total:5.743
######################## FIM ###################

 ######################## 100 ###################

Vetor de solucoes: 
1 0 0 2 0 2 0 2 2 0 0 2 2 0 0 0 0 0 1 2 2 1 2 2 0 0 2 0 2 2 2 1 0 0 0 0 0 0 2 0 0 2 0 0 1 2 0 0 0 0 0 0 1 2 0 0 0 2 0 1 0 1 0 1 0 0 0 0 0 0 0 0 0 0 0 0 1 2 2 2 2 2 2 0 2 2 2 2 2 2 2 0 2 2 2 2 0 0 

 Inviabilidades: 0 
FO: 118926.285316
Tempo total:5.349
######################## FIM ###################

 ######################## 100 ###################

Vetor de solucoes: 
1 0 0 2 0 2 0 2 2 0 0 2 2 0 0 0 0 0 1 2 2 1 2 2 0 0 2 0 2 2 2 1 0 0 0 0 0 0 2 0 0 2 0 0 1 2 0 0 0 0 0 0 1 2 0 0 0 2 0 1 0 1 0 1 0 0 0 0 0 0 0 0 0 0 0 0 1 2 2 2 2 2 2 0 2 2 2 2 2 2 2 0 2 2 2 2 0 0 

 Inviabilidades: 0 
FO: 118926.285316
Tempo total:5.490
######################## FIM ###################

 ######################## 100 ###################

Vetor de solucoes: 
1 0 0 2 0 2 0 2 2 0 0 2 2 0 0 0 0 0 1 2 2 1 2 2 0 0 2 0 2 2 2 1 0 0 0 0 0 0 2 0 0 2 0 0 1 2 0 0 0 0 0 0 1 2 0 0 0 2 0 1 0 1 0 1 0 0 0 0 0 0 0 0 0 0 0 0 1 2 2 2 2 2 2 0 2 2 2 2 2 2 2 0 2 2 2 2 0 0 

 Inviabilidades: 0 
FO: 118926.285316
Tempo total:5.492
######################## FIM ###################

 ######################## 100 ###################

Vetor de solucoes: 
0 2 2 1 2 1 2 1 1 2 2 1 1 2 2 2 2 2 0 1 1 0 1 1 2 2 1 2 1 1 1 0 2 2 2 2 2 2 1 2 2 1 2 2 0 1 2 2 2 2 2 2 0 1 2 2 2 1 2 0 2 0 2 0 2 2 2 2 2 2 2 2 2 2 2 2 0 1 1 1 1 1 1 2 1 1 1 1 1 1 1 2 1 1 1 1 2 2 

 Inviabilidades: 0 
FO: 118926.285316
Tempo total:5.748
######################## FIM ###################
