
 ######################## 450 ###################

Vetor de solucoes: 
1 1 1 2 1 2 0 1 1 0 1 1 2 0 1 0 0 1 1 0 2 2 2 2 0 1 1 2 0 1 0 0 1 0 1 1 1 1 1 1 1 2 1 1 1 0 1 1 1 1 1 1 1 1 0 0 0 1 0 1 1 0 0 1 0 0 0 0 0 0 2 2 2 2 0 0 2 1 0 0 0 0 0 0 0 0 0 0 0 0 0 0 0 0 0 0 0 0 0 0 2 0 0 0 0 0 0 0 0 0 0 0 0 0 0 0 2 0 0 0 0 0 2 2 2 2 0 0 0 2 2 0 0 0 0 0 2 2 0 0 0 2 2 2 2 2 2 2 2 2 2 0 0 0 0 2 2 0 2 2 1 2 2 0 2 0 1 1 2 1 2 2 2 2 2 2 2 0 0 1 

 Inviabilidades: 0 
FO: 70210.312859
Tempo total:24.568
######################## FIM ###################

 ######################## 450 ###################

Vetor de solucoes: 
1 1 1 0 1 0 2 1 1 2 1 1 0 2 1 2 2 1 1 2 0 0 0 0 2 1 1 0 2 1 2 2 1 2 1 1 1 1 1 1 1 0 1 1 1 2 1 1 1 1 1 1 1 1 2 2 2 1 2 1 1 2 2 1 2 2 2 2 2 2 0 0 0 0 2 2 0 1 2 2 2 2 2 2 2 2 2 2 2 2 2 2 2 2 2 2 2 2 2 2 0 2 2 2 2 2 2 2 2 2 2 2 2 2 2 2 0 2 2 2 2 2 0 0 0 0 2 2 2 0 0 2 2 2 2 2 0 0 2 2 2 0 0 0 0 0 0 0 0 0 0 2 2 2 2 0 0 2 0 0 1 0 0 2 0 2 1 1 0 1 0 0 0 0 0 0 0 2 2 1 

 Inviabilidades: 0 
FO: 70210.312859
Tempo total:24.632
######################## FIM ###################

 ######################## 450 ###################

Vetor de solucoes: 
2 2 2 1 2 1 0 2 2 0 2 2 1 0 2 0 0 2 2 0 1 1 1 1 0 2 2 1 0 2 0 0 2 0 2 2 2 2 2 2 2 1 2 2 2 0 2 2 2 2 2 2 2 2 0 0 0 2 0 2 2 0 0 2 0 0 0 0 0 0 1 1 1 1 0 0 1 2 0 0 0 0 0 0 0 0 0 0 0 0 0 0 0 0 0 0 0 0 0 0 1 0 0 0 0 0 0 0 0 0 0 0 0 0 0 0 1 0 0 0 0 0 1 1 1 1 0 0 0 1 1 0 0 0 0 0 1 1 0 0 0 1 1 1 1 1 1 1 1 1 1 0 0 0 0 1 1 0 1 1 2 1 1 0 1 0 2 2 1 2 1 1 1 1 1 1 1 0 0 2 

 Inviabilidades: 0 
FO: 70210.312859
Tempo total:23.522
######################## FIM ###################

 ######################## 450 ###################

Vetor de solucoes: 
1 1 1 2 1 2 0 1 1 0 1 1 2 0 1 0 0 1 1 0 2 2 2 2 0 1 1 2 0 1 0 0 1 0 1 1 1 1 1 1 1 2 1 1 1 0 1 1 1 1 1 1 1 1 0 0 0 1 0 1 1 0 0 1 0 0 0 0 0 0 2 2 2 2 0 0 2 1 0 0 0 0 0 0 0 0 0 0 0 0 0 0 0 0 0 0 0 0 0 0 2 0 0 0 0 0 0 0 0 0 0 0 0 0 0 0 2 0 0 0 0 0 2 2 2 2 0 0 0 2 2 0 0 0 0 0 2 2 0 0 0 2 2 2 2 2 2 2 2 2 2 0 0 0 0 2 2 0 2 2 1 2 2 0 2 0 1 1 2 1 2 2 2 2 2 2 2 0 0 1 

 Inviabilidades: 0 
FO: 70210.312859
Tempo total:23.898
######################## FIM ###################

 ######################## 450 ###################

Vetor de solucoes: 
2 2 2 1 2 1 0 2 2 0 2 2 1 0 2 0 0 2 2 0 1 1 1 1 0 2 2 1 0 2 0 0 2 0 2 2 2 2 2 2 2 1 2 2 2 0 2 2 2 2 2 2 2 2 0 0 0 2 0 2 2 0 0 2 0 0 0 0 0 0 1 1 1 1 0 0 1 2 0 0 0 0 0 0 0 0 0 0 0 0 0 0 0 0 0 0 0 0 0 0 1 0 0 0 0 0 0 0 0 0 0 0 0 0 0 0 1 0 0 0 0 0 1 1 1 1 0 0 0 1 1 0 0 0 0 0 1 1 0 0 0 1 1 1 1 1 1 1 1 1 1 0 0 0 0 1 1 0 1 1 2 1 1 0 1 0 2 2 1 2 1 1 1 1 1 1 1 0 0 2 

 Inviabilidades: 0 
FO: 70210.312859
Tempo total:24.234
######################## FIM ###################

 ######################## 450 ###################

Vetor de solucoes: 
2 2 2 1 2 1 0 2 2 0 2 2 1 0 2 0 0 2 2 0 1 1 1 1 0 2 2 1 0 2 0 0 2 0 2 2 2 2 2 2 2 1 2 2 2 0 2 2 2 2 2 2 2 2 0 0 0 2 0 2 2 0 0 2 0 0 0 0 0 0 1 1 1 1 0 0 1 2 0 0 0 0 0 0 0 0 0 0 0 0 0 0 0 0 0 0 0 0 0 0 1 0 0 0 0 0 0 0 0 0 0 0 0 0 0 0 1 0 0 0 0 0 1 1 1 1 0 0 0 1 1 0 0 0 0 0 1 1 0 0 0 1 1 1 1 1 1 1 1 1 1 0 0 0 0 1 1 0 1 1 2 1 1 0 1 0 2 2 1 2 1 1 1 1 1 1 1 0 0 2 

 Inviabilidades: 0 
FO: 70210.312859
Tempo total:24.699
######################## FIM ###################

 ######################## 450 ###################

Vetor de solucoes: 
1 1 1 0 1 0 2 1 1 2 1 1 0 2 1 2 2 1 1 2 0 0 0 0 0 1 1 0 2 1 2 2 1 2 1 1 1 1 1 1 1 0 1 1 1 2 1 1 1 1 1 1 1 1 2 2 2 1 2 1 1 2 2 1 2 2 2 2 2 2 0 0 0 0 2 2 0 1 2 2 2 2 2 2 2 2 2 2 2 2 2 2 2 2 2 2 2 2 2 2 0 2 2 2 2 2 2 2 2 2 2 2 2 2 2 2 0 2 2 2 2 2 0 0 0 0 2 2 2 0 0 2 2 2 2 2 0 0 2 2 2 0 0 0 0 0 0 0 0 0 0 2 2 2 2 0 0 2 0 0 1 0 0 2 0 2 1 1 0 1 0 0 0 0 0 0 0 2 2 1 

 Inviabilidades: 0 
FO: 70191.266238
Tempo total:24.672
######################## FIM ###################

 ######################## 450 ###################

Vetor de solucoes: 
1 1 1 0 1 0 2 0 1 2 1 1 0 2 1 2 2 1 1 2 0 0 0 0 0 1 1 0 2 1 2 2 0 2 1 1 1 1 1 1 1 0 1 1 1 2 1 1 1 1 1 1 1 1 2 2 2 1 2 1 1 2 2 1 2 2 2 2 2 2 0 0 0 0 2 2 0 1 2 2 2 2 2 2 2 2 2 2 2 2 2 2 2 2 2 2 2 2 2 2 0 2 2 2 2 2 2 2 2 2 2 2 2 2 2 2 0 2 2 2 2 2 0 0 0 0 2 2 2 0 0 2 2 2 2 2 0 0 2 2 2 0 0 0 0 0 0 0 0 0 0 2 2 2 2 0 0 2 0 0 1 0 0 2 0 2 1 1 0 1 0 0 0 0 0 0 1 2 2 1 

 Inviabilidades: 0 
FO: 70450.493687
Tempo total:24.116
######################## FIM ###################

 ######################## 450 ###################

Vetor de solucoes: 
1 1 1 2 1 2 0 1 1 0 1 1 2 0 1 0 0 1 1 0 2 2 2 2 0 1 1 2 0 1 0 0 1 0 1 1 1 1 1 1 1 2 1 1 1 0 1 1 1 1 1 1 1 1 0 0 0 1 0 1 1 0 0 1 0 0 0 0 0 0 2 2 2 2 0 0 2 1 0 0 0 0 0 0 0 0 0 0 0 0 0 0 0 0 0 0 0 0 0 0 2 0 0 0 0 0 0 0 0 0 0 0 0 0 0 0 2 0 0 0 0 0 2 2 2 2 0 0 0 2 2 0 0 0 0 0 2 2 0 0 0 2 2 2 2 2 2 2 2 2 2 0 0 0 0 2 2 0 2 2 1 2 2 0 2 0 1 1 2 1 2 2 2 2 2 2 2 0 0 1 

 Inviabilidades: 0 
FO: 70210.312859
Tempo total:23.788
######################## FIM ###################

 ######################## 450 ###################

Vetor de solucoes: 
1 1 1 2 1 2 0 1 1 0 1 1 2 0 1 0 0 1 1 0 2 2 2 2 0 1 1 2 0 1 0 0 1 0 1 1 1 1 1 1 1 2 1 1 1 0 1 1 1 1 1 1 1 1 0 0 0 1 0 1 1 0 0 1 0 0 0 0 0 0 2 2 2 2 0 0 2 1 0 0 0 0 0 0 0 0 0 0 0 0 0 0 0 0 0 0 0 0 0 0 2 0 0 0 0 0 0 0 0 0 0 0 0 0 0 0 2 0 0 0 0 0 2 2 2 2 0 0 0 2 2 0 0 0 0 0 2 2 0 0 0 2 2 2 2 2 2 2 2 2 2 0 0 0 0 2 2 0 2 2 1 2 2 0 2 0 1 1 2 1 2 2 2 2 2 2 2 0 0 1 

 Inviabilidades: 0 
FO: 70210.312859
Tempo total:24.656
######################## FIM ###################

 ######################## 450 ###################

Vetor de solucoes: 
2 2 2 0 2 0 1 2 2 1 2 2 0 1 2 1 1 2 2 1 0 0 0 0 0 2 2 0 1 2 1 1 2 1 2 2 2 2 2 2 2 0 2 2 2 1 2 2 2 2 2 2 2 2 1 1 1 2 1 2 2 1 1 2 1 1 1 1 1 1 0 0 0 0 1 1 0 2 1 1 1 1 1 1 1 1 1 1 1 1 1 1 1 1 1 1 1 1 1 1 0 1 1 1 1 1 1 1 1 1 1 1 1 1 1 1 0 1 1 1 1 1 0 0 0 0 1 1 1 0 0 1 1 1 1 1 0 0 1 1 1 0 0 0 0 0 0 0 0 0 0 1 1 1 1 0 0 1 0 0 2 0 0 1 0 1 2 2 0 2 0 0 0 0 0 0 0 1 1 2 

 Inviabilidades: 0 
FO: 70191.266238
Tempo total:23.417
######################## FIM ###################

 ######################## 450 ###################

Vetor de solucoes: 
2 2 2 1 2 1 0 2 2 0 2 2 1 0 2 0 0 2 2 0 1 1 1 1 1 2 2 1 0 2 0 0 2 0 2 2 2 2 2 2 2 1 2 2 2 0 2 2 2 2 2 2 2 2 0 0 0 2 0 2 2 0 0 2 0 0 0 0 0 0 1 1 1 1 0 0 1 2 0 0 0 0 0 0 0 0 0 0 0 0 0 0 0 0 0 0 0 0 0 0 1 0 0 0 0 0 0 0 0 0 0 0 0 0 0 0 1 0 0 0 0 0 1 1 1 1 0 0 0 1 1 0 0 0 0 0 1 1 0 0 0 1 1 1 1 1 1 1 1 1 1 0 0 0 0 1 1 0 1 1 2 1 1 0 1 0 2 2 1 2 1 1 1 1 1 1 1 0 0 2 

 Inviabilidades: 0 
FO: 70191.266238
Tempo total:24.968
######################## FIM ###################

 ######################## 450 ###################

Vetor de solucoes: 
1 1 1 2 1 2 0 1 1 0 1 1 2 0 1 0 0 1 1 0 2 2 2 2 0 1 1 2 0 1 0 0 1 0 1 1 1 1 1 1 1 2 1 1 1 0 1 1 1 1 1 1 1 1 0 0 0 1 0 1 1 0 0 1 0 0 0 0 0 0 2 2 2 2 0 0 2 1 0 0 0 0 0 0 0 0 0 0 0 0 0 0 0 0 0 0 0 0 0 0 2 0 0 0 0 0 0 0 0 0 0 0 0 0 0 0 2 0 0 0 0 0 2 2 2 2 0 0 0 2 2 0 0 0 0 0 2 2 0 0 0 2 2 2 2 2 2 2 2 2 2 0 0 0 0 2 2 0 2 2 1 2 2 0 2 0 1 1 2 1 2 2 2 2 2 2 2 0 0 1 

 Inviabilidades: 0 
FO: 70210.312859
Tempo total:25.370
######################## FIM ###################

 ######################## 450 ###################

Vetor de solucoes: 
0 0 0 1 0 1 2 0 0 2 1 0 1 2 0 2 2 0 0 2 1 1 1 1 1 0 0 1 2 0 2 2 0 2 0 0 0 0 0 0 0 1 0 0 0 2 0 0 0 0 0 0 0 0 2 2 2 0 2 0 0 2 2 0 2 2 2 2 2 2 1 1 1 1 2 2 1 0 2 2 2 2 2 2 2 2 2 2 2 2 2 2 2 2 2 2 2 2 2 2 1 2 2 2 2 2 2 2 2 2 2 2 2 2 2 2 1 2 2 2 2 2 1 1 1 1 2 2 2 1 1 2 2 2 2 2 1 1 2 2 2 1 1 1 1 1 1 1 1 1 1 2 2 2 2 1 1 2 1 1 0 1 1 2 1 2 0 0 1 0 1 1 1 1 1 1 1 2 2 0 

 Inviabilidades: 0 
FO: 70237.147364
Tempo total:24.435
######################## FIM ###################

 ######################## 450 ###################

Vetor de solucoes: 
1 1 1 0 1 0 2 1 1 2 1 1 0 2 1 2 2 1 1 2 0 0 0 0 2 1 1 0 2 1 2 2 1 2 1 1 1 1 1 1 1 0 1 1 1 2 1 1 1 1 1 1 1 1 2 2 2 1 2 1 1 2 2 1 2 2 2 2 2 2 0 0 0 0 2 2 0 1 2 2 2 2 2 2 2 2 2 2 2 2 2 2 2 2 2 2 2 2 2 2 0 2 2 2 2 2 2 2 2 2 2 2 2 2 2 2 0 2 2 2 2 2 0 0 0 0 2 2 2 0 0 2 2 2 2 2 0 0 2 2 2 0 0 0 0 0 0 0 0 0 0 2 2 2 2 0 0 2 0 0 1 0 0 2 0 2 1 1 0 1 0 0 0 0 0 0 0 2 2 1 

 Inviabilidades: 0 
FO: 70210.312859
Tempo total:25.705
######################## FIM ###################

 ######################## 450 ###################

Vetor de solucoes: 
2 2 2 0 2 0 1 2 2 1 2 2 0 1 2 1 1 2 2 1 0 0 0 0 0 2 2 0 1 2 1 1 2 1 2 2 2 2 2 2 2 0 2 2 2 1 2 2 2 2 2 2 2 2 1 1 1 2 1 2 2 1 1 2 1 1 1 1 1 1 0 0 0 0 1 1 0 2 1 1 1 1 1 1 1 1 1 1 1 1 1 1 1 1 1 1 1 1 1 1 0 1 1 1 1 1 1 1 1 1 1 1 1 1 1 1 0 1 1 1 1 1 0 0 0 0 1 1 1 0 0 1 1 1 1 1 0 0 1 1 1 0 0 0 0 0 0 0 0 0 0 1 1 1 1 0 0 1 0 0 2 0 0 1 0 1 2 2 0 2 0 0 0 0 0 0 0 1 1 2 

 Inviabilidades: 0 
FO: 70191.266238
Tempo total:24.222
######################## FIM ###################

 ######################## 450 ###################

Vetor de solucoes: 
1 1 1 0 1 0 2 1 1 2 1 1 0 2 1 2 2 1 1 2 0 0 0 0 0 1 1 0 2 1 2 2 1 2 1 1 1 1 1 1 1 0 1 1 1 2 1 1 1 1 1 1 1 1 2 2 2 1 2 1 1 2 2 1 2 2 2 2 2 2 0 0 0 0 2 2 0 1 2 2 2 2 2 2 2 2 2 2 2 2 2 2 2 2 2 2 2 2 2 2 0 2 2 2 2 2 2 2 2 2 2 2 2 2 2 2 0 2 2 2 2 2 0 0 0 0 2 2 2 0 0 2 2 2 2 2 0 0 2 2 2 0 0 0 0 0 0 0 0 0 0 2 2 2 2 0 0 2 0 0 1 0 0 2 0 2 1 1 0 1 0 0 0 0 0 0 0 2 2 1 

 Inviabilidades: 0 
FO: 70191.266238
Tempo total:24.091
######################## FIM ###################

 ######################## 450 ###################

Vetor de solucoes: 
1 1 1 2 1 2 0 1 1 0 1 1 2 0 1 0 0 1 1 0 2 2 2 2 0 1 1 2 0 1 0 0 1 0 1 1 1 1 1 1 1 2 1 1 1 0 1 1 1 1 1 1 1 1 0 0 0 1 0 1 1 0 0 1 0 0 0 0 0 0 2 2 2 2 0 0 2 1 0 0 0 0 0 0 0 0 0 0 0 0 0 0 0 0 0 0 0 0 0 0 2 0 0 0 0 0 0 0 0 0 0 0 0 0 0 0 2 0 0 0 0 0 2 2 2 2 0 0 0 2 2 0 0 0 0 0 2 2 0 0 0 2 2 2 2 2 2 2 2 2 2 0 0 0 0 2 2 0 2 2 1 2 2 0 2 0 1 1 2 1 2 2 2 2 2 2 2 0 0 1 

 Inviabilidades: 0 
FO: 70210.312859
Tempo total:23.866
######################## FIM ###################

 ######################## 450 ###################

Vetor de solucoes: 
1 1 1 2 1 2 0 1 1 0 2 1 2 0 1 0 0 1 1 0 2 2 2 2 2 1 1 2 0 1 0 0 1 0 1 1 1 1 1 1 1 2 1 1 1 0 1 1 1 1 1 1 1 1 0 0 0 1 0 1 1 0 0 1 0 0 0 0 0 0 2 2 2 2 0 0 2 1 0 0 0 0 0 0 0 0 0 0 0 0 0 0 0 0 0 0 0 0 0 0 2 0 0 0 0 0 0 0 0 0 0 0 0 0 0 0 2 0 0 0 0 0 2 2 2 2 0 0 0 2 2 0 0 0 0 0 2 2 0 0 0 2 2 2 2 2 2 2 2 2 2 0 0 0 0 2 2 0 2 2 1 2 2 0 2 0 1 1 2 1 2 2 2 2 2 2 2 0 0 1 

 Inviabilidades: 0 
FO: 70237.147364
Tempo total:24.052
######################## FIM ###################

 ######################## 450 ###################

Vetor de solucoes: 
0 0 0 1 0 1 2 1 0 2 0 0 1 2 0 2 2 0 0 2 1 1 1 1 1 0 0 1 2 0 2 2 1 2 0 0 0 0 0 0 0 1 0 0 0 2 0 0 0 0 0 0 0 0 2 2 2 0 2 0 0 2 2 0 2 2 2 2 2 2 1 1 1 1 2 2 1 0 2 2 2 2 2 2 2 2 2 2 2 2 2 2 2 2 2 2 2 2 2 2 1 2 2 2 2 2 2 2 2 2 2 2 2 2 2 2 1 2 2 2 2 2 1 1 1 1 2 2 2 1 1 2 2 2 2 2 1 1 2 2 2 1 1 1 1 1 1 1 1 1 1 2 2 2 2 1 1 2 1 1 0 1 1 2 1 2 0 0 1 0 1 1 1 1 1 1 0 2 2 0 

 Inviabilidades: 0 
FO: 70450.493687
Tempo total:24.197
######################## FIM ###################

 ######################## 450 ###################

Vetor de solucoes: 
0 0 0 1 0 1 2 0 0 2 0 0 1 2 0 2 2 0 0 2 1 1 1 1 1 0 0 1 2 0 2 2 0 2 0 0 0 0 0 0 0 1 0 0 0 2 0 0 0 0 0 0 0 0 2 2 2 0 2 0 0 2 2 0 2 2 2 2 2 2 1 1 1 1 2 2 1 0 2 2 2 2 2 2 2 2 2 2 2 2 2 2 2 2 2 2 2 2 2 2 1 2 2 2 2 2 2 2 2 2 2 2 2 2 2 2 1 2 2 2 2 2 1 1 1 1 2 2 2 1 1 2 2 2 2 2 1 1 2 2 2 1 1 1 1 1 1 1 1 1 1 2 2 2 2 1 1 2 1 1 0 1 1 2 1 2 0 0 1 0 1 1 1 1 1 1 1 2 2 0 

 Inviabilidades: 0 
FO: 70191.266238
Tempo total:24.697
######################## FIM ###################

 ######################## 450 ###################

Vetor de solucoes: 
2 2 2 1 2 1 0 2 2 0 2 2 1 0 2 0 0 2 2 0 1 1 1 1 1 2 2 1 0 2 0 0 2 0 2 2 2 2 2 2 2 1 2 2 2 0 2 2 2 2 2 2 2 2 0 0 0 2 0 2 2 0 0 2 0 0 0 0 0 0 1 1 1 1 0 0 1 2 0 0 0 0 0 0 0 0 0 0 0 0 0 0 0 0 0 0 0 0 0 0 1 0 0 0 0 0 0 0 0 0 0 0 0 0 0 0 1 0 0 0 0 0 1 1 1 1 0 0 0 1 1 0 0 0 0 0 1 1 0 0 0 1 1 1 1 1 1 1 1 1 1 0 0 0 0 1 1 0 1 1 2 1 1 0 1 0 2 2 1 2 1 1 1 1 1 1 1 0 0 2 

 Inviabilidades: 0 
FO: 70191.266238
Tempo total:24.142
######################## FIM ###################

 ######################## 450 ###################

Vetor de solucoes: 
2 2 2 1 2 1 0 2 2 0 2 2 1 0 2 0 0 2 2 0 1 1 1 1 1 2 2 1 0 2 0 0 2 0 2 2 2 2 2 2 2 1 2 2 2 0 2 2 2 2 2 2 2 2 0 0 0 2 0 2 2 0 0 2 0 0 0 0 0 0 1 1 1 1 0 0 1 2 0 0 0 0 0 0 0 0 0 0 0 0 0 0 0 0 0 0 0 0 0 0 1 0 0 0 0 0 0 0 0 0 0 0 0 0 0 0 1 0 0 0 0 0 1 1 1 1 0 0 0 1 1 0 0 0 0 0 1 1 0 0 0 1 1 1 1 1 1 1 1 1 1 0 0 0 0 1 1 0 1 1 2 1 1 0 1 0 2 2 1 2 1 1 1 1 1 1 1 0 0 2 

 Inviabilidades: 0 
FO: 70191.266238
Tempo total:23.496
######################## FIM ###################

 ######################## 450 ###################

Vetor de solucoes: 
0 0 0 2 0 2 1 0 0 1 0 0 2 1 0 1 1 0 0 1 2 2 2 2 1 0 0 2 1 0 1 1 0 1 0 0 0 0 0 0 0 2 0 0 0 1 0 0 0 0 0 0 0 0 1 1 1 0 1 0 0 1 1 0 1 1 1 1 1 1 2 2 2 2 1 1 2 0 1 1 1 1 1 1 1 1 1 1 1 1 1 1 1 1 1 1 1 1 1 1 2 1 1 1 1 1 1 1 1 1 1 1 1 1 1 1 2 1 1 1 1 1 2 2 2 2 1 1 1 2 2 1 1 1 1 1 2 2 1 1 1 2 2 2 2 2 2 2 2 2 2 1 1 1 1 2 2 1 2 2 0 2 2 1 2 1 0 0 2 0 2 2 2 2 2 2 2 1 1 0 

 Inviabilidades: 0 
FO: 70210.312859
Tempo total:23.936
######################## FIM ###################

 ######################## 450 ###################

Vetor de solucoes: 
1 1 1 0 1 0 2 1 1 2 1 1 0 2 1 2 2 1 1 2 0 0 0 0 0 1 1 0 2 1 2 2 1 2 1 1 1 1 1 1 1 0 1 1 1 2 1 1 1 1 1 1 1 1 2 2 2 1 2 1 1 2 2 1 2 2 2 2 2 2 0 0 0 0 2 2 0 1 2 2 2 2 2 2 2 2 2 2 2 2 2 2 2 2 2 2 2 2 2 2 0 2 2 2 2 2 2 2 2 2 2 2 2 2 2 2 0 2 2 2 2 2 0 0 0 0 2 2 2 0 0 2 2 2 2 2 0 0 2 2 2 0 0 0 0 0 0 0 0 0 0 2 2 2 2 0 0 2 0 0 1 0 0 2 0 2 1 1 0 1 0 0 0 0 0 0 0 2 2 1 

 Inviabilidades: 0 
FO: 70191.266238
Tempo total:23.952
######################## FIM ###################

 ######################## 450 ###################

Vetor de solucoes: 
2 2 2 0 2 0 1 2 2 1 2 2 0 1 2 1 1 2 2 1 0 0 0 0 0 2 2 0 1 2 1 1 2 1 2 2 2 2 2 2 2 0 2 2 2 1 2 2 2 2 2 2 2 2 1 1 1 2 1 2 2 1 1 2 1 1 1 1 1 1 0 0 0 0 1 1 0 2 1 1 1 1 1 1 1 1 1 1 1 1 1 1 1 1 1 1 1 1 1 1 0 1 1 1 1 1 1 1 1 1 1 1 1 1 1 1 0 1 1 1 1 1 0 0 0 0 1 1 1 0 0 1 1 1 1 1 0 0 1 1 1 0 0 0 0 0 0 0 0 0 0 1 1 1 1 0 0 1 0 0 2 0 0 1 0 1 2 2 0 2 0 0 0 0 0 0 0 1 1 2 

 Inviabilidades: 0 
FO: 70191.266238
Tempo total:23.159
######################## FIM ###################

 ######################## 450 ###################

Vetor de solucoes: 
0 0 0 2 0 2 1 0 0 1 0 0 2 1 0 1 1 0 0 1 2 2 2 2 2 0 0 2 1 0 1 1 0 1 0 0 0 0 0 0 0 2 0 0 0 1 0 0 0 0 0 0 0 0 1 1 1 0 1 0 0 1 1 0 1 1 1 1 1 1 2 2 2 2 1 1 2 0 1 1 1 1 1 1 1 1 1 1 1 1 1 1 1 1 1 1 1 1 1 1 2 1 1 1 1 1 1 1 1 1 1 1 1 1 1 1 2 1 1 1 1 1 2 2 2 2 1 1 1 2 2 1 1 1 1 1 2 2 1 1 1 2 2 2 2 2 2 2 2 2 2 1 1 1 1 2 2 1 2 2 0 2 2 1 2 1 0 0 2 0 2 2 2 2 2 2 2 1 1 0 

 Inviabilidades: 0 
FO: 70191.266238
Tempo total:24.759
######################## FIM ###################

 ######################## 450 ###################

Vetor de solucoes: 
1 1 1 0 1 0 2 1 1 2 1 1 0 2 1 2 2 1 1 2 0 0 0 0 2 1 1 0 2 1 2 2 1 2 1 1 1 1 1 1 1 0 1 1 1 2 1 1 1 1 1 1 1 1 2 2 2 1 2 1 1 2 2 1 2 2 2 2 2 2 0 0 0 0 2 2 0 1 2 2 2 2 2 2 2 2 2 2 2 2 2 2 2 2 2 2 2 2 2 2 0 2 2 2 2 2 2 2 2 2 2 2 2 2 2 2 0 2 2 2 2 2 0 0 0 0 2 2 2 0 0 2 2 2 2 2 0 0 2 2 2 0 0 0 0 0 0 0 0 0 0 2 2 2 2 0 0 2 0 0 1 0 0 2 0 2 1 1 0 1 0 0 0 0 0 0 0 2 2 1 

 Inviabilidades: 0 
FO: 70210.312859
Tempo total:26.692
######################## FIM ###################

 ######################## 450 ###################

Vetor de solucoes: 
0 0 0 1 0 1 2 0 0 2 0 0 1 2 0 2 2 0 0 2 1 1 1 1 1 0 0 1 2 0 2 2 0 2 0 0 0 0 0 0 0 1 0 0 0 2 0 0 0 0 0 0 0 0 2 2 2 0 2 0 0 2 2 0 2 2 2 2 2 2 1 1 1 1 2 2 1 0 2 2 2 2 2 2 2 2 2 2 2 2 2 2 2 2 2 2 2 2 2 2 1 2 2 2 2 2 2 2 2 2 2 2 2 2 2 2 1 2 2 2 2 2 1 1 1 1 2 2 2 1 1 2 2 2 2 2 1 1 2 2 2 1 1 1 1 1 1 1 1 1 1 2 2 2 2 1 1 2 1 1 0 1 1 2 1 2 0 0 1 0 1 1 1 1 1 1 1 2 2 0 

 Inviabilidades: 0 
FO: 70191.266238
Tempo total:24.011
######################## FIM ###################

 ######################## 450 ###################

Vetor de solucoes: 
2 2 2 1 2 1 0 2 2 0 2 2 1 0 2 0 0 2 2 0 1 1 1 1 0 2 2 1 0 2 0 0 2 0 2 2 2 2 2 2 2 1 2 2 2 0 2 2 2 2 2 2 2 2 0 0 0 2 0 2 2 0 0 2 0 0 0 0 0 0 1 1 1 1 0 0 1 2 0 0 0 0 0 0 0 0 0 0 0 0 0 0 0 0 0 0 0 0 0 0 1 0 0 0 0 0 0 0 0 0 0 0 0 0 0 0 1 0 0 0 0 0 1 1 1 1 0 0 0 1 1 0 0 0 0 0 1 1 0 0 0 1 1 1 1 1 1 1 1 1 1 0 0 0 0 1 1 0 1 1 2 1 1 0 1 0 2 2 1 2 1 1 1 1 1 1 1 0 0 2 

 Inviabilidades: 0 
FO: 70210.312859
Tempo total:24.434
######################## FIM ###################

 ######################## 450 ###################

Vetor de solucoes: 
1 1 1 0 1 0 2 1 1 2 1 1 0 2 1 2 2 1 1 2 0 0 0 0 0 1 1 0 2 1 2 2 1 2 1 1 1 1 1 1 1 0 1 1 1 2 1 1 1 1 1 1 1 1 2 2 2 1 2 1 1 2 2 1 2 2 2 2 2 2 0 0 0 0 2 2 0 1 2 2 2 2 2 2 2 2 2 2 2 2 2 2 2 2 2 2 2 2 2 2 0 2 2 2 2 2 2 2 2 2 2 2 2 2 2 2 0 2 2 2 2 2 0 0 0 0 2 2 2 0 0 2 2 2 2 2 0 0 2 2 2 0 0 0 0 0 0 0 0 0 0 2 2 2 2 0 0 2 0 0 1 0 0 2 0 2 1 1 0 1 0 0 0 0 0 0 0 2 2 1 

 Inviabilidades: 0 
FO: 70191.266238
Tempo total:24.174
######################## FIM ###################

 ######################## 450 ###################

Vetor de solucoes: 
2 2 2 1 2 1 0 2 2 0 2 2 1 0 2 0 0 2 2 0 1 1 1 1 1 2 2 1 0 2 0 0 2 0 2 2 2 2 2 2 2 1 2 2 2 0 2 2 2 2 2 2 2 2 0 0 0 2 0 2 2 0 0 2 0 0 0 0 0 0 1 1 1 1 0 0 1 2 0 0 0 0 0 0 0 0 0 0 0 0 0 0 0 0 0 0 0 0 0 0 1 0 0 0 0 0 0 0 0 0 0 0 0 0 0 0 1 0 0 0 0 0 1 1 1 1 0 0 0 1 1 0 0 0 0 0 1 1 0 0 0 1 1 1 1 1 1 1 1 1 1 0 0 0 0 1 1 0 1 1 2 1 1 0 1 0 2 2 1 2 1 1 1 1 1 1 1 0 0 2 

 Inviabilidades: 0 
FO: 70191.266238
Tempo total:24.316
######################## FIM ###################

 ######################## 450 ###################

Vetor de solucoes: 
1 1 1 0 1 0 2 1 1 2 1 1 0 2 1 2 2 1 1 2 0 0 0 0 0 1 1 0 2 1 2 2 1 2 1 1 1 1 1 1 1 0 1 1 1 2 1 1 1 1 1 1 1 1 2 2 2 1 2 1 1 2 2 1 2 2 2 2 2 2 0 0 0 0 2 2 0 1 2 2 2 2 2 2 2 2 2 2 2 2 2 2 2 2 2 2 2 2 2 2 0 2 2 2 2 2 2 2 2 2 2 2 2 2 2 2 0 2 2 2 2 2 0 0 0 0 2 2 2 0 0 2 2 2 2 2 0 0 2 2 2 0 0 0 0 0 0 0 0 0 0 2 2 2 2 0 0 2 0 0 1 0 0 2 0 2 1 1 0 1 0 0 0 0 0 0 0 2 2 1 

 Inviabilidades: 0 
FO: 70191.266238
Tempo total:23.945
######################## FIM ###################

 ######################## 450 ###################

Vetor de solucoes: 
1 1 1 2 1 2 0 1 1 0 1 1 2 0 1 0 0 1 1 0 2 2 2 2 2 1 1 2 0 1 0 0 1 0 1 1 1 1 1 1 1 2 1 1 1 0 1 1 1 1 1 1 1 1 0 0 0 1 0 1 1 0 0 1 0 0 0 0 0 0 2 2 2 2 0 0 2 1 0 0 0 0 0 0 0 0 0 0 0 0 0 0 0 0 0 0 0 0 0 0 2 0 0 0 0 0 0 0 0 0 0 0 0 0 0 0 2 0 0 0 0 0 2 2 2 2 0 0 0 2 2 0 0 0 0 0 2 2 0 0 0 2 2 2 2 2 2 2 2 2 2 0 0 0 0 2 2 0 2 2 1 2 2 0 2 0 1 1 2 1 2 2 2 2 2 2 2 0 0 1 

 Inviabilidades: 0 
FO: 70191.266238
Tempo total:24.031
######################## FIM ###################

 ######################## 450 ###################

Vetor de solucoes: 
1 1 1 0 1 0 2 1 1 2 1 1 0 2 1 2 2 1 1 2 0 0 0 0 0 1 1 0 2 1 2 2 1 2 1 1 1 1 1 1 1 0 1 1 1 2 1 1 1 1 1 1 1 1 2 2 2 1 2 1 1 2 2 1 2 2 2 2 2 2 0 0 0 0 2 2 0 1 2 2 2 2 2 2 2 2 2 2 2 2 2 2 2 2 2 2 2 2 2 2 0 2 2 2 2 2 2 2 2 2 2 2 2 2 2 2 0 2 2 2 2 2 0 0 0 0 2 2 2 0 0 2 2 2 2 2 0 0 2 2 2 0 0 0 0 0 0 0 0 0 0 2 2 2 2 0 0 2 0 0 1 0 0 2 0 2 1 1 0 1 0 0 0 0 0 0 0 2 2 1 

 Inviabilidades: 0 
FO: 70191.266238
Tempo total:23.491
######################## FIM ###################

 ######################## 450 ###################

Vetor de solucoes: 
0 0 0 1 0 1 2 0 0 2 0 0 1 2 0 2 2 0 0 2 1 1 1 1 1 0 0 1 2 0 2 2 0 2 0 0 0 0 0 0 0 1 0 0 0 2 0 0 0 0 0 0 0 0 2 2 2 0 2 0 0 2 2 0 2 2 2 2 2 2 1 1 1 1 2 2 1 0 2 2 2 2 2 2 2 2 2 2 2 2 2 2 2 2 2 2 2 2 2 2 1 2 2 2 2 2 2 2 2 2 2 2 2 2 2 2 1 2 2 2 2 2 1 1 1 1 2 2 2 1 1 2 2 2 2 2 1 1 2 2 2 1 1 1 1 1 1 1 1 1 1 2 2 2 2 1 1 2 1 1 0 1 1 2 1 2 0 0 1 0 1 1 1 1 1 1 1 2 2 0 

 Inviabilidades: 0 
FO: 70191.266238
Tempo total:23.708
######################## FIM ###################

 ######################## 450 ###################

Vetor de solucoes: 
2 2 2 1 2 1 0 2 2 0 2 2 1 0 2 0 0 2 2 0 1 1 1 1 1 2 2 1 0 2 0 0 2 0 2 2 2 2 2 2 2 1 2 2 2 0 2 2 2 2 2 2 2 2 0 0 0 2 0 2 2 0 0 2 0 0 0 0 0 0 1 1 1 1 0 0 1 2 0 0 0 0 0 0 0 0 0 0 0 0 0 0 0 0 0 0 0 0 0 0 1 0 0 0 0 0 0 0 0 0 0 0 0 0 0 0 1 0 0 0 0 0 1 1 1 1 0 0 0 1 1 0 0 0 0 0 1 1 0 0 0 1 1 1 1 1 1 1 1 1 1 0 0 0 0 1 1 0 1 1 2 1 1 0 1 0 2 2 1 2 1 1 1 1 1 1 1 0 0 2 

 Inviabilidades: 0 
FO: 70191.266238
Tempo total:23.750
######################## FIM ###################

 ######################## 450 ###################

Vetor de solucoes: 
1 1 1 0 1 0 2 1 1 2 1 1 0 2 1 2 2 1 1 2 0 0 0 0 2 1 1 0 2 1 2 2 1 2 1 1 1 1 1 1 1 0 1 1 1 2 1 1 1 1 1 1 1 1 2 2 2 1 2 1 1 2 2 1 2 2 2 2 2 2 0 0 0 0 2 2 0 1 2 2 2 2 2 2 2 2 2 2 2 2 2 2 2 2 2 2 2 2 2 2 0 2 2 2 2 2 2 2 2 2 2 2 2 2 2 2 0 2 2 2 2 2 0 0 0 0 2 2 2 0 0 2 2 2 2 2 0 0 2 2 2 0 0 0 0 0 0 0 0 0 0 2 2 2 2 0 0 2 0 0 1 0 0 2 0 2 1 1 0 1 0 0 0 0 0 0 0 2 2 1 

 Inviabilidades: 0 
FO: 70210.312859
Tempo total:25.448
######################## FIM ###################

 ######################## 450 ###################

Vetor de solucoes: 
1 1 1 0 1 0 2 1 1 2 1 1 0 2 1 2 2 1 1 2 0 0 0 0 0 1 1 0 2 1 2 2 1 2 1 1 1 1 1 1 1 0 1 1 1 2 1 1 1 1 1 1 1 1 2 2 2 1 2 1 1 2 2 1 2 2 2 2 2 2 0 0 0 0 2 2 0 1 2 2 2 2 2 2 2 2 2 2 2 2 2 2 2 2 2 2 2 2 2 2 0 2 2 2 2 2 2 2 2 2 2 2 2 2 2 2 0 2 2 2 2 2 0 0 0 0 2 2 2 0 0 2 2 2 2 2 0 0 2 2 2 0 0 0 0 0 0 0 0 0 0 2 2 2 2 0 0 2 0 0 1 0 0 2 0 2 1 1 0 1 0 0 0 0 0 0 0 2 2 1 

 Inviabilidades: 0 
FO: 70191.266238
Tempo total:23.518
######################## FIM ###################

 ######################## 450 ###################

Vetor de solucoes: 
2 2 2 1 2 1 0 2 2 0 2 2 1 0 2 0 0 2 2 0 1 1 1 1 0 2 2 1 0 2 0 0 2 0 2 2 2 2 2 2 2 1 2 2 2 0 2 2 2 2 2 2 2 2 0 0 0 2 0 2 2 0 0 2 0 0 0 0 0 0 1 1 1 1 0 0 1 2 0 0 0 0 0 0 0 0 0 0 0 0 0 0 0 0 0 0 0 0 0 0 1 0 0 0 0 0 0 0 0 0 0 0 0 0 0 0 1 0 0 0 0 0 1 1 1 1 0 0 0 1 1 0 0 0 0 0 1 1 0 0 0 1 1 1 1 1 1 1 1 1 1 0 0 0 0 1 1 0 1 1 2 1 1 0 1 0 2 2 1 2 1 1 1 1 1 1 1 0 0 2 

 Inviabilidades: 0 
FO: 70210.312859
Tempo total:23.891
######################## FIM ###################

 ######################## 450 ###################

Vetor de solucoes: 
1 1 1 0 1 0 2 1 1 2 1 1 0 2 1 2 2 1 1 2 0 0 0 0 2 1 1 0 2 1 2 2 1 2 1 1 1 1 1 1 1 0 1 1 1 2 1 1 1 1 1 1 1 1 2 2 2 1 2 1 1 2 2 1 2 2 2 2 2 2 0 0 0 0 2 2 0 1 2 2 2 2 2 2 2 2 2 2 2 2 2 2 2 2 2 2 2 2 2 2 0 2 2 2 2 2 2 2 2 2 2 2 2 2 2 2 0 2 2 2 2 2 0 0 0 0 2 2 2 0 0 2 2 2 2 2 0 0 2 2 2 0 0 0 0 0 0 0 0 0 0 2 2 2 2 0 0 2 0 0 1 0 0 2 0 2 1 1 0 1 0 0 0 0 0 0 0 2 2 1 

 Inviabilidades: 0 
FO: 70210.312859
Tempo total:24.624
######################## FIM ###################

 ######################## 450 ###################

Vetor de solucoes: 
1 1 1 2 1 2 0 1 1 0 1 1 2 0 1 0 0 1 1 0 2 2 2 2 2 1 1 2 0 1 0 0 1 0 1 1 1 1 1 1 1 2 1 1 1 0 1 1 1 1 1 1 1 1 0 0 0 1 0 1 1 0 0 1 0 0 0 0 0 0 2 2 2 2 0 0 2 1 0 0 0 0 0 0 0 0 0 0 0 0 0 0 0 0 0 0 0 0 0 0 2 0 0 0 0 0 0 0 0 0 0 0 0 0 0 0 2 0 0 0 0 0 2 2 2 2 0 0 0 2 2 0 0 0 0 0 2 2 0 0 0 2 2 2 2 2 2 2 2 2 2 0 0 0 0 2 2 0 2 2 1 2 2 0 2 0 1 1 2 1 2 2 2 2 2 2 2 0 0 1 

 Inviabilidades: 0 
FO: 70191.266238
Tempo total:23.807
######################## FIM ###################

 ######################## 450 ###################

Vetor de solucoes: 
2 2 2 1 2 1 0 2 2 0 2 2 1 0 2 0 0 2 2 0 1 1 1 1 1 2 2 1 0 2 0 0 2 0 2 2 2 2 2 2 2 1 2 2 2 0 2 2 2 2 2 2 2 2 0 0 0 2 0 2 2 0 0 2 0 0 0 0 0 0 1 1 1 1 0 0 1 2 0 0 0 0 0 0 0 0 0 0 0 0 0 0 0 0 0 0 0 0 0 0 1 0 0 0 0 0 0 0 0 0 0 0 0 0 0 0 1 0 0 0 0 0 1 1 1 1 0 0 0 1 1 0 0 0 0 0 1 1 0 0 0 1 1 1 1 1 1 1 1 1 1 0 0 0 0 1 1 0 1 1 2 1 1 0 1 0 2 2 1 2 1 1 1 1 1 1 1 0 0 2 

 Inviabilidades: 0 
FO: 70191.266238
Tempo total:22.947
######################## FIM ###################

 ######################## 450 ###################

Vetor de solucoes: 
2 2 2 1 2 1 0 2 2 0 2 2 1 0 2 0 0 2 2 0 1 1 1 1 0 2 2 1 0 2 0 0 2 0 2 2 2 2 2 2 2 1 2 2 2 0 2 2 2 2 2 2 2 2 0 0 0 2 0 2 2 0 0 2 0 0 0 0 0 0 1 1 1 1 0 0 1 2 0 0 0 0 0 0 0 0 0 0 0 0 0 0 0 0 0 0 0 0 0 0 1 0 0 0 0 0 0 0 0 0 0 0 0 0 0 0 1 0 0 0 0 0 1 1 1 1 0 0 0 1 1 0 0 0 0 0 1 1 0 0 0 1 1 1 1 1 1 1 1 1 1 0 0 0 0 1 1 0 1 1 2 1 1 0 1 0 2 2 1 2 1 1 1 1 1 1 1 0 0 2 

 Inviabilidades: 0 
FO: 70210.312859
Tempo total:24.642
######################## FIM ###################

 ######################## 450 ###################

Vetor de solucoes: 
2 2 2 1 2 1 0 2 2 0 2 2 1 0 2 0 0 2 2 0 1 1 1 1 1 2 2 1 0 2 0 0 2 0 2 2 2 2 2 2 2 1 2 2 2 0 2 2 2 2 2 2 2 2 0 0 0 2 0 2 2 0 0 2 0 0 0 0 0 0 1 1 1 1 0 0 1 2 0 0 0 0 0 0 0 0 0 0 0 0 0 0 0 0 0 0 0 0 0 0 1 0 0 0 0 0 0 0 0 0 0 0 0 0 0 0 1 0 0 0 0 0 1 1 1 1 0 0 0 1 1 0 0 0 0 0 1 1 0 0 0 1 1 1 1 1 1 1 1 1 1 0 0 0 0 1 1 0 1 1 2 1 1 0 1 0 2 2 1 2 1 1 1 1 1 1 1 0 0 2 

 Inviabilidades: 0 
FO: 70191.266238
Tempo total:23.853
######################## FIM ###################

 ######################## 450 ###################

Vetor de solucoes: 
0 0 0 1 0 1 2 0 0 2 0 0 1 2 0 2 2 0 0 2 1 1 1 1 2 0 0 1 2 0 2 2 0 2 0 0 0 0 0 0 0 1 0 0 0 2 0 0 0 0 0 0 0 0 2 2 2 0 2 0 0 2 2 0 2 2 2 2 2 2 1 1 1 1 2 2 1 0 2 2 2 2 2 2 2 2 2 2 2 2 2 2 2 2 2 2 2 2 2 2 1 2 2 2 2 2 2 2 2 2 2 2 2 2 2 2 1 2 2 2 2 2 1 1 1 1 2 2 2 1 1 2 2 2 2 2 1 1 2 2 2 1 1 1 1 1 1 1 1 1 1 2 2 2 2 1 1 2 1 1 0 1 1 2 1 2 0 0 1 0 1 1 1 1 1 1 1 2 2 0 

 Inviabilidades: 0 
FO: 70210.312859
Tempo total:23.049
######################## FIM ###################

 ######################## 450 ###################

Vetor de solucoes: 
1 1 1 0 1 0 2 1 1 2 1 1 0 2 1 2 2 1 1 2 0 0 0 0 2 1 1 0 2 1 2 2 1 2 1 1 1 1 1 1 1 0 1 1 1 2 1 1 1 1 1 1 1 1 2 2 2 1 2 1 1 2 2 1 2 2 2 2 2 2 0 0 0 0 2 2 0 1 2 2 2 2 2 2 2 2 2 2 2 2 2 2 2 2 2 2 2 2 2 2 0 2 2 2 2 2 2 2 2 2 2 2 2 2 2 2 0 2 2 2 2 2 0 0 0 0 2 2 2 0 0 2 2 2 2 2 0 0 2 2 2 0 0 0 0 0 0 0 0 0 0 2 2 2 2 0 0 2 0 0 1 0 0 2 0 2 1 1 0 1 0 0 0 0 0 0 0 2 2 1 

 Inviabilidades: 0 
FO: 70210.312859
Tempo total:24.512
######################## FIM ###################

 ######################## 450 ###################

Vetor de solucoes: 
2 2 2 1 2 1 0 2 2 0 2 2 1 0 2 0 0 2 2 0 1 1 1 1 0 2 2 1 0 2 0 0 2 0 2 2 2 2 2 2 2 1 2 2 2 0 2 2 2 2 2 2 2 2 0 0 0 2 0 2 2 0 0 2 0 0 0 0 0 0 1 1 1 1 0 0 1 2 0 0 0 0 0 0 0 0 0 0 0 0 0 0 0 0 0 0 0 0 0 0 1 0 0 0 0 0 0 0 0 0 0 0 0 0 0 0 1 0 0 0 0 0 1 1 1 1 0 0 0 1 1 0 0 0 0 0 1 1 0 0 0 1 1 1 1 1 1 1 1 1 1 0 0 0 0 1 1 0 1 1 2 1 1 0 1 0 2 2 1 2 1 1 1 1 1 1 1 0 0 2 

 Inviabilidades: 0 
FO: 70210.312859
Tempo total:24.890
######################## FIM ###################

 ######################## 450 ###################

Vetor de solucoes: 
1 1 1 2 1 2 0 1 1 0 1 1 2 0 1 0 0 1 1 0 2 2 2 2 2 1 1 2 0 1 0 0 1 0 1 1 1 1 1 1 1 2 1 1 1 0 1 1 1 1 1 1 1 1 0 0 0 1 0 1 1 0 0 1 0 0 0 0 0 0 2 2 2 2 0 0 2 1 0 0 0 0 0 0 0 0 0 0 0 0 0 0 0 0 0 0 0 0 0 0 2 0 0 0 0 0 0 0 0 0 0 0 0 0 0 0 2 0 0 0 0 0 2 2 2 2 0 0 0 2 2 0 0 0 0 0 2 2 0 0 0 2 2 2 2 2 2 2 2 2 2 0 0 0 0 2 2 0 2 2 1 2 2 0 2 0 1 1 2 1 2 2 2 2 2 2 2 0 0 1 

 Inviabilidades: 0 
FO: 70191.266238
Tempo total:23.539
######################## FIM ###################

 ######################## 450 ###################

Vetor de solucoes: 
2 2 2 0 2 0 1 2 2 1 2 2 0 1 2 1 1 2 2 1 0 0 0 0 1 2 2 0 1 2 1 1 2 1 2 2 2 2 2 2 2 0 2 2 2 1 2 2 2 2 2 2 2 2 1 1 1 2 1 2 2 1 1 2 1 1 1 1 1 1 0 0 0 0 1 1 0 2 1 1 1 1 1 1 1 1 1 1 1 1 1 1 1 1 1 1 1 1 1 1 0 1 1 1 1 1 1 1 1 1 1 1 1 1 1 1 0 1 1 1 1 1 0 0 0 0 1 1 1 0 0 1 1 1 1 1 0 0 1 1 1 0 0 0 0 0 0 0 0 0 0 1 1 1 1 0 0 1 0 0 2 0 0 1 0 1 2 2 0 2 0 0 0 0 0 0 0 1 1 2 

 Inviabilidades: 0 
FO: 70210.312859
Tempo total:24.070
######################## FIM ###################
