
######################## 450 ###################

Vetor de solucoes: 
1 1 1 2 1 2 0 1 1 0 1 1 2 0 1 0 0 1 1 0 2 2 2 2 0 1 1 2 0 1 0 0 1 0 1 1 1 1 1 1 1 2 1 1 1 0 1 1 1 1 1 1 1 1 0 0 0 1 0 1 1 0 0 1 0 0 0 0 0 0 2 2 2 2 0 0 2 1 0 0 0 0 0 0 0 0 0 0 0 0 0 0 0 0 0 0 0 0 0 0 2 0 0 0 0 0 0 0 0 0 0 0 0 0 0 0 2 0 0 0 0 0 2 2 2 2 0 0 0 2 2 0 0 0 0 0 2 2 0 0 0 2 2 2 2 2 2 2 2 2 2 0 0 0 0 2 2 0 2 2 1 2 2 0 2 0 1 1 2 1 2 2 2 2 2 2 2 0 0 1 

 Inviabilidades: 0 
FO: 70210.312859
Tempo total:24.568
######################## FIM ###################

######################## 450 ###################

Vetor de solucoes: 
1 1 1 0 1 0 2 1 1 2 1 1 0 2 1 2 2 1 1 2 0 0 0 0 0 1 1 0 2 1 2 2 1 2 1 1 1 1 1 1 1 0 1 1 1 2 1 1 1 1 1 1 1 1 2 2 2 1 2 1 1 2 2 1 2 2 2 2 2 2 0 0 0 0 2 2 0 1 2 2 2 2 2 2 2 2 2 2 2 2 2 2 2 2 2 2 2 2 2 2 0 2 2 2 2 2 2 2 2 2 2 2 2 2 2 2 0 2 2 2 2 2 0 0 0 0 2 2 2 0 0 2 2 2 2 2 0 0 2 2 2 0 0 0 0 0 0 0 0 0 0 2 2 2 2 0 0 2 0 0 1 0 0 2 0 2 1 1 0 1 0 0 0 0 0 0 0 2 2 1 

 Inviabilidades: 0 
FO: 70191.266238
Tempo total:24.672
######################## FIM ###################
