
 ######################## 450 ###################

Vetor de solucoes: 
0 0 0 2 0 2 0 1 2 0 0 2 2 0 0 0 0 1 1 2 2 1 2 2 0 0 2 0 2 2 2 0 0 0 0 0 0 1 0 0 0 2 0 0 1 2 1 0 0 1 0 0 0 2 0 0 0 2 0 0 0 2 0 0 0 0 0 1 0 0 0 0 0 1 0 0 2 2 2 2 2 2 2 1 2 2 2 2 2 2 2 0 2 2 2 2 0 0 

 Inviabilidades: 0 
FO: 118937.181894
Tempo total:8.432
######################## FIM ###################

 ######################## 450 ###################

Vetor de solucoes: 
1 1 1 2 1 2 1 0 2 1 1 2 2 1 1 1 1 0 0 2 2 0 2 2 1 1 2 1 2 2 2 1 1 1 1 1 1 0 1 1 1 2 1 1 0 2 0 1 1 0 1 1 1 2 1 1 1 2 1 1 1 2 1 1 1 1 1 0 1 1 1 1 1 0 1 1 2 2 2 2 2 2 2 0 2 2 2 2 2 2 2 1 2 2 2 2 1 1 

 Inviabilidades: 0 
FO: 118937.181894
Tempo total:8.577
######################## FIM ###################

 ######################## 450 ###################

Vetor de solucoes: 
2 2 2 1 2 1 2 0 1 2 2 1 1 2 2 2 2 0 0 1 1 0 1 1 2 2 1 2 1 1 1 2 2 2 2 2 2 0 2 2 2 1 2 2 0 1 0 2 2 0 2 2 2 1 2 2 2 1 2 2 2 1 2 2 2 2 2 0 2 2 2 2 2 0 2 2 1 1 1 1 1 1 1 0 1 1 1 1 1 1 1 2 1 1 1 1 2 2 

 Inviabilidades: 0 
FO: 118937.181894
Tempo total:8.504
######################## FIM ###################

 ######################## 450 ###################

Vetor de solucoes: 
2 2 2 0 2 0 2 1 0 2 2 0 0 2 2 2 2 1 1 0 0 1 0 0 2 2 0 2 0 0 0 2 2 2 2 2 2 1 2 2 2 0 2 2 1 0 1 2 2 1 2 2 2 0 2 2 2 0 2 2 2 0 2 2 2 2 2 1 2 2 2 2 2 1 2 2 0 0 0 0 0 0 0 1 0 0 0 0 0 0 0 2 0 0 0 0 2 2 

 Inviabilidades: 0 
FO: 118937.181894
Tempo total:8.219
######################## FIM ###################

 ######################## 450 ###################

Vetor de solucoes: 
1 1 1 0 1 0 1 2 0 1 1 0 0 1 1 1 1 2 2 0 0 2 0 0 1 1 0 1 0 0 0 1 1 1 1 1 1 2 1 1 1 0 1 1 2 0 2 1 1 2 1 1 1 0 1 1 1 0 1 1 1 0 1 1 1 1 1 2 1 1 1 1 1 2 1 1 0 0 0 0 0 0 0 2 0 0 0 0 0 0 0 1 0 0 0 0 1 1 

 Inviabilidades: 0 
FO: 118937.181894
Tempo total:8.375
######################## FIM ###################

 ######################## 450 ###################

Vetor de solucoes: 
0 0 0 1 0 1 0 2 1 0 0 1 1 0 0 0 0 2 2 1 1 2 1 1 0 0 1 0 1 1 1 0 0 0 0 0 0 2 0 0 0 1 0 0 2 1 2 0 0 2 0 0 0 1 0 0 0 1 0 0 0 1 0 0 0 0 0 2 0 0 0 0 0 2 0 0 1 1 1 1 1 1 1 2 1 1 1 1 1 1 1 0 1 1 1 1 0 0 

 Inviabilidades: 0 
FO: 118937.181894
Tempo total:8.348
######################## FIM ###################

 ######################## 450 ###################

Vetor de solucoes: 
0 0 0 1 0 1 0 2 1 0 0 1 1 0 0 0 0 2 2 1 1 2 1 1 0 0 1 0 1 1 1 0 0 0 0 0 0 2 0 0 0 1 0 0 2 1 2 0 0 2 0 0 0 1 0 0 0 1 0 0 0 1 0 0 0 0 0 2 0 0 0 0 0 2 0 0 1 1 1 1 1 1 1 2 1 1 1 1 1 1 1 0 1 1 1 1 0 0 

 Inviabilidades: 0 
FO: 118937.181894
Tempo total:8.520
######################## FIM ###################

 ######################## 450 ###################

Vetor de solucoes: 
2 2 2 0 2 0 2 1 0 2 2 0 0 2 2 2 2 1 1 0 0 1 0 0 2 2 0 2 0 0 0 2 2 2 2 2 2 1 2 2 2 0 2 2 1 0 1 2 2 1 2 2 2 0 2 2 2 0 2 2 2 0 2 2 2 2 2 1 2 2 2 2 2 1 2 2 0 0 0 0 0 0 0 1 0 0 0 0 0 0 0 2 0 0 0 0 2 2 

 Inviabilidades: 0 
FO: 118937.181894
Tempo total:8.176
######################## FIM ###################

 ######################## 450 ###################

Vetor de solucoes: 
1 1 1 2 1 2 1 0 2 1 1 2 2 1 1 1 1 0 0 2 2 0 2 2 1 1 2 1 2 2 2 1 1 1 1 1 1 0 1 1 1 2 1 1 0 2 0 1 1 0 1 1 1 2 1 1 1 2 1 1 1 2 1 1 1 1 1 0 1 1 1 1 1 0 1 1 2 2 2 2 2 2 2 0 2 2 2 2 2 2 2 1 2 2 2 2 1 1 

 Inviabilidades: 0 
FO: 118937.181894
Tempo total:8.249
######################## FIM ###################

 ######################## 450 ###################

Vetor de solucoes: 
1 1 1 0 1 0 1 2 0 1 1 0 0 1 1 1 1 2 2 0 0 2 0 0 1 1 0 1 0 0 0 1 1 1 1 1 1 2 1 1 1 0 1 1 2 0 2 1 1 2 1 1 1 0 1 1 1 0 1 1 1 0 1 1 1 1 1 2 1 1 1 1 1 2 1 1 0 0 0 0 0 0 0 2 0 0 0 0 0 0 0 1 0 0 0 0 1 1 

 Inviabilidades: 0 
FO: 118937.181894
Tempo total:8.498
######################## FIM ###################

 ######################## 450 ###################

Vetor de solucoes: 
0 0 0 1 0 1 0 2 1 0 0 1 1 0 0 0 0 2 2 1 1 2 1 1 0 0 1 0 1 1 1 0 0 0 0 0 0 2 0 0 0 1 0 0 2 1 2 0 0 2 0 0 0 1 0 0 0 1 0 0 0 1 0 0 0 0 0 2 0 0 0 0 0 2 0 0 1 1 1 1 1 1 1 2 1 1 1 1 1 1 1 0 1 1 1 1 0 0 

 Inviabilidades: 0 
FO: 118937.181894
Tempo total:8.220
######################## FIM ###################

 ######################## 450 ###################

Vetor de solucoes: 
0 0 0 2 0 2 0 1 2 0 0 2 2 0 0 0 0 1 1 2 2 1 2 2 0 0 2 0 2 2 2 0 0 0 0 0 0 1 0 0 0 2 0 0 1 2 1 0 0 1 0 0 0 2 0 0 0 2 0 0 0 2 0 0 0 0 0 1 0 0 0 0 0 1 0 0 2 2 2 2 2 2 2 1 2 2 2 2 2 2 2 0 2 2 2 2 0 0 

 Inviabilidades: 0 
FO: 118937.181894
Tempo total:8.581
######################## FIM ###################

 ######################## 450 ###################

Vetor de solucoes: 
2 2 2 1 2 1 2 0 1 2 2 1 1 2 2 2 2 0 0 1 1 0 1 1 2 2 1 2 1 1 1 2 2 2 2 2 2 0 2 2 2 1 2 2 0 1 0 2 2 0 2 2 2 1 2 2 2 1 2 2 2 1 2 2 2 2 2 0 2 2 2 2 2 0 2 2 1 1 1 1 1 1 1 0 1 1 1 1 1 1 1 2 1 1 1 1 2 2 

 Inviabilidades: 0 
FO: 118937.181894
Tempo total:8.903
######################## FIM ###################

 ######################## 450 ###################

Vetor de solucoes: 
2 2 2 0 2 0 2 1 0 2 2 0 0 2 2 2 2 1 1 0 0 1 0 0 2 2 0 2 0 0 0 2 2 2 2 2 2 1 2 2 2 0 2 2 1 0 1 2 2 1 2 2 2 0 2 2 2 0 2 2 2 0 2 2 2 2 2 1 2 2 2 2 2 1 2 2 0 0 0 0 0 0 0 1 0 0 0 0 0 0 0 2 0 0 0 0 2 2 

 Inviabilidades: 0 
FO: 118937.181894
Tempo total:8.490
######################## FIM ###################

 ######################## 450 ###################

Vetor de solucoes: 
0 0 0 2 0 2 0 1 2 0 0 2 2 0 0 0 0 1 1 2 2 1 2 2 0 0 2 0 2 2 2 0 0 0 0 0 0 1 0 0 0 2 0 0 1 2 1 0 0 1 0 0 0 2 0 0 0 2 0 0 0 2 0 0 0 0 0 1 0 0 0 0 0 1 0 0 2 2 2 2 2 2 2 1 2 2 2 2 2 2 2 0 2 2 2 2 0 0 

 Inviabilidades: 0 
FO: 118937.181894
Tempo total:8.448
######################## FIM ###################

 ######################## 450 ###################

Vetor de solucoes: 
2 2 2 0 2 0 2 1 0 2 2 0 0 2 2 2 2 1 1 0 0 1 0 0 2 2 0 2 0 0 0 2 2 2 2 2 2 1 2 2 2 0 2 2 1 0 1 2 2 1 2 2 2 0 2 2 2 0 2 2 2 0 2 2 2 2 2 1 2 2 2 2 2 1 2 2 0 0 0 0 0 0 0 1 0 0 0 0 0 0 0 2 0 0 0 0 2 2 

 Inviabilidades: 0 
FO: 118937.181894
Tempo total:8.632
######################## FIM ###################

 ######################## 450 ###################

Vetor de solucoes: 
2 2 2 0 2 0 2 1 0 2 2 0 0 2 2 2 2 1 1 0 0 1 0 0 2 2 0 2 0 0 0 2 2 2 2 2 2 1 2 2 2 0 2 2 1 0 1 2 2 1 2 2 2 0 2 2 2 0 2 2 2 0 2 2 2 2 2 1 2 2 2 2 2 1 2 2 0 0 0 0 0 0 0 1 0 0 0 0 0 0 0 2 0 0 0 0 2 2 

 Inviabilidades: 0 
FO: 118937.181894
Tempo total:8.411
######################## FIM ###################

 ######################## 450 ###################

Vetor de solucoes: 
0 0 0 2 0 2 0 1 2 0 0 2 2 0 0 0 0 1 1 2 2 1 2 2 0 0 2 0 2 2 2 0 0 0 0 0 0 1 0 0 0 2 0 0 1 2 1 0 0 1 0 0 0 2 0 0 0 2 0 0 0 2 0 0 0 0 0 1 0 0 0 0 0 1 0 0 2 2 2 2 2 2 2 1 2 2 2 2 2 2 2 0 2 2 2 2 0 0 

 Inviabilidades: 0 
FO: 118937.181894
Tempo total:8.586
######################## FIM ###################

 ######################## 450 ###################

Vetor de solucoes: 
1 1 1 2 1 2 1 0 2 1 1 2 2 1 1 1 1 0 0 2 2 0 2 2 1 1 2 1 2 2 2 1 1 1 1 1 1 0 1 1 1 2 1 1 0 2 0 1 1 0 1 1 1 2 1 1 1 2 1 1 1 2 1 1 1 1 1 0 1 1 1 1 1 0 1 1 2 2 2 2 2 2 2 0 2 2 2 2 2 2 2 1 2 2 2 2 1 1 

 Inviabilidades: 0 
FO: 118937.181894
Tempo total:8.324
######################## FIM ###################

 ######################## 450 ###################

Vetor de solucoes: 
2 2 2 0 2 0 2 1 0 2 2 0 0 2 2 2 2 1 1 0 0 1 0 0 2 2 0 2 0 0 0 2 2 2 2 2 2 1 2 2 2 0 2 2 1 0 1 2 2 1 2 2 2 0 2 2 2 0 2 2 2 0 2 2 2 2 2 1 2 2 2 2 2 1 2 2 0 0 0 0 0 0 0 1 0 0 0 0 0 0 0 2 0 0 0 0 2 2 

 Inviabilidades: 0 
FO: 118937.181894
Tempo total:8.279
######################## FIM ###################

 ######################## 450 ###################

Vetor de solucoes: 
2 2 2 1 2 1 2 0 1 2 2 1 1 2 2 2 2 0 0 1 1 0 1 1 2 2 1 2 1 1 1 2 2 2 2 2 2 0 2 2 2 1 2 2 0 1 0 2 2 0 2 2 2 1 2 2 2 1 2 2 2 1 2 2 2 2 2 0 2 2 2 2 2 0 2 2 1 1 1 1 1 1 1 0 1 1 1 1 1 1 1 2 1 1 1 1 2 2 

 Inviabilidades: 0 
FO: 118937.181894
Tempo total:8.102
######################## FIM ###################

 ######################## 450 ###################

Vetor de solucoes: 
0 0 0 2 0 2 0 1 2 0 0 2 2 0 0 0 0 1 1 2 2 1 2 2 0 0 2 0 2 2 2 0 0 0 0 0 0 1 0 0 0 2 0 0 1 2 1 0 0 1 0 0 0 2 0 0 0 2 0 0 0 2 0 0 0 0 0 1 0 0 0 0 0 1 0 0 2 2 2 2 2 2 2 1 2 2 2 2 2 2 2 0 2 2 2 2 0 0 

 Inviabilidades: 0 
FO: 118937.181894
Tempo total:8.024
######################## FIM ###################

 ######################## 450 ###################

Vetor de solucoes: 
0 0 0 2 0 2 0 1 2 0 0 2 2 0 0 0 0 1 1 2 2 1 2 2 0 0 2 0 2 2 2 0 0 0 0 0 0 1 0 0 0 2 0 0 1 2 1 0 0 1 0 0 0 2 0 0 0 2 0 0 0 2 0 0 0 0 0 1 0 0 0 0 0 1 0 0 2 2 2 2 2 2 2 1 2 2 2 2 2 2 2 0 2 2 2 2 0 0 

 Inviabilidades: 0 
FO: 118937.181894
Tempo total:8.015
######################## FIM ###################

 ######################## 450 ###################

Vetor de solucoes: 
2 2 2 0 2 0 2 1 0 2 2 0 0 2 2 2 2 1 1 0 0 1 0 0 2 2 0 2 0 0 0 2 2 2 2 2 2 1 2 2 2 0 2 2 1 0 1 2 2 1 2 2 2 0 2 2 2 0 2 2 2 0 2 2 2 2 2 1 2 2 2 2 2 1 2 2 0 0 0 0 0 0 0 1 0 0 0 0 0 0 0 2 0 0 0 0 2 2 

 Inviabilidades: 0 
FO: 118937.181894
Tempo total:8.318
######################## FIM ###################

 ######################## 450 ###################

Vetor de solucoes: 
2 2 2 1 2 1 2 0 1 2 2 1 1 2 2 2 2 0 0 1 1 0 1 1 2 2 1 2 1 1 1 2 2 2 2 2 2 0 2 2 2 1 2 2 0 1 0 2 2 0 2 2 2 1 2 2 2 1 2 2 2 1 2 2 2 2 2 0 2 2 2 2 2 0 2 2 1 1 1 1 1 1 1 0 1 1 1 1 1 1 1 2 1 1 1 1 2 2 

 Inviabilidades: 0 
FO: 118937.181894
Tempo total:8.261
######################## FIM ###################

 ######################## 450 ###################

Vetor de solucoes: 
0 0 0 1 0 1 0 2 1 0 0 1 1 0 0 0 0 2 2 1 1 2 1 1 0 0 1 0 1 1 1 0 0 0 0 0 0 2 0 0 0 1 0 0 2 1 2 0 0 2 0 0 0 1 0 0 0 1 0 0 0 1 0 0 0 0 0 2 0 0 0 0 0 2 0 0 1 1 1 1 1 1 1 2 1 1 1 1 1 1 1 0 1 1 1 1 0 0 

 Inviabilidades: 0 
FO: 118937.181894
Tempo total:8.526
######################## FIM ###################

 ######################## 450 ###################

Vetor de solucoes: 
1 1 1 0 1 0 1 2 0 1 1 0 0 1 1 1 1 2 2 0 0 2 0 0 1 1 0 1 0 0 0 1 1 1 1 1 1 2 1 1 1 0 1 1 2 0 2 1 1 2 1 1 1 0 1 1 1 0 1 1 1 0 1 1 1 1 1 2 1 1 1 1 1 2 1 1 0 0 0 0 0 0 0 2 0 0 0 0 0 0 0 1 0 0 0 0 1 1 

 Inviabilidades: 0 
FO: 118937.181894
Tempo total:8.378
######################## FIM ###################

 ######################## 450 ###################

Vetor de solucoes: 
1 1 1 2 1 2 1 0 2 1 1 2 2 1 1 1 1 0 0 2 2 0 2 2 1 1 2 1 2 2 2 1 1 1 1 1 1 0 1 1 1 2 1 1 0 2 0 1 1 0 1 1 1 2 1 1 1 2 1 1 1 2 1 1 1 1 1 0 1 1 1 1 1 0 1 1 2 2 2 2 2 2 2 0 2 2 2 2 2 2 2 1 2 2 2 2 1 1 

 Inviabilidades: 0 
FO: 118937.181894
Tempo total:8.099
######################## FIM ###################

 ######################## 450 ###################

Vetor de solucoes: 
1 1 1 2 1 2 1 0 2 1 1 2 2 1 1 1 1 0 0 2 2 0 2 2 1 1 2 1 2 2 2 1 1 1 1 1 1 0 1 1 1 2 1 1 0 2 0 1 1 0 1 1 1 2 1 1 1 2 1 1 1 2 1 1 1 1 1 0 1 1 1 1 1 0 1 1 2 2 2 2 2 2 2 0 2 2 2 2 2 2 2 1 2 2 2 2 1 1 

 Inviabilidades: 0 
FO: 118937.181894
Tempo total:8.397
######################## FIM ###################

 ######################## 450 ###################

Vetor de solucoes: 
2 2 2 0 2 0 2 1 0 2 2 0 0 2 2 2 2 1 1 0 0 1 0 0 2 2 0 2 0 0 0 2 2 2 2 2 2 1 2 2 2 0 2 2 1 0 1 2 2 1 2 2 2 0 2 2 2 0 2 2 2 0 2 2 2 2 2 1 2 2 2 2 2 1 2 2 0 0 0 0 0 0 0 1 0 0 0 0 0 0 0 2 0 0 0 0 2 2 

 Inviabilidades: 0 
FO: 118937.181894
Tempo total:8.492
######################## FIM ###################

 ######################## 450 ###################

Vetor de solucoes: 
1 1 1 0 1 0 1 2 0 1 1 0 0 1 1 1 1 2 2 0 0 2 0 0 1 1 0 1 0 0 0 1 1 1 1 1 1 2 1 1 1 0 1 1 2 0 2 1 1 2 1 1 1 0 1 1 1 0 1 1 1 0 1 1 1 1 1 2 1 1 1 1 1 2 1 1 0 0 0 0 0 0 0 2 0 0 0 0 0 0 0 1 0 0 0 0 1 1 

 Inviabilidades: 0 
FO: 118937.181894
Tempo total:8.124
######################## FIM ###################

 ######################## 450 ###################

Vetor de solucoes: 
1 1 1 0 1 0 1 2 0 1 1 0 0 1 1 1 1 2 2 0 0 2 0 0 1 1 0 1 0 0 0 1 1 1 1 1 1 2 1 1 1 0 1 1 2 0 2 1 1 2 1 1 1 0 1 1 1 0 1 1 1 0 1 1 1 1 1 2 1 1 1 1 1 2 1 1 0 0 0 0 0 0 0 2 0 0 0 0 0 0 0 1 0 0 0 0 1 1 

 Inviabilidades: 0 
FO: 118937.181894
Tempo total:8.186
######################## FIM ###################

 ######################## 450 ###################

Vetor de solucoes: 
1 1 1 2 1 2 1 0 2 1 1 2 2 1 1 1 1 0 0 2 2 0 2 2 1 1 2 1 2 2 2 1 1 1 1 1 1 0 1 1 1 2 1 1 0 2 0 1 1 0 1 1 1 2 1 1 1 2 1 1 1 2 1 1 1 1 1 0 1 1 1 1 1 0 1 1 2 2 2 2 2 2 2 0 2 2 2 2 2 2 2 1 2 2 2 2 1 1 

 Inviabilidades: 0 
FO: 118937.181894
Tempo total:8.541
######################## FIM ###################

 ######################## 450 ###################

Vetor de solucoes: 
0 0 0 2 0 2 0 1 2 0 0 2 2 0 0 0 0 1 1 2 2 1 2 2 0 0 2 0 2 2 2 0 0 0 0 0 0 1 0 0 0 2 0 0 1 2 1 0 0 1 0 0 0 2 0 0 0 2 0 0 0 2 0 0 0 0 0 1 0 0 0 0 0 1 0 0 2 2 2 2 2 2 2 1 2 2 2 2 2 2 2 0 2 2 2 2 0 0 

 Inviabilidades: 0 
FO: 118937.181894
Tempo total:8.277
######################## FIM ###################

 ######################## 450 ###################

Vetor de solucoes: 
0 0 0 1 0 1 0 2 1 0 0 1 1 0 0 0 0 2 2 1 1 2 1 1 0 0 1 0 1 1 1 0 0 0 0 0 0 2 0 0 0 1 0 0 2 1 2 0 0 2 0 0 0 1 0 0 0 1 0 0 0 1 0 0 0 0 0 2 0 0 0 0 0 2 0 0 1 1 1 1 1 1 1 2 1 1 1 1 1 1 1 0 1 1 1 1 0 0 

 Inviabilidades: 0 
FO: 118937.181894
Tempo total:8.061
######################## FIM ###################

 ######################## 450 ###################

Vetor de solucoes: 
1 1 1 2 1 2 1 0 2 1 1 2 2 1 1 1 1 0 0 2 2 0 2 2 1 1 2 1 2 2 2 1 1 1 1 1 1 0 1 1 1 2 1 1 0 2 0 1 1 0 1 1 1 2 1 1 1 2 1 1 1 2 1 1 1 1 1 0 1 1 1 1 1 0 1 1 2 2 2 2 2 2 2 0 2 2 2 2 2 2 2 1 2 2 2 2 1 1 

 Inviabilidades: 0 
FO: 118937.181894
Tempo total:8.486
######################## FIM ###################

 ######################## 450 ###################

Vetor de solucoes: 
1 1 1 0 1 0 1 2 0 1 1 0 0 1 1 1 1 2 2 0 0 2 0 0 1 1 0 1 0 0 0 1 1 1 1 1 1 2 1 1 1 0 1 1 2 0 2 1 1 2 1 1 1 0 1 1 1 0 1 1 1 0 1 1 1 1 1 2 1 1 1 1 1 2 1 1 0 0 0 0 0 0 0 2 0 0 0 0 0 0 0 1 0 0 0 0 1 1 

 Inviabilidades: 0 
FO: 118937.181894
Tempo total:8.312
######################## FIM ###################

 ######################## 450 ###################

Vetor de solucoes: 
0 0 0 1 0 1 0 2 1 0 0 1 1 0 0 0 0 2 2 1 1 2 1 1 0 0 1 0 1 1 1 0 0 0 0 0 0 2 0 0 0 1 0 0 2 1 2 0 0 2 0 0 0 1 0 0 0 1 0 0 0 1 0 0 0 0 0 2 0 0 0 0 0 2 0 0 1 1 1 1 1 1 1 2 1 1 1 1 1 1 1 0 1 1 1 1 0 0 

 Inviabilidades: 0 
FO: 118937.181894
Tempo total:8.033
######################## FIM ###################

 ######################## 450 ###################

Vetor de solucoes: 
2 2 2 1 2 1 2 0 1 2 2 1 1 2 2 2 2 0 0 1 1 0 1 1 2 2 1 2 1 1 1 2 2 2 2 2 2 0 2 2 2 1 2 2 0 1 0 2 2 0 2 2 2 1 2 2 2 1 2 2 2 1 2 2 2 2 2 0 2 2 2 2 2 0 2 2 1 1 1 1 1 1 1 0 1 1 1 1 1 1 1 2 1 1 1 1 2 2 

 Inviabilidades: 0 
FO: 118937.181894
Tempo total:8.485
######################## FIM ###################

 ######################## 450 ###################

Vetor de solucoes: 
1 1 1 2 1 2 1 0 2 1 1 2 2 1 1 1 1 0 0 2 2 0 2 2 1 1 2 1 2 2 2 1 1 1 1 1 1 0 1 1 1 2 1 1 0 2 0 1 1 0 1 1 1 2 1 1 1 2 1 1 1 2 1 1 1 1 1 0 1 1 1 1 1 0 1 1 2 2 2 2 2 2 2 0 2 2 2 2 2 2 2 1 2 2 2 2 1 1 

 Inviabilidades: 0 
FO: 118937.181894
Tempo total:8.050
######################## FIM ###################

 ######################## 450 ###################

Vetor de solucoes: 
2 2 2 1 2 1 2 0 1 2 2 1 1 2 2 2 2 0 0 1 1 0 1 1 2 2 1 2 1 1 1 2 2 2 2 2 2 0 2 2 2 1 2 2 0 1 0 2 2 0 2 2 2 1 2 2 2 1 2 2 2 1 2 2 2 2 2 0 2 2 2 2 2 0 2 2 1 1 1 1 1 1 1 0 1 1 1 1 1 1 1 2 1 1 1 1 2 2 

 Inviabilidades: 0 
FO: 118937.181894
Tempo total:8.476
######################## FIM ###################

 ######################## 450 ###################

Vetor de solucoes: 
1 1 1 0 1 0 1 2 0 1 1 0 0 1 1 1 1 2 2 0 0 2 0 0 1 1 0 1 0 0 0 1 1 1 1 1 1 2 1 1 1 0 1 1 2 0 2 1 1 2 1 1 1 0 1 1 1 0 1 1 1 0 1 1 1 1 1 2 1 1 1 1 1 2 1 1 0 0 0 0 0 0 0 2 0 0 0 0 0 0 0 1 0 0 0 0 1 1 

 Inviabilidades: 0 
FO: 118937.181894
Tempo total:8.038
######################## FIM ###################

 ######################## 450 ###################

Vetor de solucoes: 
1 1 1 0 1 0 1 2 0 1 1 0 0 1 1 1 1 2 2 0 0 2 0 0 1 1 0 1 0 0 0 1 1 1 1 1 1 2 1 1 1 0 1 1 2 0 2 1 1 2 1 1 1 0 1 1 1 0 1 1 1 0 1 1 1 1 1 2 1 1 1 1 1 2 1 1 0 0 0 0 0 0 0 2 0 0 0 0 0 0 0 1 0 0 0 0 1 1 

 Inviabilidades: 0 
FO: 118937.181894
Tempo total:7.924
######################## FIM ###################

 ######################## 450 ###################

Vetor de solucoes: 
1 1 1 2 1 2 1 0 2 1 1 2 2 1 1 1 1 0 0 2 2 0 2 2 1 1 2 1 2 2 2 1 1 1 1 1 1 0 1 1 1 2 1 1 0 2 0 1 1 0 1 1 1 2 1 1 1 2 1 1 1 2 1 1 1 1 1 0 1 1 1 1 1 0 1 1 2 2 2 2 2 2 2 0 2 2 2 2 2 2 2 1 2 2 2 2 1 1 

 Inviabilidades: 0 
FO: 118937.181894
Tempo total:8.366
######################## FIM ###################

 ######################## 450 ###################

Vetor de solucoes: 
1 1 1 0 1 0 1 2 0 1 1 0 0 1 1 1 1 2 2 0 0 2 0 0 1 1 0 1 0 0 0 1 1 1 1 1 1 2 1 1 1 0 1 1 2 0 2 1 1 2 1 1 1 0 1 1 1 0 1 1 1 0 1 1 1 1 1 2 1 1 1 1 1 2 1 1 0 0 0 0 0 0 0 2 0 0 0 0 0 0 0 1 0 0 0 0 1 1 

 Inviabilidades: 0 
FO: 118937.181894
Tempo total:8.306
######################## FIM ###################

 ######################## 450 ###################

Vetor de solucoes: 
2 2 2 0 2 0 2 1 0 2 2 0 0 2 2 2 2 1 1 0 0 1 0 0 2 2 0 2 0 0 0 2 2 2 2 2 2 1 2 2 2 0 2 2 1 0 1 2 2 1 2 2 2 0 2 2 2 0 2 2 2 0 2 2 2 2 2 1 2 2 2 2 2 1 2 2 0 0 0 0 0 0 0 1 0 0 0 0 0 0 0 2 0 0 0 0 2 2 

 Inviabilidades: 0 
FO: 118937.181894
Tempo total:8.321
######################## FIM ###################

 ######################## 450 ###################

Vetor de solucoes: 
0 0 0 2 0 2 0 1 2 0 0 2 2 0 0 0 0 1 1 2 2 1 2 2 0 0 2 0 2 2 2 0 0 0 0 0 0 1 0 0 0 2 0 0 1 2 1 0 0 1 0 0 0 2 0 0 0 2 0 0 0 2 0 0 0 0 0 1 0 0 0 0 0 1 0 0 2 2 2 2 2 2 2 1 2 2 2 2 2 2 2 0 2 2 2 2 0 0 

 Inviabilidades: 0 
FO: 118937.181894
Tempo total:7.957
######################## FIM ###################

 ######################## 450 ###################

Vetor de solucoes: 
2 2 2 1 2 1 2 0 1 2 2 1 1 2 2 2 2 0 0 1 1 0 1 1 2 2 1 2 1 1 1 2 2 2 2 2 2 0 2 2 2 1 2 2 0 1 0 2 2 0 2 2 2 1 2 2 2 1 2 2 2 1 2 2 2 2 2 0 2 2 2 2 2 0 2 2 1 1 1 1 1 1 1 0 1 1 1 1 1 1 1 2 1 1 1 1 2 2 

 Inviabilidades: 0 
FO: 118937.181894
Tempo total:8.265
######################## FIM ###################

 ######################## 450 ###################

Vetor de solucoes: 
2 2 2 0 2 0 2 1 0 2 2 0 0 2 2 2 2 1 1 0 0 1 0 0 2 2 0 2 0 0 0 2 2 2 2 2 2 1 2 2 2 0 2 2 1 0 1 2 2 1 2 2 2 0 2 2 2 0 2 2 2 0 2 2 2 2 2 1 2 2 2 2 2 1 2 2 0 0 0 0 0 0 0 1 0 0 0 0 0 0 0 2 0 0 0 0 2 2 

 Inviabilidades: 0 
FO: 118937.181894
Tempo total:8.901
######################## FIM ###################

 ######################## 450 ###################

Vetor de solucoes: 
0 0 0 2 0 2 0 1 2 0 0 2 2 0 0 0 0 1 1 2 2 1 2 2 0 0 2 0 2 2 2 0 0 0 0 0 0 1 0 0 0 2 0 0 1 2 1 0 0 1 0 0 0 2 0 0 0 2 0 0 0 2 0 0 0 0 0 1 0 0 0 0 0 1 0 0 2 2 2 2 2 2 2 1 2 2 2 2 2 2 2 0 2 2 2 2 0 0 

 Inviabilidades: 0 
FO: 118937.181894
Tempo total:8.195
######################## FIM ###################
