
 ######################## 2 ###################

Vetor de solucoes: 
1 1 1 1 1 1 1 1 1 1 0 0 0 0 0 0 0 0 0 0 3 2 2 3 3 2 2 3 2 3 2 3 2 2 2 3 3 2 2 2 3 2 3 3 2 3 3 

 Inviabilidades: 0 
FO: 205.963736
Tempo total:4.381
######################## FIM ###################

 ######################## 2 ###################

Vetor de solucoes: 
0 0 0 0 0 0 0 0 0 0 2 2 2 2 2 2 2 2 2 2 3 1 1 3 3 1 1 3 1 3 1 3 1 1 1 3 3 1 1 1 3 1 3 3 1 3 3 

 Inviabilidades: 0 
FO: 205.963736
Tempo total:3.451
######################## FIM ###################

 ######################## 2 ###################

Vetor de solucoes: 
1 1 1 1 1 1 1 1 1 1 2 2 2 2 2 2 2 2 2 2 0 3 3 0 0 3 3 0 3 0 3 0 3 3 3 0 0 3 3 3 0 3 0 0 3 0 0 

 Inviabilidades: 0 
FO: 205.963736
Tempo total:1.784
######################## FIM ###################

 ######################## 2 ###################

Vetor de solucoes: 
1 1 1 1 1 1 1 1 1 1 3 3 3 3 3 3 3 3 3 3 0 2 2 0 0 2 2 0 2 0 2 0 2 2 2 0 0 2 2 2 0 2 0 0 2 0 0 

 Inviabilidades: 0 
FO: 205.963736
Tempo total:2.017
######################## FIM ###################

 ######################## 2 ###################

Vetor de solucoes: 
2 2 2 2 2 2 2 2 2 2 3 3 3 3 3 3 3 3 3 3 0 1 1 0 0 1 1 0 1 0 1 0 1 1 1 0 0 1 1 1 0 1 0 0 1 0 0 

 Inviabilidades: 0 
FO: 205.963736
Tempo total:2.638
######################## FIM ###################

 ######################## 2 ###################

Vetor de solucoes: 
3 3 3 3 3 3 3 3 3 3 1 1 1 1 1 1 1 1 1 1 0 2 2 0 0 2 2 0 2 0 2 0 2 2 2 0 0 2 2 2 0 2 0 0 2 0 0 

 Inviabilidades: 0 
FO: 205.963736
Tempo total:2.446
######################## FIM ###################

 ######################## 2 ###################

Vetor de solucoes: 
1 1 1 1 1 1 1 1 1 1 0 0 0 0 0 0 0 0 0 0 2 3 3 2 2 3 3 2 3 2 3 2 3 3 3 2 2 3 3 3 2 3 2 2 3 2 2 

 Inviabilidades: 0 
FO: 205.963736
Tempo total:2.535
######################## FIM ###################

 ######################## 2 ###################

Vetor de solucoes: 
0 0 0 0 0 0 0 0 0 0 2 2 2 2 2 2 2 2 2 2 1 3 3 1 1 3 3 1 3 1 3 1 3 3 3 1 1 3 3 3 1 3 1 1 3 1 1 

 Inviabilidades: 0 
FO: 205.963736
Tempo total:3.023
######################## FIM ###################

 ######################## 2 ###################

Vetor de solucoes: 
1 1 1 1 1 1 1 1 1 1 0 0 0 0 0 0 0 0 0 0 2 3 3 2 2 3 3 2 3 2 3 2 3 3 3 2 2 3 3 3 2 3 2 2 3 2 2 

 Inviabilidades: 0 
FO: 205.963736
Tempo total:2.414
######################## FIM ###################

 ######################## 2 ###################

Vetor de solucoes: 
2 2 2 2 2 2 2 2 2 2 0 0 0 0 0 0 0 0 0 0 1 3 3 1 1 3 3 1 3 1 3 1 3 3 3 1 1 3 3 3 1 3 1 1 3 1 1 

 Inviabilidades: 0 
FO: 205.963736
Tempo total:2.373
######################## FIM ###################

 ######################## 2 ###################

Vetor de solucoes: 
3 3 3 3 3 3 3 3 3 3 1 1 1 1 1 1 1 1 1 1 2 0 0 2 2 0 0 2 0 2 0 2 0 0 0 2 2 0 0 0 2 0 2 2 0 2 2 

 Inviabilidades: 0 
FO: 205.963736
Tempo total:2.211
######################## FIM ###################

 ######################## 2 ###################

Vetor de solucoes: 
1 1 1 1 1 1 1 1 1 1 0 0 0 0 0 0 0 0 0 0 2 3 3 2 2 3 3 2 3 2 3 2 3 3 3 2 2 3 3 3 2 3 2 2 3 2 2 

 Inviabilidades: 0 
FO: 205.963736
Tempo total:2.167
######################## FIM ###################

 ######################## 2 ###################

Vetor de solucoes: 
2 2 2 2 2 2 2 2 2 2 1 1 1 1 1 1 1 1 1 1 0 3 3 0 0 3 3 0 3 0 3 0 3 3 3 0 0 3 3 3 0 3 0 0 3 0 0 

 Inviabilidades: 0 
FO: 205.963736
Tempo total:2.069
######################## FIM ###################

 ######################## 2 ###################

Vetor de solucoes: 
2 2 2 2 2 2 2 2 2 2 0 0 0 0 0 0 0 0 0 0 3 1 1 3 3 1 1 3 1 3 1 3 1 1 1 3 3 1 1 1 3 1 3 3 1 3 3 

 Inviabilidades: 0 
FO: 205.963736
Tempo total:2.243
######################## FIM ###################

 ######################## 2 ###################

Vetor de solucoes: 
2 2 2 2 2 2 2 2 2 2 3 3 3 3 3 3 3 3 3 3 0 1 1 0 0 1 1 0 1 0 1 0 1 1 1 0 0 1 1 1 0 1 0 0 1 0 0 

 Inviabilidades: 0 
FO: 205.963736
Tempo total:2.170
######################## FIM ###################

 ######################## 2 ###################

Vetor de solucoes: 
2 2 2 2 2 2 2 2 2 2 1 1 1 1 1 1 1 1 1 1 3 0 0 3 3 0 0 3 0 3 0 3 0 0 0 3 3 0 0 0 3 0 3 3 0 3 3 

 Inviabilidades: 0 
FO: 205.963736
Tempo total:2.180
######################## FIM ###################

 ######################## 2 ###################

Vetor de solucoes: 
0 0 0 0 0 0 0 0 0 0 1 1 1 1 1 1 1 1 1 1 3 2 2 3 3 2 2 3 2 3 2 3 2 2 2 3 3 2 2 2 3 2 3 3 2 3 3 

 Inviabilidades: 0 
FO: 205.963736
Tempo total:2.330
######################## FIM ###################

 ######################## 2 ###################

Vetor de solucoes: 
1 1 1 1 1 1 1 1 1 1 0 0 0 0 0 0 0 0 0 0 2 3 3 2 2 3 3 2 3 2 3 2 3 3 3 2 2 3 3 3 2 3 2 2 3 2 2 

 Inviabilidades: 0 
FO: 205.963736
Tempo total:2.624
######################## FIM ###################

 ######################## 2 ###################

Vetor de solucoes: 
2 2 2 2 2 2 2 2 2 2 3 3 3 3 3 3 3 3 3 3 0 1 1 0 0 1 1 0 1 0 1 0 1 1 1 0 0 1 1 1 0 1 0 0 1 0 0 

 Inviabilidades: 0 
FO: 205.963736
Tempo total:2.330
######################## FIM ###################

 ######################## 2 ###################

Vetor de solucoes: 
0 0 0 0 0 0 0 0 0 0 2 2 2 2 2 2 2 2 2 2 3 1 1 3 3 1 1 3 1 3 1 3 1 1 1 3 3 1 1 1 3 1 3 3 1 3 3 

 Inviabilidades: 0 
FO: 205.963736
Tempo total:2.186
######################## FIM ###################

 ######################## 2 ###################

Vetor de solucoes: 
3 3 3 3 3 3 3 3 3 3 0 0 0 0 0 0 0 0 0 0 1 2 2 1 1 2 2 1 2 1 2 1 2 2 2 1 1 2 2 2 1 2 1 1 2 1 1 

 Inviabilidades: 0 
FO: 205.963736
Tempo total:2.178
######################## FIM ###################

 ######################## 2 ###################

Vetor de solucoes: 
2 2 2 2 2 2 2 2 2 2 3 3 3 3 3 3 3 3 3 3 0 1 1 0 0 1 1 0 1 0 1 0 1 1 1 0 0 1 1 1 0 1 0 0 1 0 0 

 Inviabilidades: 0 
FO: 205.963736
Tempo total:2.154
######################## FIM ###################

 ######################## 2 ###################

Vetor de solucoes: 
1 1 1 1 1 1 1 1 1 1 0 0 0 0 0 0 0 0 0 0 2 3 3 2 2 3 3 2 3 2 3 2 3 3 3 2 2 3 3 3 2 3 2 2 3 2 2 

 Inviabilidades: 0 
FO: 205.963736
Tempo total:2.487
######################## FIM ###################

 ######################## 2 ###################

Vetor de solucoes: 
3 3 3 3 3 3 3 3 3 3 2 2 2 2 2 2 2 2 2 2 1 0 0 1 1 0 0 1 0 1 0 1 0 0 0 1 1 0 0 0 1 0 1 1 0 1 1 

 Inviabilidades: 0 
FO: 205.963736
Tempo total:2.548
######################## FIM ###################

 ######################## 2 ###################

Vetor de solucoes: 
0 0 0 0 0 0 0 0 0 0 3 3 3 3 3 3 3 3 3 3 1 2 2 1 1 2 2 1 2 1 2 1 2 2 2 1 1 2 2 2 1 2 1 1 2 1 1 

 Inviabilidades: 0 
FO: 205.963736
Tempo total:2.078
######################## FIM ###################

 ######################## 2 ###################

Vetor de solucoes: 
1 1 1 1 1 1 1 1 1 1 3 3 3 3 3 3 3 3 3 3 0 2 2 0 0 2 2 0 2 0 2 0 2 2 2 0 0 2 2 2 0 2 0 0 2 0 0 

 Inviabilidades: 0 
FO: 205.963736
Tempo total:2.081
######################## FIM ###################

 ######################## 2 ###################

Vetor de solucoes: 
1 1 1 1 1 1 1 1 1 1 3 3 3 3 3 3 3 3 3 3 0 2 2 0 0 2 2 0 2 0 2 0 2 2 2 0 0 2 2 2 0 2 0 0 2 0 0 

 Inviabilidades: 0 
FO: 205.963736
Tempo total:2.040
######################## FIM ###################

 ######################## 2 ###################

Vetor de solucoes: 
0 0 0 0 0 0 0 0 0 0 3 3 3 3 3 3 3 3 3 3 2 1 1 2 2 1 1 2 1 2 1 2 1 1 1 2 2 1 1 1 2 1 2 2 1 2 2 

 Inviabilidades: 0 
FO: 205.963736
Tempo total:2.041
######################## FIM ###################

 ######################## 2 ###################

Vetor de solucoes: 
2 2 2 2 2 2 2 2 2 2 3 3 3 3 3 3 3 3 3 3 1 0 0 1 1 0 0 1 0 1 0 1 0 0 0 1 1 0 0 0 1 0 1 1 0 1 1 

 Inviabilidades: 0 
FO: 205.963736
Tempo total:2.033
######################## FIM ###################

 ######################## 2 ###################

Vetor de solucoes: 
0 0 0 0 0 0 0 0 0 0 1 1 1 1 1 1 1 1 1 1 3 2 2 3 3 2 2 3 2 3 2 3 2 2 2 3 3 2 2 2 3 2 3 3 2 3 3 

 Inviabilidades: 0 
FO: 205.963736
Tempo total:1.728
######################## FIM ###################

 ######################## 2 ###################

Vetor de solucoes: 
3 3 3 3 3 3 3 3 3 3 1 1 1 1 1 1 1 1 1 1 0 2 2 0 0 2 2 0 2 0 2 0 2 2 2 0 0 2 2 2 0 2 0 0 2 0 0 

 Inviabilidades: 0 
FO: 205.963736
Tempo total:1.528
######################## FIM ###################

 ######################## 2 ###################

Vetor de solucoes: 
2 2 2 2 2 2 2 2 2 2 0 0 0 0 0 0 0 0 0 0 3 1 1 3 3 1 1 3 1 3 1 3 1 1 1 3 3 1 1 1 3 1 3 3 1 3 3 

 Inviabilidades: 0 
FO: 205.963736
Tempo total:1.587
######################## FIM ###################

 ######################## 2 ###################

Vetor de solucoes: 
1 1 1 1 1 1 1 1 1 1 2 2 2 2 2 2 2 2 2 2 0 3 3 0 0 3 3 0 3 0 3 0 3 3 3 0 0 3 3 3 0 3 0 0 3 0 0 

 Inviabilidades: 0 
FO: 205.963736
Tempo total:1.551
######################## FIM ###################

 ######################## 2 ###################

Vetor de solucoes: 
2 2 2 2 2 2 2 2 2 2 1 1 1 1 1 1 1 1 1 1 0 3 3 0 0 3 3 0 3 0 3 0 3 3 3 0 0 3 3 3 0 3 0 0 3 0 0 

 Inviabilidades: 0 
FO: 205.963736
Tempo total:1.687
######################## FIM ###################

 ######################## 2 ###################

Vetor de solucoes: 
0 0 0 0 0 0 0 0 0 0 3 3 3 3 3 3 3 3 3 3 1 2 2 1 1 2 2 1 2 1 2 1 2 2 2 1 1 2 2 2 1 2 1 1 2 1 1 

 Inviabilidades: 0 
FO: 205.963736
Tempo total:1.676
######################## FIM ###################

 ######################## 2 ###################

Vetor de solucoes: 
0 0 0 0 0 0 0 0 0 0 2 2 2 2 2 2 2 2 2 2 1 3 3 1 1 3 3 1 3 1 3 1 3 3 3 1 1 3 3 3 1 3 1 1 3 1 1 

 Inviabilidades: 0 
FO: 205.963736
Tempo total:1.612
######################## FIM ###################

 ######################## 2 ###################

Vetor de solucoes: 
2 2 2 2 2 2 2 2 2 2 0 0 0 0 0 0 0 0 0 0 3 1 1 3 3 1 1 3 1 3 1 3 1 1 1 3 3 1 1 1 3 1 3 3 1 3 3 

 Inviabilidades: 0 
FO: 205.963736
Tempo total:1.578
######################## FIM ###################

 ######################## 2 ###################

Vetor de solucoes: 
3 3 3 3 3 3 3 3 3 3 1 1 1 1 1 1 1 1 1 1 2 0 0 2 2 0 0 2 0 2 0 2 0 0 0 2 2 0 0 0 2 0 2 2 0 2 2 

 Inviabilidades: 0 
FO: 205.963736
Tempo total:1.924
######################## FIM ###################

 ######################## 2 ###################

Vetor de solucoes: 
1 1 1 1 1 1 1 1 1 1 3 3 3 3 3 3 3 3 3 3 2 0 0 2 2 0 0 2 0 2 0 2 0 0 0 2 2 0 0 0 2 0 2 2 0 2 2 

 Inviabilidades: 0 
FO: 205.963736
Tempo total:2.241
######################## FIM ###################

 ######################## 2 ###################

Vetor de solucoes: 
0 0 0 0 0 0 0 0 0 0 3 3 3 3 3 3 3 3 3 3 2 1 1 2 2 1 1 2 1 2 1 2 1 1 1 2 2 1 1 1 2 1 2 2 1 2 2 

 Inviabilidades: 0 
FO: 205.963736
Tempo total:2.102
######################## FIM ###################

 ######################## 2 ###################

Vetor de solucoes: 
2 2 2 2 2 2 2 2 2 2 0 0 0 0 0 0 0 0 0 0 1 3 3 1 1 3 3 1 3 1 3 1 3 3 3 1 1 3 3 3 1 3 1 1 3 1 1 

 Inviabilidades: 0 
FO: 205.963736
Tempo total:2.251
######################## FIM ###################

 ######################## 2 ###################

Vetor de solucoes: 
0 0 0 0 0 0 0 0 0 0 2 2 2 2 2 2 2 2 2 2 1 3 3 1 1 3 3 1 3 1 3 1 3 3 3 1 1 3 3 3 1 3 1 1 3 1 1 

 Inviabilidades: 0 
FO: 205.963736
Tempo total:2.046
######################## FIM ###################

 ######################## 2 ###################

Vetor de solucoes: 
1 1 1 1 1 1 1 1 1 1 2 2 2 2 2 2 2 2 2 2 3 0 0 3 3 0 0 3 0 3 0 3 0 0 0 3 3 0 0 0 3 0 3 3 0 3 3 

 Inviabilidades: 0 
FO: 205.963736
Tempo total:2.147
######################## FIM ###################

 ######################## 2 ###################

Vetor de solucoes: 
2 2 2 2 2 2 2 2 2 2 1 1 1 1 1 1 1 1 1 1 0 3 3 0 0 3 3 0 3 0 3 0 3 3 3 0 0 3 3 3 0 3 0 0 3 0 0 

 Inviabilidades: 0 
FO: 205.963736
Tempo total:2.094
######################## FIM ###################

 ######################## 2 ###################

Vetor de solucoes: 
3 3 3 3 3 3 3 3 3 3 2 2 2 2 2 2 2 2 2 2 1 0 0 1 1 0 0 1 0 1 0 1 0 0 0 1 1 0 0 0 1 0 1 1 0 1 1 

 Inviabilidades: 0 
FO: 205.963736
Tempo total:2.129
######################## FIM ###################

 ######################## 2 ###################

Vetor de solucoes: 
1 1 1 1 1 1 1 1 1 1 3 3 3 3 3 3 3 3 3 3 0 2 2 0 0 2 2 0 2 0 2 0 2 2 2 0 0 2 2 2 0 2 0 0 2 0 0 

 Inviabilidades: 0 
FO: 205.963736
Tempo total:2.119
######################## FIM ###################

 ######################## 2 ###################

Vetor de solucoes: 
1 1 1 1 1 1 1 1 1 1 2 2 2 2 2 2 2 2 2 2 3 0 0 3 3 0 0 3 0 3 0 3 0 0 0 3 3 0 0 0 3 0 3 3 0 3 3 

 Inviabilidades: 0 
FO: 205.963736
Tempo total:2.159
######################## FIM ###################

 ######################## 2 ###################

Vetor de solucoes: 
3 3 3 3 3 3 3 3 3 3 2 2 2 2 2 2 2 2 2 2 1 0 0 1 1 0 0 1 0 1 0 1 0 0 0 1 1 0 0 0 1 0 1 1 0 1 1 

 Inviabilidades: 0 
FO: 205.963736
Tempo total:2.122
######################## FIM ###################

 ######################## 2 ###################

Vetor de solucoes: 
1 1 1 1 1 1 1 1 1 1 0 0 0 0 0 0 0 0 0 0 2 3 3 2 2 3 3 2 3 2 3 2 3 3 3 2 2 3 3 3 2 3 2 2 3 2 2 

 Inviabilidades: 0 
FO: 205.963736
Tempo total:2.052
######################## FIM ###################

 ######################## 2 ###################

Vetor de solucoes: 
1 1 1 1 1 1 1 1 1 1 0 0 0 0 0 0 0 0 0 0 3 2 2 3 3 2 2 3 2 3 2 3 2 2 2 3 3 2 2 2 3 2 3 3 2 3 3 

 Inviabilidades: 0 
FO: 205.963736
Tempo total:2.109
######################## FIM ###################
