
######################## 150 ###################

Vetor de solucoes: 
0 0 0 1 2 1 2 0 1 2 2 1 1 2 2 2 2 0 0 1 1 0 1 1 2 2 1 2 1 1 1 2 2 2 2 2 2 0 2 2 2 1 2 2 0 1 0 2 2 2 2 2 2 1 2 2 2 1 2 2 2 1 2 2 2 2 2 0 2 2 2 2 0 0 2 2 0 1 1 1 1 1 1 1 1 1 1 1 1 1 1 2 1 1 1 1 2 2 

 Inviabilidades: 0 
FO: 118842.855563
Tempo total:6.020
######################## FIM ###################

######################## 150 ###################

Vetor de solucoes: 
1 1 1 0 2 0 2 1 1 2 2 0 0 2 2 2 2 1 1 0 0 1 0 0 2 2 1 2 0 0 0 2 2 2 1 2 2 1 2 2 2 0 2 2 1 0 1 2 2 1 2 1 1 0 1 2 2 0 2 2 2 0 2 2 2 2 2 1 2 2 2 2 2 1 2 2 1 0 0 0 0 0 0 0 0 0 0 0 0 0 0 2 0 0 0 0 2 2 

 Inviabilidades: 0 
FO: 118723.366528
Tempo total:5.904
######################## FIM ###################
