
 ######################## 150 ###################

Vetor de solucoes: 
0 0 0 1 2 1 2 0 1 2 2 1 1 2 2 2 2 0 0 1 1 0 1 1 2 2 1 2 1 1 1 2 2 2 2 2 2 0 2 2 2 1 2 2 0 1 0 2 2 2 2 2 2 1 2 2 2 1 2 2 2 1 2 2 2 2 2 0 2 2 2 2 0 0 2 2 0 1 1 1 1 1 1 1 1 1 1 1 1 1 1 2 1 1 1 1 2 2 

 Inviabilidades: 0 
FO: 118842.855563
Tempo total:6.020
######################## FIM ###################

 ######################## 150 ###################

Vetor de solucoes: 
1 1 1 2 1 2 0 1 2 0 1 2 2 0 0 0 0 1 1 2 2 1 2 2 0 0 2 0 2 2 2 0 0 0 1 0 0 1 2 0 0 2 0 0 1 2 1 0 0 1 0 1 1 2 1 0 1 2 0 0 0 2 0 0 0 0 1 1 0 0 0 0 1 1 0 0 1 2 2 2 2 2 2 2 2 2 2 2 2 2 2 0 2 2 2 2 0 0 

 Inviabilidades: 1 
FO: 118395.322075
Tempo total:6.680
######################## FIM ###################

 ######################## 150 ###################

Vetor de solucoes: 
2 2 2 1 2 1 0 2 1 0 2 1 1 0 0 0 0 2 2 1 1 2 1 1 0 0 1 0 1 1 1 0 0 0 2 0 0 2 1 0 0 1 0 0 2 1 2 0 0 2 0 2 2 1 2 0 2 1 0 0 0 1 0 0 0 0 2 2 0 0 0 0 2 2 0 0 2 1 1 1 1 1 1 1 1 1 1 1 1 1 1 0 1 1 1 1 0 0 

 Inviabilidades: 1 
FO: 118395.322075
Tempo total:6.313
######################## FIM ###################

 ######################## 150 ###################

Vetor de solucoes: 
2 2 2 0 2 0 1 2 0 1 2 0 0 1 1 1 1 2 2 0 0 2 0 0 1 1 0 1 0 0 0 1 1 1 2 1 1 2 0 1 1 0 1 1 2 0 2 1 1 2 1 2 2 0 2 1 2 0 1 1 1 0 1 1 1 1 2 2 1 1 1 1 2 2 1 1 2 0 0 0 0 0 0 0 0 0 0 0 0 0 0 1 0 0 0 0 1 1 

 Inviabilidades: 1 
FO: 118395.322075
Tempo total:5.690
######################## FIM ###################

 ######################## 150 ###################

Vetor de solucoes: 
1 1 1 2 0 2 0 1 2 0 0 2 2 0 0 0 0 1 1 2 2 1 2 2 0 0 2 0 2 2 2 0 0 0 0 0 0 1 0 0 0 2 0 0 1 2 1 0 0 0 0 0 0 2 0 0 0 2 0 0 0 2 0 0 0 0 0 1 0 0 0 0 1 1 0 0 1 2 2 2 2 2 2 2 2 2 2 2 2 2 2 0 2 2 2 2 0 0 

 Inviabilidades: 0 
FO: 118842.855563
Tempo total:6.193
######################## FIM ###################

 ######################## 150 ###################

Vetor de solucoes: 
1 1 1 0 2 0 2 1 1 2 2 0 0 2 2 2 2 1 1 0 0 1 0 0 2 2 1 2 0 0 0 2 2 2 1 2 2 1 2 2 2 0 2 2 1 0 1 2 2 1 2 1 1 0 1 2 2 0 2 2 2 0 2 2 2 2 2 1 2 2 2 2 2 1 2 2 1 0 0 0 0 0 0 0 0 0 0 0 0 0 0 2 0 0 0 0 2 2 

 Inviabilidades: 0 
FO: 118723.366528
Tempo total:5.904
######################## FIM ###################

 ######################## 150 ###################

Vetor de solucoes: 
0 0 0 1 2 1 2 0 1 2 2 1 1 2 2 2 2 0 0 1 1 0 1 1 2 2 1 2 1 1 1 2 2 2 2 2 2 0 2 2 2 1 2 2 0 1 0 2 2 2 2 2 2 1 2 2 2 1 2 2 2 1 2 2 2 2 2 0 2 2 2 2 0 0 2 2 0 1 1 1 1 1 1 1 1 1 1 1 1 1 1 2 1 1 1 1 2 2 

 Inviabilidades: 0 
FO: 118842.855563
Tempo total:6.036
######################## FIM ###################

 ######################## 150 ###################

Vetor de solucoes: 
0 0 0 1 2 1 2 0 1 2 2 1 1 2 2 2 2 0 0 1 1 0 1 1 2 2 1 2 1 1 1 2 2 2 2 2 2 0 2 2 2 1 2 2 0 1 0 2 2 2 2 2 2 1 2 2 2 1 2 2 2 1 2 2 2 2 2 0 2 2 2 2 0 0 2 2 0 1 1 1 1 1 1 1 1 1 1 1 1 1 1 2 1 1 1 1 2 2 

 Inviabilidades: 0 
FO: 118842.855563
Tempo total:5.963
######################## FIM ###################

 ######################## 150 ###################

Vetor de solucoes: 
2 2 2 1 0 1 0 2 2 0 0 1 1 0 0 0 0 2 2 1 1 2 1 1 0 0 2 0 1 1 1 0 0 0 2 0 0 2 0 0 0 1 0 0 2 1 2 0 0 2 0 2 2 1 2 0 0 1 0 0 0 1 0 0 0 0 0 2 0 0 0 0 0 2 0 0 2 1 1 1 1 1 1 1 1 1 1 1 1 1 1 0 1 1 1 1 0 0 

 Inviabilidades: 0 
FO: 118723.366528
Tempo total:5.847
######################## FIM ###################

 ######################## 150 ###################

Vetor de solucoes: 
0 0 0 2 1 2 1 0 2 1 1 2 2 1 1 1 1 0 0 2 2 0 2 2 1 1 2 1 2 2 2 1 1 1 1 1 1 0 1 1 1 2 1 1 0 2 0 1 1 1 1 1 1 2 1 1 1 2 1 1 1 2 1 1 1 1 1 0 1 1 1 1 0 0 1 1 0 2 2 2 2 2 2 2 2 2 2 2 2 2 2 1 2 2 2 2 1 1 

 Inviabilidades: 0 
FO: 118842.855563
Tempo total:6.249
######################## FIM ###################

 ######################## 150 ###################

Vetor de solucoes: 
2 2 2 0 1 0 1 2 2 1 1 0 0 1 1 1 1 2 2 0 0 2 0 0 1 1 2 1 0 0 0 1 1 1 2 1 1 2 1 1 1 0 1 1 2 0 2 1 1 2 1 2 2 0 2 1 1 0 1 1 1 0 1 1 1 1 1 2 1 1 1 1 1 2 1 1 2 0 0 0 0 0 0 0 0 0 0 0 0 0 0 1 0 0 0 0 1 1 

 Inviabilidades: 0 
FO: 118723.366528
Tempo total:5.938
######################## FIM ###################

 ######################## 150 ###################

Vetor de solucoes: 
0 0 0 2 1 2 1 0 0 1 1 2 2 1 1 1 1 0 0 2 2 0 2 2 1 1 0 1 2 2 2 1 1 1 0 1 1 0 1 1 1 2 1 1 0 2 0 1 1 0 1 0 0 2 0 1 1 2 1 1 1 2 1 1 1 1 1 0 1 1 1 1 1 0 1 1 0 2 2 2 2 2 2 2 2 2 2 2 2 2 2 1 2 2 2 2 1 1 

 Inviabilidades: 0 
FO: 118723.366528
Tempo total:5.891
######################## FIM ###################

 ######################## 150 ###################

Vetor de solucoes: 
2 2 2 1 2 1 0 2 1 0 2 1 1 0 0 0 0 2 2 1 1 2 1 1 0 0 1 0 1 1 1 0 0 0 2 0 0 2 1 0 0 1 0 0 2 1 2 0 0 2 0 2 2 1 2 0 2 1 0 0 0 1 0 0 0 0 2 2 0 0 0 0 2 2 0 0 2 1 1 1 1 1 1 1 1 1 1 1 1 1 1 0 1 1 1 1 0 0 

 Inviabilidades: 1 
FO: 118395.322075
Tempo total:6.430
######################## FIM ###################

 ######################## 150 ###################

Vetor de solucoes: 
2 2 2 0 2 0 1 2 0 1 2 0 0 1 1 1 1 2 2 0 0 2 0 0 1 1 0 1 0 0 0 1 1 1 2 1 1 2 0 1 1 0 1 1 2 0 2 1 1 2 1 2 2 0 2 1 2 0 1 1 1 0 1 1 1 1 2 2 1 1 1 1 2 2 1 1 2 0 0 0 0 0 0 0 0 0 0 0 0 0 0 1 0 0 0 0 1 1 

 Inviabilidades: 1 
FO: 118395.322075
Tempo total:6.181
######################## FIM ###################

 ######################## 150 ###################

Vetor de solucoes: 
1 1 1 2 1 2 0 1 2 0 1 2 2 0 0 0 0 1 1 2 2 1 2 2 0 0 2 0 2 2 2 0 0 0 1 0 0 1 2 0 0 2 0 0 1 2 1 0 0 1 0 1 1 2 1 0 1 2 0 0 0 2 0 0 0 0 1 1 0 0 0 0 1 1 0 0 1 2 2 2 2 2 2 2 2 2 2 2 2 2 2 0 2 2 2 2 0 0 

 Inviabilidades: 1 
FO: 118395.322075
Tempo total:6.469
######################## FIM ###################

 ######################## 150 ###################

Vetor de solucoes: 
2 2 2 1 0 1 0 2 2 0 0 1 1 0 0 0 0 2 2 1 1 2 1 1 0 0 2 0 1 1 1 0 0 0 2 0 0 2 0 0 0 1 0 0 2 1 2 0 0 2 0 2 2 1 2 0 0 1 0 0 0 1 0 0 0 0 0 2 0 0 0 0 0 2 0 0 2 1 1 1 1 1 1 1 1 1 1 1 1 1 1 0 1 1 1 1 0 0 

 Inviabilidades: 0 
FO: 118723.366528
Tempo total:5.816
######################## FIM ###################

 ######################## 150 ###################

Vetor de solucoes: 
2 2 2 1 0 1 0 2 1 0 0 1 1 0 0 0 0 2 2 1 1 2 1 1 0 0 1 0 1 1 1 0 0 0 0 0 0 2 0 0 0 1 0 0 2 1 2 0 0 0 0 0 0 1 0 0 0 1 0 0 0 1 0 0 0 0 0 2 0 0 0 0 2 2 0 0 2 1 1 1 1 1 1 1 1 1 1 1 1 1 1 0 1 1 1 1 0 0 

 Inviabilidades: 0 
FO: 118842.855563
Tempo total:5.897
######################## FIM ###################

 ######################## 150 ###################

Vetor de solucoes: 
1 1 1 2 0 2 0 1 1 0 0 2 2 0 0 0 0 1 1 2 2 1 2 2 0 0 1 0 2 2 2 0 0 0 1 0 0 1 0 0 0 2 0 0 1 2 1 0 0 1 0 1 1 2 1 0 0 2 0 0 0 2 0 0 0 0 0 1 0 0 0 0 0 1 0 0 1 2 2 2 2 2 2 2 2 2 2 2 2 2 2 0 2 2 2 2 0 0 

 Inviabilidades: 0 
FO: 118723.366528
Tempo total:6.387
######################## FIM ###################

 ######################## 150 ###################

Vetor de solucoes: 
2 2 2 0 1 0 1 2 0 1 1 0 0 1 1 1 1 2 2 0 0 2 0 0 1 1 0 1 0 0 0 1 1 1 1 1 1 2 1 1 1 0 1 1 2 0 2 1 1 1 1 1 1 0 1 1 1 0 1 1 1 0 1 1 1 1 1 2 1 1 1 1 2 2 1 1 2 0 0 0 0 0 0 0 0 0 0 0 0 0 0 1 0 0 0 0 1 1 

 Inviabilidades: 0 
FO: 118842.855563
Tempo total:5.617
######################## FIM ###################

 ######################## 150 ###################

Vetor de solucoes: 
1 1 1 0 2 0 2 1 0 2 2 0 0 2 2 2 2 1 1 0 0 1 0 0 2 2 0 2 0 0 0 2 2 2 2 2 2 1 2 2 2 0 2 2 1 0 1 2 2 2 2 2 2 0 2 2 2 0 2 2 2 0 2 2 2 2 2 1 2 2 2 2 1 1 2 2 1 0 0 0 0 0 0 0 0 0 0 0 0 0 0 2 0 0 0 0 2 2 

 Inviabilidades: 0 
FO: 118842.855563
Tempo total:5.694
######################## FIM ###################

 ######################## 150 ###################

Vetor de solucoes: 
0 0 0 2 1 2 1 0 0 1 1 2 2 1 1 1 1 0 0 2 2 0 2 2 1 1 0 1 2 2 2 1 1 1 0 1 1 0 1 1 1 2 1 1 0 2 0 1 1 0 1 0 0 2 0 1 1 2 1 1 1 2 1 1 1 1 1 0 1 1 1 1 1 0 1 1 0 2 2 2 2 2 2 2 2 2 2 2 2 2 2 1 2 2 2 2 1 1 

 Inviabilidades: 0 
FO: 118723.366528
Tempo total:5.683
######################## FIM ###################

 ######################## 150 ###################

Vetor de solucoes: 
1 1 1 2 1 2 1 0 2 1 1 2 2 1 1 1 1 0 0 2 2 0 2 2 1 1 2 1 2 2 2 1 1 1 1 1 1 0 1 1 1 2 1 1 0 2 0 1 1 1 1 1 1 2 1 1 1 2 1 1 1 2 1 1 1 1 1 0 1 1 1 1 1 0 1 1 0 2 2 2 2 2 2 2 2 2 2 2 2 2 2 1 2 2 2 2 1 1 

 Inviabilidades: 0 
FO: 118970.246904
Tempo total:6.128
######################## FIM ###################

 ######################## 150 ###################

Vetor de solucoes: 
2 2 2 1 0 1 0 2 2 0 0 1 1 0 0 0 0 2 2 1 1 2 1 1 0 0 2 0 1 1 1 0 0 0 2 0 0 2 0 0 0 1 0 0 2 1 2 0 0 2 0 2 2 1 2 0 0 1 0 0 0 1 0 0 0 0 0 2 0 0 0 0 0 2 0 0 2 1 1 1 1 1 1 1 1 1 1 1 1 1 1 0 1 1 1 1 0 0 

 Inviabilidades: 0 
FO: 118723.366528
Tempo total:5.904
######################## FIM ###################

 ######################## 150 ###################

Vetor de solucoes: 
0 0 0 1 0 1 2 0 1 2 0 1 1 2 2 2 2 0 0 1 1 0 1 1 2 2 1 2 1 1 1 2 2 2 0 2 2 0 1 2 2 1 2 2 0 1 0 2 2 0 2 0 0 1 0 2 0 1 2 2 2 1 2 2 2 2 0 0 2 2 2 2 0 0 2 2 0 1 1 1 1 1 1 1 1 1 1 1 1 1 1 2 1 1 1 1 2 2 

 Inviabilidades: 1 
FO: 118395.322075
Tempo total:6.341
######################## FIM ###################

 ######################## 150 ###################

Vetor de solucoes: 
1 1 1 0 1 0 2 1 0 2 1 0 0 2 2 2 2 1 1 0 0 1 0 0 2 2 0 2 0 0 0 2 2 2 1 2 2 1 0 2 2 0 2 2 1 0 1 2 2 1 2 1 1 0 1 2 1 0 2 2 2 0 2 2 2 2 1 1 2 2 2 2 1 1 2 2 1 0 0 0 0 0 0 0 0 0 0 0 0 0 0 2 0 0 0 0 2 2 

 Inviabilidades: 1 
FO: 118395.322075
Tempo total:6.031
######################## FIM ###################

 ######################## 150 ###################

Vetor de solucoes: 
1 1 1 2 0 2 0 1 2 0 0 2 2 0 0 0 0 1 1 2 2 1 2 2 0 0 2 0 2 2 2 0 0 0 0 0 0 1 0 0 0 2 0 0 1 2 1 0 0 0 0 0 0 2 0 0 0 2 0 0 0 2 0 0 0 0 0 1 0 0 0 0 1 1 0 0 1 2 2 2 2 2 2 2 2 2 2 2 2 2 2 0 2 2 2 2 0 0 

 Inviabilidades: 0 
FO: 118842.855563
Tempo total:6.280
######################## FIM ###################

 ######################## 150 ###################

Vetor de solucoes: 
1 0 0 2 1 0 1 0 0 1 1 0 0 1 1 1 1 0 0 2 0 2 0 0 1 1 0 1 0 0 2 1 1 1 0 1 1 0 1 1 1 0 1 1 0 2 0 1 1 0 1 0 1 0 1 1 1 0 1 1 1 1 1 1 1 1 1 0 1 1 1 1 1 1 1 1 0 2 0 0 2 1 0 0 0 0 0 0 0 0 0 1 2 0 0 0 1 1 

 Inviabilidades: 0 
FO: 119989.845885
Tempo total:5.441
######################## FIM ###################

 ######################## 150 ###################

Vetor de solucoes: 
0 0 0 2 0 2 1 0 2 1 0 2 2 1 1 1 1 0 0 2 2 0 2 2 1 1 2 1 2 2 2 1 1 1 0 1 1 0 2 1 1 2 1 1 0 2 0 1 1 0 1 0 0 2 0 1 0 2 1 1 1 2 1 1 1 1 0 0 1 1 1 1 0 0 1 1 0 2 2 2 2 2 2 2 2 2 2 2 2 2 2 1 2 2 2 2 1 1 

 Inviabilidades: 1 
FO: 118395.322075
Tempo total:6.007
######################## FIM ###################

 ######################## 150 ###################

Vetor de solucoes: 
1 1 1 0 2 0 2 1 1 2 2 0 0 2 2 2 2 1 1 0 0 1 0 0 2 2 1 2 0 0 0 2 2 2 1 2 2 1 2 2 2 0 2 2 1 0 1 2 2 1 2 1 1 0 1 2 2 0 2 2 2 0 2 2 2 2 2 1 2 2 2 2 2 1 2 2 1 0 0 0 0 0 0 0 0 0 0 0 0 0 0 2 0 0 0 0 2 2 

 Inviabilidades: 0 
FO: 118723.366528
Tempo total:5.818
######################## FIM ###################

 ######################## 150 ###################

Vetor de solucoes: 
0 0 0 1 0 1 2 0 1 2 0 1 1 2 2 2 2 0 0 1 1 0 1 1 2 2 1 2 1 1 1 2 2 2 0 2 2 0 1 2 2 1 2 2 0 1 0 2 2 0 2 0 0 1 0 2 0 1 2 2 2 1 2 2 2 2 0 0 2 2 2 2 0 0 2 2 0 1 1 1 1 1 1 1 1 1 1 1 1 1 1 2 1 1 1 1 2 2 

 Inviabilidades: 1 
FO: 118395.322075
Tempo total:5.636
######################## FIM ###################

 ######################## 150 ###################

Vetor de solucoes: 
2 2 2 1 2 1 0 2 1 0 2 1 1 0 0 0 0 2 2 1 1 2 1 1 0 0 1 0 1 1 1 0 0 0 2 0 0 2 1 0 0 1 0 0 2 1 2 0 0 2 0 2 2 1 2 0 2 1 0 0 0 1 0 0 0 0 2 2 0 0 0 0 2 2 0 0 2 1 1 1 1 1 1 1 1 1 1 1 1 1 1 0 1 1 1 1 0 0 

 Inviabilidades: 1 
FO: 118395.322075
Tempo total:6.268
######################## FIM ###################

 ######################## 150 ###################

Vetor de solucoes: 
1 1 1 0 2 0 2 1 0 2 2 0 0 2 2 2 2 1 1 0 0 1 0 0 2 2 0 2 0 0 0 2 2 2 2 2 2 1 2 2 2 0 2 2 1 0 1 2 2 2 2 2 2 0 2 2 2 0 2 2 2 0 2 2 2 2 2 1 2 2 2 2 1 1 2 2 1 0 0 0 0 0 0 0 0 0 0 0 0 0 0 2 0 0 0 0 2 2 

 Inviabilidades: 0 
FO: 118842.855563
Tempo total:5.751
######################## FIM ###################

 ######################## 150 ###################

Vetor de solucoes: 
2 2 2 1 2 1 2 0 1 2 2 1 1 2 2 2 2 0 0 1 1 0 1 1 2 2 1 2 1 1 1 2 2 2 2 2 2 0 2 2 2 1 2 2 0 1 0 2 2 2 2 2 2 1 2 2 2 1 2 2 2 1 2 2 2 2 2 0 2 2 2 2 2 0 2 2 0 1 1 1 1 1 1 1 1 1 1 1 1 1 1 2 1 1 1 1 2 2 

 Inviabilidades: 0 
FO: 118970.246904
Tempo total:6.443
######################## FIM ###################

 ######################## 150 ###################

Vetor de solucoes: 
2 2 2 1 2 1 0 2 1 0 2 1 1 0 0 0 0 2 2 1 1 2 1 1 0 0 1 0 1 1 1 0 0 0 2 0 0 2 1 0 0 1 0 0 2 1 2 0 0 2 0 2 2 1 2 0 2 1 0 0 0 1 0 0 0 0 2 2 0 0 0 0 2 2 0 0 2 1 1 1 1 1 1 1 1 1 1 1 1 1 1 0 1 1 1 1 0 0 

 Inviabilidades: 1 
FO: 118395.322075
Tempo total:5.726
######################## FIM ###################

 ######################## 150 ###################

Vetor de solucoes: 
1 1 1 2 1 2 0 1 2 0 1 2 2 0 0 0 0 1 1 2 2 1 2 2 0 0 2 0 2 2 2 0 0 0 1 0 0 1 2 0 0 2 0 0 1 2 1 0 0 1 0 1 1 2 1 0 1 2 0 0 0 2 0 0 0 0 1 1 0 0 0 0 1 1 0 0 1 2 2 2 2 2 2 2 2 2 2 2 2 2 2 0 2 2 2 2 0 0 

 Inviabilidades: 1 
FO: 118395.322075
Tempo total:6.164
######################## FIM ###################

 ######################## 150 ###################

Vetor de solucoes: 
2 2 2 0 1 0 1 2 0 1 1 0 0 1 1 1 1 2 2 0 0 2 0 0 1 1 0 1 0 0 0 1 1 1 1 1 1 2 1 1 1 0 1 1 2 0 2 1 1 1 1 1 1 0 1 1 1 0 1 1 1 0 1 1 1 1 1 2 1 1 1 1 2 2 1 1 2 0 0 0 0 0 0 0 0 0 0 0 0 0 0 1 0 0 0 0 1 1 

 Inviabilidades: 0 
FO: 118842.855563
Tempo total:5.674
######################## FIM ###################

 ######################## 150 ###################

Vetor de solucoes: 
1 1 1 0 1 0 2 1 0 2 1 0 0 2 2 2 2 1 1 0 0 1 0 0 2 2 0 2 0 0 0 2 2 2 1 2 2 1 0 2 2 0 2 2 1 0 1 2 2 1 2 1 1 0 1 2 1 0 2 2 2 0 2 2 2 2 1 1 2 2 2 2 1 1 2 2 1 0 0 0 0 0 0 0 0 0 0 0 0 0 0 2 0 0 0 0 2 2 

 Inviabilidades: 1 
FO: 118395.322075
Tempo total:5.516
######################## FIM ###################

 ######################## 150 ###################

Vetor de solucoes: 
2 2 2 1 0 1 0 2 2 0 0 1 1 0 0 0 0 2 2 1 1 2 1 1 0 0 2 0 1 1 1 0 0 0 2 0 0 2 0 0 0 1 0 0 2 1 2 0 0 2 0 2 2 1 2 0 0 1 0 0 0 1 0 0 0 0 0 2 0 0 0 0 0 2 0 0 2 1 1 1 1 1 1 1 1 1 1 1 1 1 1 0 1 1 1 1 0 0 

 Inviabilidades: 0 
FO: 118723.366528
Tempo total:6.070
######################## FIM ###################

 ######################## 150 ###################

Vetor de solucoes: 
1 1 1 2 0 2 0 1 2 0 0 2 2 0 0 0 0 1 1 2 2 1 2 2 0 0 2 0 2 2 2 0 0 0 0 0 0 1 0 0 0 2 0 0 1 2 1 0 0 0 0 0 0 2 0 0 0 2 0 0 0 2 0 0 0 0 0 1 0 0 0 0 1 1 0 0 1 2 2 2 2 2 2 2 2 2 2 2 2 2 2 0 2 2 2 2 0 0 

 Inviabilidades: 0 
FO: 118842.855563
Tempo total:6.225
######################## FIM ###################

 ######################## 150 ###################

Vetor de solucoes: 
1 1 1 0 1 0 2 1 0 2 1 0 0 2 2 2 2 1 1 0 0 1 0 0 2 2 0 2 0 0 0 2 2 2 1 2 2 1 0 2 2 0 2 2 1 0 1 2 2 1 2 1 1 0 1 2 1 0 2 2 2 0 2 2 2 2 1 1 2 2 2 2 1 1 2 2 1 0 0 0 0 0 0 0 0 0 0 0 0 0 0 2 0 0 0 0 2 2 

 Inviabilidades: 1 
FO: 118395.322075
Tempo total:5.719
######################## FIM ###################

 ######################## 150 ###################

Vetor de solucoes: 
2 0 0 1 2 0 2 0 0 2 2 0 0 2 2 2 2 0 0 1 0 1 0 0 2 2 0 2 0 0 1 2 2 2 0 2 2 0 2 2 2 0 2 2 0 1 0 2 2 0 2 0 2 0 2 2 2 0 2 2 2 2 2 2 2 2 2 0 2 2 2 2 2 2 2 2 0 1 0 0 1 2 0 0 0 0 0 0 0 0 0 2 1 0 0 0 2 2 

 Inviabilidades: 0 
FO: 119989.845885
Tempo total:5.546
######################## FIM ###################

 ######################## 150 ###################

Vetor de solucoes: 
0 0 0 1 0 1 2 0 1 2 0 1 1 2 2 2 2 0 0 1 1 0 1 1 2 2 1 2 1 1 1 2 2 2 0 2 2 0 1 2 2 1 2 2 0 1 0 2 2 0 2 0 0 1 0 2 0 1 2 2 2 1 2 2 2 2 0 0 2 2 2 2 0 0 2 2 0 1 1 1 1 1 1 1 1 1 1 1 1 1 1 2 1 1 1 1 2 2 

 Inviabilidades: 1 
FO: 118395.322075
Tempo total:5.810
######################## FIM ###################

 ######################## 150 ###################

Vetor de solucoes: 
1 1 1 0 1 0 2 1 0 2 1 0 0 2 2 2 2 1 1 0 0 1 0 0 2 2 0 2 0 0 0 2 2 2 1 2 2 1 0 2 2 0 2 2 1 0 1 2 2 1 2 1 1 0 1 2 1 0 2 2 2 0 2 2 2 2 1 1 2 2 2 2 1 1 2 2 1 0 0 0 0 0 0 0 0 0 0 0 0 0 0 2 0 0 0 0 2 2 

 Inviabilidades: 1 
FO: 118395.322075
Tempo total:5.808
######################## FIM ###################

 ######################## 150 ###################

Vetor de solucoes: 
1 1 1 2 0 2 0 1 1 0 0 2 2 0 0 0 0 1 1 2 2 1 2 2 0 0 1 0 2 2 2 0 0 0 1 0 0 1 0 0 0 2 0 0 1 2 1 0 0 1 0 1 1 2 1 0 0 2 0 0 0 2 0 0 0 0 0 1 0 0 0 0 0 1 0 0 1 2 2 2 2 2 2 2 2 2 2 2 2 2 2 0 2 2 2 2 0 0 

 Inviabilidades: 0 
FO: 118723.366528
Tempo total:5.665
######################## FIM ###################

 ######################## 150 ###################

Vetor de solucoes: 
1 1 1 2 0 2 0 1 1 0 0 2 2 0 0 0 0 1 1 2 2 1 2 2 0 0 1 0 2 2 2 0 0 0 1 0 0 1 0 0 0 2 0 0 1 2 1 0 0 1 0 1 1 2 1 0 0 2 0 0 0 2 0 0 0 0 0 1 0 0 0 0 0 1 0 0 1 2 2 2 2 2 2 2 2 2 2 2 2 2 2 0 2 2 2 2 0 0 

 Inviabilidades: 0 
FO: 118723.366528
Tempo total:6.085
######################## FIM ###################

 ######################## 150 ###################

Vetor de solucoes: 
1 1 1 2 0 2 0 1 1 0 0 2 2 0 0 0 0 1 1 2 2 1 2 2 0 0 1 0 2 2 2 0 0 0 1 0 0 1 0 0 0 2 0 0 1 2 1 0 0 1 0 1 1 2 1 0 0 2 0 0 0 2 0 0 0 0 0 1 0 0 0 0 0 1 0 0 1 2 2 2 2 2 2 2 2 2 2 2 2 2 2 0 2 2 2 2 0 0 

 Inviabilidades: 0 
FO: 118723.366528
Tempo total:6.081
######################## FIM ###################

 ######################## 150 ###################

Vetor de solucoes: 
1 1 1 0 1 0 2 1 0 2 1 0 0 2 2 2 2 1 1 0 0 1 0 0 2 2 0 2 0 0 0 2 2 2 1 2 2 1 0 2 2 0 2 2 1 0 1 2 2 1 2 1 1 0 1 2 1 0 2 2 2 0 2 2 2 2 1 1 2 2 2 2 1 1 2 2 1 0 0 0 0 0 0 0 0 0 0 0 0 0 0 2 0 0 0 0 2 2 

 Inviabilidades: 1 
FO: 118395.322075
Tempo total:6.117
######################## FIM ###################

 ######################## 150 ###################

Vetor de solucoes: 
1 1 1 2 1 2 0 1 2 0 1 2 2 0 0 0 0 1 1 2 2 1 2 2 0 0 2 0 2 2 2 0 0 0 1 0 0 1 2 0 0 2 0 0 1 2 1 0 0 1 0 1 1 2 1 0 1 2 0 0 0 2 0 0 0 0 1 1 0 0 0 0 1 1 0 0 1 2 2 2 2 2 2 2 2 2 2 2 2 2 2 0 2 2 2 2 0 0 

 Inviabilidades: 1 
FO: 118395.322075
Tempo total:6.589
######################## FIM ###################

 ######################## 150 ###################

Vetor de solucoes: 
1 1 1 0 1 0 2 1 0 2 1 0 0 2 2 2 2 1 1 0 0 1 0 0 2 2 0 2 0 0 0 2 2 2 1 2 2 1 0 2 2 0 2 2 1 0 1 2 2 1 2 1 1 0 1 2 1 0 2 2 2 0 2 2 2 2 1 1 2 2 2 2 1 1 2 2 1 0 0 0 0 0 0 0 0 0 0 0 0 0 0 2 0 0 0 0 2 2 

 Inviabilidades: 1 
FO: 118395.322075
Tempo total:5.909
######################## FIM ###################

 ######################## 150 ###################

Vetor de solucoes: 
2 2 2 0 2 0 1 2 0 1 2 0 0 1 1 1 1 2 2 0 0 2 0 0 1 1 0 1 0 0 0 1 1 1 2 1 1 2 0 1 1 0 1 1 2 0 2 1 1 2 1 2 2 0 2 1 2 0 1 1 1 0 1 1 1 1 2 2 1 1 1 1 2 2 1 1 2 0 0 0 0 0 0 0 0 0 0 0 0 0 0 1 0 0 0 0 1 1 

 Inviabilidades: 1 
FO: 118395.322075
Tempo total:5.746
######################## FIM ###################
