
 ######################## 500 ###################

Vetor de solucoes: 
1 1 1 2 1 2 1 0 2 1 1 2 2 1 1 1 1 0 0 2 2 0 2 2 1 1 2 1 2 2 2 1 1 1 1 1 1 0 1 1 1 2 1 1 0 2 0 1 1 0 1 1 1 2 1 1 1 2 1 1 1 2 1 1 1 1 1 0 1 1 1 1 1 0 1 1 2 2 2 2 2 2 2 0 2 2 2 2 2 2 2 1 2 2 2 2 1 1 

 Inviabilidades: 0 
FO: 118937.181894
Tempo total:9.051
######################## FIM ###################

 ######################## 500 ###################

Vetor de solucoes: 
1 1 1 0 1 0 1 2 0 1 1 0 0 1 1 1 1 2 2 0 0 2 0 0 1 1 0 1 0 0 0 1 1 1 1 1 1 2 1 1 1 0 1 1 2 0 2 1 1 2 1 1 1 0 1 1 1 0 1 1 1 0 1 1 1 1 1 2 1 1 1 1 1 2 1 1 0 0 0 0 0 0 0 2 0 0 0 0 0 0 0 1 0 0 0 0 1 1 

 Inviabilidades: 0 
FO: 118937.181894
Tempo total:9.221
######################## FIM ###################

 ######################## 500 ###################

Vetor de solucoes: 
2 2 2 1 2 1 2 0 1 2 2 1 1 2 2 2 2 0 0 1 1 0 1 1 2 2 1 2 1 1 1 2 2 2 2 2 2 0 2 2 2 1 2 2 0 1 0 2 2 0 2 2 2 1 2 2 2 1 2 2 2 1 2 2 2 2 2 0 2 2 2 2 2 0 2 2 1 1 1 1 1 1 1 0 1 1 1 1 1 1 1 2 1 1 1 1 2 2 

 Inviabilidades: 0 
FO: 118937.181894
Tempo total:9.339
######################## FIM ###################

 ######################## 500 ###################

Vetor de solucoes: 
0 0 0 2 0 2 0 1 2 0 0 2 2 0 0 0 0 1 1 2 2 1 2 2 0 0 2 0 2 2 2 0 0 0 0 0 0 1 0 0 0 2 0 0 1 2 1 0 0 1 0 0 0 2 0 0 0 2 0 0 0 2 0 0 0 0 0 1 0 0 0 0 0 1 0 0 2 2 2 2 2 2 2 1 2 2 2 2 2 2 2 0 2 2 2 2 0 0 

 Inviabilidades: 0 
FO: 118937.181894
Tempo total:8.519
######################## FIM ###################

 ######################## 500 ###################

Vetor de solucoes: 
0 0 0 1 0 1 0 2 1 0 0 1 1 0 0 0 0 2 2 1 1 2 1 1 0 0 1 0 1 1 1 0 0 0 0 0 0 2 0 0 0 1 0 0 2 1 2 0 0 2 0 0 0 1 0 0 0 1 0 0 0 1 0 0 0 0 0 2 0 0 0 0 0 2 0 0 1 1 1 1 1 1 1 2 1 1 1 1 1 1 1 0 1 1 1 1 0 0 

 Inviabilidades: 0 
FO: 118937.181894
Tempo total:8.804
######################## FIM ###################

 ######################## 500 ###################

Vetor de solucoes: 
2 2 2 1 2 1 2 0 1 2 2 1 1 2 2 2 2 0 0 1 1 0 1 1 2 2 1 2 1 1 1 2 2 2 2 2 2 0 2 2 2 1 2 2 0 1 0 2 2 0 2 2 2 1 2 2 2 1 2 2 2 1 2 2 2 2 2 0 2 2 2 2 2 0 2 2 1 1 1 1 1 1 1 0 1 1 1 1 1 1 1 2 1 1 1 1 2 2 

 Inviabilidades: 0 
FO: 118937.181894
Tempo total:8.819
######################## FIM ###################

 ######################## 500 ###################

Vetor de solucoes: 
1 1 1 2 1 2 1 0 2 1 1 2 2 1 1 1 1 0 0 2 2 0 2 2 1 1 2 1 2 2 2 1 1 1 1 1 1 0 1 1 1 2 1 1 0 2 0 1 1 0 1 1 1 2 1 1 1 2 1 1 1 2 1 1 1 1 1 0 1 1 1 1 1 0 1 1 2 2 2 2 2 2 2 0 2 2 2 2 2 2 2 1 2 2 2 2 1 1 

 Inviabilidades: 0 
FO: 118937.181894
Tempo total:8.947
######################## FIM ###################

 ######################## 500 ###################

Vetor de solucoes: 
2 2 2 1 2 1 2 0 1 2 2 1 1 2 2 2 2 0 0 1 1 0 1 1 2 2 1 2 1 1 1 2 2 2 2 2 2 0 2 2 2 1 2 2 0 1 0 2 2 0 2 2 2 1 2 2 2 1 2 2 2 1 2 2 2 2 2 0 2 2 2 2 2 0 2 2 1 1 1 1 1 1 1 0 1 1 1 1 1 1 1 2 1 1 1 1 2 2 

 Inviabilidades: 0 
FO: 118937.181894
Tempo total:10.007
######################## FIM ###################

 ######################## 500 ###################

Vetor de solucoes: 
2 2 2 0 2 0 2 1 0 2 2 0 0 2 2 2 2 1 1 0 0 1 0 0 2 2 0 2 0 0 0 2 2 2 2 2 2 1 2 2 2 0 2 2 1 0 1 2 2 1 2 2 2 0 2 2 2 0 2 2 2 0 2 2 2 2 2 1 2 2 2 2 2 1 2 2 0 0 0 0 0 0 0 1 0 0 0 0 0 0 0 2 0 0 0 0 2 2 

 Inviabilidades: 0 
FO: 118937.181894
Tempo total:8.890
######################## FIM ###################

 ######################## 500 ###################

Vetor de solucoes: 
2 2 2 1 2 1 2 0 1 2 2 1 1 2 2 2 2 0 0 1 1 0 1 1 2 2 1 2 1 1 1 2 2 2 2 2 2 0 2 2 2 1 2 2 0 1 0 2 2 0 2 2 2 1 2 2 2 1 2 2 2 1 2 2 2 2 2 0 2 2 2 2 2 0 2 2 1 1 1 1 1 1 1 0 1 1 1 1 1 1 1 2 1 1 1 1 2 2 

 Inviabilidades: 0 
FO: 118937.181894
Tempo total:8.871
######################## FIM ###################

 ######################## 500 ###################

Vetor de solucoes: 
0 0 0 1 0 1 0 2 1 0 0 1 1 0 0 0 0 2 2 1 1 2 1 1 0 0 1 0 1 1 1 0 0 0 0 0 0 2 0 0 0 1 0 0 2 1 2 0 0 2 0 0 0 1 0 0 0 1 0 0 0 1 0 0 0 0 0 2 0 0 0 0 0 2 0 0 1 1 1 1 1 1 1 2 1 1 1 1 1 1 1 0 1 1 1 1 0 0 

 Inviabilidades: 0 
FO: 118937.181894
Tempo total:8.835
######################## FIM ###################

 ######################## 500 ###################

Vetor de solucoes: 
0 0 0 1 0 1 0 2 1 0 0 1 1 0 0 0 0 2 2 1 1 2 1 1 0 0 1 0 1 1 1 0 0 0 0 0 0 2 0 0 0 1 0 0 2 1 2 0 0 2 0 0 0 1 0 0 0 1 0 0 0 1 0 0 0 0 0 2 0 0 0 0 0 2 0 0 1 1 1 1 1 1 1 2 1 1 1 1 1 1 1 0 1 1 1 1 0 0 

 Inviabilidades: 0 
FO: 118937.181894
Tempo total:8.700
######################## FIM ###################

 ######################## 500 ###################

Vetor de solucoes: 
2 2 2 1 2 1 2 0 1 2 2 1 1 2 2 2 2 0 0 1 1 0 1 1 2 2 1 2 1 1 1 2 2 2 2 2 2 0 2 2 2 1 2 2 0 1 0 2 2 0 2 2 2 1 2 2 2 1 2 2 2 1 2 2 2 2 2 0 2 2 2 2 2 0 2 2 1 1 1 1 1 1 1 0 1 1 1 1 1 1 1 2 1 1 1 1 2 2 

 Inviabilidades: 0 
FO: 118937.181894
Tempo total:8.764
######################## FIM ###################

 ######################## 500 ###################

Vetor de solucoes: 
1 1 1 0 1 0 1 2 0 1 1 0 0 1 1 1 1 2 2 0 0 2 0 0 1 1 0 1 0 0 0 1 1 1 1 1 1 2 1 1 1 0 1 1 2 0 2 1 1 2 1 1 1 0 1 1 1 0 1 1 1 0 1 1 1 1 1 2 1 1 1 1 1 2 1 1 0 0 0 0 0 0 0 2 0 0 0 0 0 0 0 1 0 0 0 0 1 1 

 Inviabilidades: 0 
FO: 118937.181894
Tempo total:8.809
######################## FIM ###################

 ######################## 500 ###################

Vetor de solucoes: 
1 1 1 0 1 0 1 2 0 1 1 0 0 1 1 1 1 2 2 0 0 2 0 0 1 1 0 1 0 0 0 1 1 1 1 1 1 2 1 1 1 0 1 1 2 0 2 1 1 2 1 1 1 0 1 1 1 0 1 1 1 0 1 1 1 1 1 2 1 1 1 1 1 2 1 1 0 0 0 0 0 0 0 2 0 0 0 0 0 0 0 1 0 0 0 0 1 1 

 Inviabilidades: 0 
FO: 118937.181894
Tempo total:8.911
######################## FIM ###################

 ######################## 500 ###################

Vetor de solucoes: 
2 2 2 1 2 1 2 0 1 2 2 1 1 2 2 2 2 0 0 1 1 0 1 1 2 2 1 2 1 1 1 2 2 2 2 2 2 0 2 2 2 1 2 2 0 1 0 2 2 0 2 2 2 1 2 2 2 1 2 2 2 1 2 2 2 2 2 0 2 2 2 2 2 0 2 2 1 1 1 1 1 1 1 0 1 1 1 1 1 1 1 2 1 1 1 1 2 2 

 Inviabilidades: 0 
FO: 118937.181894
Tempo total:8.702
######################## FIM ###################

 ######################## 500 ###################

Vetor de solucoes: 
2 2 2 1 2 1 2 0 1 2 2 1 1 2 2 2 2 0 0 1 1 0 1 1 2 2 1 2 1 1 1 2 2 2 2 2 2 0 2 2 2 1 2 2 0 1 0 2 2 0 2 2 2 1 2 2 2 1 2 2 2 1 2 2 2 2 2 0 2 2 2 2 2 0 2 2 1 1 1 1 1 1 1 0 1 1 1 1 1 1 1 2 1 1 1 1 2 2 

 Inviabilidades: 0 
FO: 118937.181894
Tempo total:8.625
######################## FIM ###################

 ######################## 500 ###################

Vetor de solucoes: 
1 1 1 2 1 2 1 0 2 1 1 2 2 1 1 1 1 0 0 2 2 0 2 2 1 1 2 1 2 2 2 1 1 1 1 1 1 0 1 1 1 2 1 1 0 2 0 1 1 0 1 1 1 2 1 1 1 2 1 1 1 2 1 1 1 1 1 0 1 1 1 1 1 0 1 1 2 2 2 2 2 2 2 0 2 2 2 2 2 2 2 1 2 2 2 2 1 1 

 Inviabilidades: 0 
FO: 118937.181894
Tempo total:9.051
######################## FIM ###################

 ######################## 500 ###################

Vetor de solucoes: 
2 2 2 1 2 1 2 0 1 2 2 1 1 2 2 2 2 0 0 1 1 0 1 1 2 2 1 2 1 1 1 2 2 2 2 2 2 0 2 2 2 1 2 2 0 1 0 2 2 0 2 2 2 1 2 2 2 1 2 2 2 1 2 2 2 2 2 0 2 2 2 2 2 0 2 2 1 1 1 1 1 1 1 0 1 1 1 1 1 1 1 2 1 1 1 1 2 2 

 Inviabilidades: 0 
FO: 118937.181894
Tempo total:8.702
######################## FIM ###################

 ######################## 500 ###################

Vetor de solucoes: 
1 1 1 0 1 0 1 2 0 1 1 0 0 1 1 1 1 2 2 0 0 2 0 0 1 1 0 1 0 0 0 1 1 1 1 1 1 2 1 1 1 0 1 1 2 0 2 1 1 2 1 1 1 0 1 1 1 0 1 1 1 0 1 1 1 1 1 2 1 1 1 1 1 2 1 1 0 0 0 0 0 0 0 2 0 0 0 0 0 0 0 1 0 0 0 0 1 1 

 Inviabilidades: 0 
FO: 118937.181894
Tempo total:8.931
######################## FIM ###################

 ######################## 500 ###################

Vetor de solucoes: 
0 0 0 2 0 2 0 1 2 0 0 2 2 0 0 0 0 1 1 2 2 1 2 2 0 0 2 0 2 2 2 0 0 0 0 0 0 1 0 0 0 2 0 0 1 2 1 0 0 1 0 0 0 2 0 0 0 2 0 0 0 2 0 0 0 0 0 1 0 0 0 0 0 1 0 0 2 2 2 2 2 2 2 1 2 2 2 2 2 2 2 0 2 2 2 2 0 0 

 Inviabilidades: 0 
FO: 118937.181894
Tempo total:8.746
######################## FIM ###################

 ######################## 500 ###################

Vetor de solucoes: 
2 2 2 0 2 0 2 1 0 2 2 0 0 2 2 2 2 1 1 0 0 1 0 0 2 2 0 2 0 0 0 2 2 2 2 2 2 1 2 2 2 0 2 2 1 0 1 2 2 1 2 2 2 0 2 2 2 0 2 2 2 0 2 2 2 2 2 1 2 2 2 2 2 1 2 2 0 0 0 0 0 0 0 1 0 0 0 0 0 0 0 2 0 0 0 0 2 2 

 Inviabilidades: 0 
FO: 118937.181894
Tempo total:8.788
######################## FIM ###################

 ######################## 500 ###################

Vetor de solucoes: 
2 2 2 1 2 1 2 0 1 2 2 1 1 2 2 2 2 0 0 1 1 0 1 1 2 2 1 2 1 1 1 2 2 2 2 2 2 0 2 2 2 1 2 2 0 1 0 2 2 0 2 2 2 1 2 2 2 1 2 2 2 1 2 2 2 2 2 0 2 2 2 2 2 0 2 2 1 1 1 1 1 1 1 0 1 1 1 1 1 1 1 2 1 1 1 1 2 2 

 Inviabilidades: 0 
FO: 118937.181894
Tempo total:8.659
######################## FIM ###################

 ######################## 500 ###################

Vetor de solucoes: 
2 2 2 1 2 1 2 0 1 2 2 1 1 2 2 2 2 0 0 1 1 0 1 1 2 2 1 2 1 1 1 2 2 2 2 2 2 0 2 2 2 1 2 2 0 1 0 2 2 0 2 2 2 1 2 2 2 1 2 2 2 1 2 2 2 2 2 0 2 2 2 2 2 0 2 2 1 1 1 1 1 1 1 0 1 1 1 1 1 1 1 2 1 1 1 1 2 2 

 Inviabilidades: 0 
FO: 118937.181894
Tempo total:8.892
######################## FIM ###################

 ######################## 500 ###################

Vetor de solucoes: 
0 0 0 1 0 1 0 2 1 0 0 1 1 0 0 0 0 2 2 1 1 2 1 1 0 0 1 0 1 1 1 0 0 0 0 0 0 2 0 0 0 1 0 0 2 1 2 0 0 2 0 0 0 1 0 0 0 1 0 0 0 1 0 0 0 0 0 2 0 0 0 0 0 2 0 0 1 1 1 1 1 1 1 2 1 1 1 1 1 1 1 0 1 1 1 1 0 0 

 Inviabilidades: 0 
FO: 118937.181894
Tempo total:9.080
######################## FIM ###################

 ######################## 500 ###################

Vetor de solucoes: 
2 2 2 0 2 0 2 1 0 2 2 0 0 2 2 2 2 1 1 0 0 1 0 0 2 2 0 2 0 0 0 2 2 2 2 2 2 1 2 2 2 0 2 2 1 0 1 2 2 1 2 2 2 0 2 2 2 0 2 2 2 0 2 2 2 2 2 1 2 2 2 2 2 1 2 2 0 0 0 0 0 0 0 1 0 0 0 0 0 0 0 2 0 0 0 0 2 2 

 Inviabilidades: 0 
FO: 118937.181894
Tempo total:8.844
######################## FIM ###################

 ######################## 500 ###################

Vetor de solucoes: 
2 2 2 0 2 0 2 1 0 2 2 0 0 2 2 2 2 1 1 0 0 1 0 0 2 2 0 2 0 0 0 2 2 2 2 2 2 1 2 2 2 0 2 2 1 0 1 2 2 1 2 2 2 0 2 2 2 0 2 2 2 0 2 2 2 2 2 1 2 2 2 2 2 1 2 2 0 0 0 0 0 0 0 1 0 0 0 0 0 0 0 2 0 0 0 0 2 2 

 Inviabilidades: 0 
FO: 118937.181894
Tempo total:9.008
######################## FIM ###################

 ######################## 500 ###################

Vetor de solucoes: 
2 2 2 0 2 0 2 1 0 2 2 0 0 2 2 2 2 1 1 0 0 1 0 0 2 2 0 2 0 0 0 2 2 2 2 2 2 1 2 2 2 0 2 2 1 0 1 2 2 1 2 2 2 0 2 2 2 0 2 2 2 0 2 2 2 2 2 1 2 2 2 2 2 1 2 2 0 0 0 0 0 0 0 1 0 0 0 0 0 0 0 2 0 0 0 0 2 2 

 Inviabilidades: 0 
FO: 118937.181894
Tempo total:8.902
######################## FIM ###################

 ######################## 500 ###################

Vetor de solucoes: 
2 2 2 0 2 0 2 1 0 2 2 0 0 2 2 2 2 1 1 0 0 1 0 0 2 2 0 2 0 0 0 2 2 2 2 2 2 1 2 2 2 0 2 2 1 0 1 2 2 1 2 2 2 0 2 2 2 0 2 2 2 0 2 2 2 2 2 1 2 2 2 2 2 1 2 2 0 0 0 0 0 0 0 1 0 0 0 0 0 0 0 2 0 0 0 0 2 2 

 Inviabilidades: 0 
FO: 118937.181894
Tempo total:8.885
######################## FIM ###################

 ######################## 500 ###################

Vetor de solucoes: 
2 2 2 0 2 0 2 1 0 2 2 0 0 2 2 2 2 1 1 0 0 1 0 0 2 2 0 2 0 0 0 2 2 2 2 2 2 1 2 2 2 0 2 2 1 0 1 2 2 1 2 2 2 0 2 2 2 0 2 2 2 0 2 2 2 2 2 1 2 2 2 2 2 1 2 2 0 0 0 0 0 0 0 1 0 0 0 0 0 0 0 2 0 0 0 0 2 2 

 Inviabilidades: 0 
FO: 118937.181894
Tempo total:8.914
######################## FIM ###################

 ######################## 500 ###################

Vetor de solucoes: 
1 1 1 2 1 2 1 0 2 1 1 2 2 1 1 1 1 0 0 2 2 0 2 2 1 1 2 1 2 2 2 1 1 1 1 1 1 0 1 1 1 2 1 1 0 2 0 1 1 0 1 1 1 2 1 1 1 2 1 1 1 2 1 1 1 1 1 0 1 1 1 1 1 0 1 1 2 2 2 2 2 2 2 0 2 2 2 2 2 2 2 1 2 2 2 2 1 1 

 Inviabilidades: 0 
FO: 118937.181894
Tempo total:8.679
######################## FIM ###################

 ######################## 500 ###################

Vetor de solucoes: 
2 2 2 1 2 1 2 0 1 2 2 1 1 2 2 2 2 0 0 1 1 0 1 1 2 2 1 2 1 1 1 2 2 2 2 2 2 0 2 2 2 1 2 2 0 1 0 2 2 0 2 2 2 1 2 2 2 1 2 2 2 1 2 2 2 2 2 0 2 2 2 2 2 0 2 2 1 1 1 1 1 1 1 0 1 1 1 1 1 1 1 2 1 1 1 1 2 2 

 Inviabilidades: 0 
FO: 118937.181894
Tempo total:8.946
######################## FIM ###################

 ######################## 500 ###################

Vetor de solucoes: 
1 1 1 2 1 2 1 0 2 1 1 2 2 1 1 1 1 0 0 2 2 0 2 2 1 1 2 1 2 2 2 1 1 1 1 1 1 0 1 1 1 2 1 1 0 2 0 1 1 0 1 1 1 2 1 1 1 2 1 1 1 2 1 1 1 1 1 0 1 1 1 1 1 0 1 1 2 2 2 2 2 2 2 0 2 2 2 2 2 2 2 1 2 2 2 2 1 1 

 Inviabilidades: 0 
FO: 118937.181894
Tempo total:8.484
######################## FIM ###################

 ######################## 500 ###################

Vetor de solucoes: 
1 1 1 0 1 0 1 2 0 1 1 0 0 1 1 1 1 2 2 0 0 2 0 0 1 1 0 1 0 0 0 1 1 1 1 1 1 2 1 1 1 0 1 1 2 0 2 1 1 2 1 1 1 0 1 1 1 0 1 1 1 0 1 1 1 1 1 2 1 1 1 1 1 2 1 1 0 0 0 0 0 0 0 2 0 0 0 0 0 0 0 1 0 0 0 0 1 1 

 Inviabilidades: 0 
FO: 118937.181894
Tempo total:8.711
######################## FIM ###################

 ######################## 500 ###################

Vetor de solucoes: 
1 1 1 2 1 2 1 0 2 1 1 2 2 1 1 1 1 0 0 2 2 0 2 2 1 1 2 1 2 2 2 1 1 1 1 1 1 0 1 1 1 2 1 1 0 2 0 1 1 0 1 1 1 2 1 1 1 2 1 1 1 2 1 1 1 1 1 0 1 1 1 1 1 0 1 1 2 2 2 2 2 2 2 0 2 2 2 2 2 2 2 1 2 2 2 2 1 1 

 Inviabilidades: 0 
FO: 118937.181894
Tempo total:8.742
######################## FIM ###################

 ######################## 500 ###################

Vetor de solucoes: 
2 2 2 0 2 0 2 1 0 2 2 0 0 2 2 2 2 1 1 0 0 1 0 0 2 2 0 2 0 0 0 2 2 2 2 2 2 1 2 2 2 0 2 2 1 0 1 2 2 1 2 2 2 0 2 2 2 0 2 2 2 0 2 2 2 2 2 1 2 2 2 2 2 1 2 2 0 0 0 0 0 0 0 1 0 0 0 0 0 0 0 2 0 0 0 0 2 2 

 Inviabilidades: 0 
FO: 118937.181894
Tempo total:8.468
######################## FIM ###################

 ######################## 500 ###################

Vetor de solucoes: 
1 1 1 2 1 2 1 0 2 1 1 2 2 1 1 1 1 0 0 2 2 0 2 2 1 1 2 1 2 2 2 1 1 1 1 1 1 0 1 1 1 2 1 1 0 2 0 1 1 0 1 1 1 2 1 1 1 2 1 1 1 2 1 1 1 1 1 0 1 1 1 1 1 0 1 1 2 2 2 2 2 2 2 0 2 2 2 2 2 2 2 1 2 2 2 2 1 1 

 Inviabilidades: 0 
FO: 118937.181894
Tempo total:8.520
######################## FIM ###################

 ######################## 500 ###################

Vetor de solucoes: 
2 2 2 0 2 0 2 1 0 2 2 0 0 2 2 2 2 1 1 0 0 1 0 0 2 2 0 2 0 0 0 2 2 2 2 2 2 1 2 2 2 0 2 2 1 0 1 2 2 1 2 2 2 0 2 2 2 0 2 2 2 0 2 2 2 2 2 1 2 2 2 2 2 1 2 2 0 0 0 0 0 0 0 1 0 0 0 0 0 0 0 2 0 0 0 0 2 2 

 Inviabilidades: 0 
FO: 118937.181894
Tempo total:8.500
######################## FIM ###################

 ######################## 500 ###################

Vetor de solucoes: 
2 2 2 0 2 0 2 1 0 2 2 0 0 2 2 2 2 1 1 0 0 1 0 0 2 2 0 2 0 0 0 2 2 2 2 2 2 1 2 2 2 0 2 2 1 0 1 2 2 1 2 2 2 0 2 2 2 0 2 2 2 0 2 2 2 2 2 1 2 2 2 2 2 1 2 2 0 0 0 0 0 0 0 1 0 0 0 0 0 0 0 2 0 0 0 0 2 2 

 Inviabilidades: 0 
FO: 118937.181894
Tempo total:8.736
######################## FIM ###################

 ######################## 500 ###################

Vetor de solucoes: 
0 0 0 1 0 1 0 2 1 0 0 1 1 0 0 0 0 2 2 1 1 2 1 1 0 0 1 0 1 1 1 0 0 0 0 0 0 2 0 0 0 1 0 0 2 1 2 0 0 2 0 0 0 1 0 0 0 1 0 0 0 1 0 0 0 0 0 2 0 0 0 0 0 2 0 0 1 1 1 1 1 1 1 2 1 1 1 1 1 1 1 0 1 1 1 1 0 0 

 Inviabilidades: 0 
FO: 118937.181894
Tempo total:8.557
######################## FIM ###################

 ######################## 500 ###################

Vetor de solucoes: 
1 1 1 2 1 2 1 0 2 1 1 2 2 1 1 1 1 0 0 2 2 0 2 2 1 1 2 1 2 2 2 1 1 1 1 1 1 0 1 1 1 2 1 1 0 2 0 1 1 0 1 1 1 2 1 1 1 2 1 1 1 2 1 1 1 1 1 0 1 1 1 1 1 0 1 1 2 2 2 2 2 2 2 0 2 2 2 2 2 2 2 1 2 2 2 2 1 1 

 Inviabilidades: 0 
FO: 118937.181894
Tempo total:8.573
######################## FIM ###################

 ######################## 500 ###################

Vetor de solucoes: 
0 0 0 1 0 1 0 2 1 0 0 1 1 0 0 0 0 2 2 1 1 2 1 1 0 0 1 0 1 1 1 0 0 0 0 0 0 2 0 0 0 1 0 0 2 1 2 0 0 2 0 0 0 1 0 0 0 1 0 0 0 1 0 0 0 0 0 2 0 0 0 0 0 2 0 0 1 1 1 1 1 1 1 2 1 1 1 1 1 1 1 0 1 1 1 1 0 0 

 Inviabilidades: 0 
FO: 118937.181894
Tempo total:8.664
######################## FIM ###################

 ######################## 500 ###################

Vetor de solucoes: 
0 0 0 2 0 2 0 1 2 0 0 2 2 0 0 0 0 1 1 2 2 1 2 2 0 0 2 0 2 2 2 0 0 0 0 0 0 1 0 0 0 2 0 0 1 2 1 0 0 1 0 0 0 2 0 0 0 2 0 0 0 2 0 0 0 0 0 1 0 0 0 0 0 1 0 0 2 2 2 2 2 2 2 1 2 2 2 2 2 2 2 0 2 2 2 2 0 0 

 Inviabilidades: 0 
FO: 118937.181894
Tempo total:8.737
######################## FIM ###################

 ######################## 500 ###################

Vetor de solucoes: 
1 1 1 2 1 2 1 0 2 1 1 2 2 1 1 1 1 0 0 2 2 0 2 2 1 1 2 1 2 2 2 1 1 1 1 1 1 0 1 1 1 2 1 1 0 2 0 1 1 0 1 1 1 2 1 1 1 2 1 1 1 2 1 1 1 1 1 0 1 1 1 1 1 0 1 1 2 2 2 2 2 2 2 0 2 2 2 2 2 2 2 1 2 2 2 2 1 1 

 Inviabilidades: 0 
FO: 118937.181894
Tempo total:8.545
######################## FIM ###################

 ######################## 500 ###################

Vetor de solucoes: 
0 0 0 2 0 2 0 1 2 0 0 2 2 0 0 0 0 1 1 2 2 1 2 2 0 0 2 0 2 2 2 0 0 0 0 0 0 1 0 0 0 2 0 0 1 2 1 0 0 1 0 0 0 2 0 0 0 2 0 0 0 2 0 0 0 0 0 1 0 0 0 0 0 1 0 0 2 2 2 2 2 2 2 1 2 2 2 2 2 2 2 0 2 2 2 2 0 0 

 Inviabilidades: 0 
FO: 118937.181894
Tempo total:8.763
######################## FIM ###################

 ######################## 500 ###################

Vetor de solucoes: 
1 1 1 2 1 2 1 0 2 1 1 2 2 1 1 1 1 0 0 2 2 0 2 2 1 1 2 1 2 2 2 1 1 1 1 1 1 0 1 1 1 2 1 1 0 2 0 1 1 0 1 1 1 2 1 1 1 2 1 1 1 2 1 1 1 1 1 0 1 1 1 1 1 0 1 1 2 2 2 2 2 2 2 0 2 2 2 2 2 2 2 1 2 2 2 2 1 1 

 Inviabilidades: 0 
FO: 118937.181894
Tempo total:8.923
######################## FIM ###################

 ######################## 500 ###################

Vetor de solucoes: 
1 1 1 2 1 2 1 0 2 1 1 2 2 1 1 1 1 0 0 2 2 0 2 2 1 1 2 1 2 2 2 1 1 1 1 1 1 0 1 1 1 2 1 1 0 2 0 1 1 0 1 1 1 2 1 1 1 2 1 1 1 2 1 1 1 1 1 0 1 1 1 1 1 0 1 1 2 2 2 2 2 2 2 0 2 2 2 2 2 2 2 1 2 2 2 2 1 1 

 Inviabilidades: 0 
FO: 118937.181894
Tempo total:8.913
######################## FIM ###################

 ######################## 500 ###################

Vetor de solucoes: 
0 0 0 1 0 1 0 2 1 0 0 1 1 0 0 0 0 2 2 1 1 2 1 1 0 0 1 0 1 1 1 0 0 0 0 0 0 2 0 0 0 1 0 0 2 1 2 0 0 2 0 0 0 1 0 0 0 1 0 0 0 1 0 0 0 0 0 2 0 0 0 0 0 2 0 0 1 1 1 1 1 1 1 2 1 1 1 1 1 1 1 0 1 1 1 1 0 0 

 Inviabilidades: 0 
FO: 118937.181894
Tempo total:8.844
######################## FIM ###################

 ######################## 500 ###################

Vetor de solucoes: 
1 1 1 2 1 2 1 0 2 1 1 2 2 1 1 1 1 0 0 2 2 0 2 2 1 1 2 1 2 2 2 1 1 1 1 1 1 0 1 1 1 2 1 1 0 2 0 1 1 0 1 1 1 2 1 1 1 2 1 1 1 2 1 1 1 1 1 0 1 1 1 1 1 0 1 1 2 2 2 2 2 2 2 0 2 2 2 2 2 2 2 1 2 2 2 2 1 1 

 Inviabilidades: 0 
FO: 118937.181894
Tempo total:8.881
######################## FIM ###################

 ######################## 500 ###################

Vetor de solucoes: 
0 0 0 1 0 1 0 2 1 0 0 1 1 0 0 0 0 2 2 1 1 2 1 1 0 0 1 0 1 1 1 0 0 0 0 0 0 2 0 0 0 1 0 0 2 1 2 0 0 2 0 0 0 1 0 0 0 1 0 0 0 1 0 0 0 0 0 2 0 0 0 0 0 2 0 0 1 1 1 1 1 1 1 2 1 1 1 1 1 1 1 0 1 1 1 1 0 0 

 Inviabilidades: 0 
FO: 118937.181894
Tempo total:8.861
######################## FIM ###################
