
 ######################## 200 ###################

Vetor de solucoes: 
0 1 1 2 0 2 0 1 2 0 0 2 2 0 0 0 0 1 1 2 2 1 2 2 0 0 2 0 2 2 2 0 0 0 0 0 0 1 0 0 0 2 0 0 1 2 1 0 0 1 0 1 0 2 1 0 0 2 0 0 0 2 0 0 0 0 1 1 0 0 0 0 1 1 0 0 1 2 2 2 2 2 2 1 2 2 2 2 2 2 2 0 2 2 2 2 0 0 

 Inviabilidades: 0 
FO: 118684.222944
Tempo total:7.433
######################## FIM ###################

 ######################## 200 ###################

Vetor de solucoes: 
2 1 1 0 2 0 2 1 0 2 2 0 0 2 2 2 2 1 1 0 0 1 0 0 2 2 0 2 0 0 0 2 2 2 2 2 2 1 2 2 2 0 2 2 1 0 1 2 2 1 2 1 2 0 1 2 2 0 2 2 2 0 2 2 2 2 1 1 2 2 2 2 1 1 2 2 1 0 0 0 0 0 0 1 0 0 0 0 0 0 0 2 0 0 0 0 2 2 

 Inviabilidades: 0 
FO: 118684.222944
Tempo total:6.638
######################## FIM ###################

 ######################## 200 ###################

Vetor de solucoes: 
1 0 0 2 1 2 1 0 2 1 1 2 2 1 1 1 1 0 0 2 2 0 2 2 1 1 2 1 2 2 2 1 1 1 1 1 1 0 1 1 1 2 1 1 0 2 0 1 1 0 1 0 1 2 0 1 1 2 1 1 1 2 1 1 1 1 0 0 1 1 1 1 0 0 1 1 0 2 2 2 2 2 2 0 2 2 2 2 2 2 2 1 2 2 2 2 1 1 

 Inviabilidades: 0 
FO: 118684.222944
Tempo total:6.816
######################## FIM ###################

 ######################## 200 ###################

Vetor de solucoes: 
2 1 1 0 2 0 2 1 0 2 2 0 0 2 2 2 2 1 1 0 0 1 0 0 2 2 0 2 0 0 0 2 2 2 2 2 2 1 2 2 2 0 2 2 1 0 1 2 2 1 2 1 2 0 1 2 2 0 2 2 2 0 2 2 2 2 1 1 2 2 2 2 1 1 2 2 1 0 0 0 0 0 0 1 0 0 0 0 0 0 0 2 0 0 0 0 2 2 

 Inviabilidades: 0 
FO: 118684.222944
Tempo total:6.598
######################## FIM ###################

 ######################## 200 ###################

Vetor de solucoes: 
2 1 1 0 2 0 2 1 0 2 2 0 0 2 2 2 2 1 1 0 0 1 0 0 2 2 0 2 0 0 0 2 2 2 2 2 2 1 2 2 2 0 2 2 1 0 1 2 2 1 2 1 2 0 1 2 2 0 2 2 2 0 2 2 2 2 1 1 2 2 2 2 1 1 2 2 1 0 0 0 0 0 0 1 0 0 0 0 0 0 0 2 0 0 0 0 2 2 

 Inviabilidades: 0 
FO: 118684.222944
Tempo total:6.511
######################## FIM ###################

 ######################## 200 ###################

Vetor de solucoes: 
2 0 0 1 2 1 2 0 1 2 2 1 1 2 2 2 2 0 0 1 1 0 1 1 2 2 1 2 1 1 1 2 2 2 2 2 2 0 2 2 2 1 2 2 0 1 0 2 2 0 2 0 2 1 0 2 2 1 2 2 2 1 2 2 2 2 0 0 2 2 2 2 0 0 2 2 0 1 1 1 1 1 1 0 1 1 1 1 1 1 1 2 1 1 1 1 2 2 

 Inviabilidades: 0 
FO: 118684.222944
Tempo total:6.901
######################## FIM ###################

 ######################## 200 ###################

Vetor de solucoes: 
0 2 2 1 0 1 0 2 1 0 0 1 1 0 0 0 0 2 2 1 1 2 1 1 0 0 1 0 1 1 1 0 0 0 0 0 0 2 0 0 0 1 0 0 2 1 2 0 0 2 0 2 0 1 2 0 0 1 0 0 0 1 0 0 0 0 2 2 0 0 0 0 2 2 0 0 2 1 1 1 1 1 1 2 1 1 1 1 1 1 1 0 1 1 1 1 0 0 

 Inviabilidades: 0 
FO: 118684.222944
Tempo total:6.923
######################## FIM ###################

 ######################## 200 ###################

Vetor de solucoes: 
2 0 0 1 2 1 2 0 1 2 2 1 1 2 2 2 2 0 0 1 1 0 1 1 2 2 1 2 1 1 1 2 2 2 2 2 2 0 2 2 2 1 2 2 0 1 0 2 2 0 2 0 2 1 0 2 2 1 2 2 2 1 2 2 2 2 0 0 2 2 2 2 0 0 2 2 0 1 1 1 1 1 1 0 1 1 1 1 1 1 1 2 1 1 1 1 2 2 

 Inviabilidades: 0 
FO: 118684.222944
Tempo total:6.502
######################## FIM ###################

 ######################## 200 ###################

Vetor de solucoes: 
1 2 2 0 1 0 1 2 0 1 1 0 0 1 1 1 1 2 2 0 0 2 0 0 1 1 0 1 0 0 0 1 1 1 1 1 1 2 1 1 1 0 1 1 2 0 2 1 1 2 1 2 1 0 2 1 1 0 1 1 1 0 1 1 1 1 2 2 1 1 1 1 2 2 1 1 2 0 0 0 0 0 0 2 0 0 0 0 0 0 0 1 0 0 0 0 1 1 

 Inviabilidades: 0 
FO: 118684.222944
Tempo total:6.379
######################## FIM ###################

 ######################## 200 ###################

Vetor de solucoes: 
2 1 1 0 2 0 2 1 0 2 2 0 0 2 2 2 2 1 1 0 0 1 0 0 2 2 0 2 0 0 0 2 2 2 2 2 2 1 2 2 2 0 2 2 1 0 1 2 2 1 2 1 2 0 1 2 2 0 2 2 2 0 2 2 2 2 1 1 2 2 2 2 1 1 2 2 1 0 0 0 0 0 0 1 0 0 0 0 0 0 0 2 0 0 0 0 2 2 

 Inviabilidades: 0 
FO: 118684.222944
Tempo total:6.274
######################## FIM ###################

 ######################## 200 ###################

Vetor de solucoes: 
2 1 1 0 2 0 2 1 0 2 2 0 0 2 2 2 2 1 1 0 0 1 0 0 2 2 0 2 0 0 0 2 2 2 2 2 2 1 2 2 2 0 2 2 1 0 1 2 2 1 2 1 2 0 1 2 2 0 2 2 2 0 2 2 2 2 1 1 2 2 2 2 1 1 2 2 1 0 0 0 0 0 0 1 0 0 0 0 0 0 0 2 0 0 0 0 2 2 

 Inviabilidades: 0 
FO: 118684.222944
Tempo total:6.174
######################## FIM ###################

 ######################## 200 ###################

Vetor de solucoes: 
1 2 2 0 1 0 1 2 0 1 1 0 0 1 1 1 1 2 2 0 0 2 0 0 1 1 0 1 0 0 0 1 1 1 1 1 1 2 1 1 1 0 1 1 2 0 2 1 1 2 1 2 1 0 2 1 1 0 1 1 1 0 1 1 1 1 2 2 1 1 1 1 2 2 1 1 2 0 0 0 0 0 0 2 0 0 0 0 0 0 0 1 0 0 0 0 1 1 

 Inviabilidades: 0 
FO: 118684.222944
Tempo total:6.488
######################## FIM ###################

 ######################## 200 ###################

Vetor de solucoes: 
1 0 0 2 1 2 1 0 2 1 1 2 2 1 1 1 1 0 0 2 2 0 2 2 1 1 2 1 2 2 2 1 1 1 1 1 1 0 1 1 1 2 1 1 0 2 0 1 1 0 1 0 1 2 0 1 1 2 1 1 1 2 1 1 1 1 0 0 1 1 1 1 0 0 1 1 0 2 2 2 2 2 2 0 2 2 2 2 2 2 2 1 2 2 2 2 1 1 

 Inviabilidades: 0 
FO: 118684.222944
Tempo total:6.922
######################## FIM ###################

 ######################## 200 ###################

Vetor de solucoes: 
1 2 2 0 1 0 1 2 0 1 1 0 0 1 1 1 1 2 2 0 0 2 0 0 1 1 0 1 0 0 0 1 1 1 1 1 1 2 1 1 1 0 1 1 2 0 2 1 1 2 1 2 1 0 2 1 1 0 1 1 1 0 1 1 1 1 2 2 1 1 1 1 2 2 1 1 2 0 0 0 0 0 0 2 0 0 0 0 0 0 0 1 0 0 0 0 1 1 

 Inviabilidades: 0 
FO: 118684.222944
Tempo total:6.317
######################## FIM ###################

 ######################## 200 ###################

Vetor de solucoes: 
1 2 2 0 1 0 1 2 0 1 1 0 0 1 1 1 1 2 2 0 0 2 0 0 1 1 0 1 0 0 0 1 1 1 1 1 1 2 1 1 1 0 1 1 2 0 2 1 1 2 1 2 1 0 2 1 1 0 1 1 1 0 1 1 1 1 2 2 1 1 1 1 2 2 1 1 2 0 0 0 0 0 0 2 0 0 0 0 0 0 0 1 0 0 0 0 1 1 

 Inviabilidades: 0 
FO: 118684.222944
Tempo total:6.576
######################## FIM ###################

 ######################## 200 ###################

Vetor de solucoes: 
1 2 2 0 1 0 1 2 0 1 1 0 0 1 1 1 1 2 2 0 0 2 0 0 1 1 0 1 0 0 0 1 1 1 1 1 1 2 1 1 1 0 1 1 2 0 2 1 1 2 1 2 1 0 2 1 1 0 1 1 1 0 1 1 1 1 2 2 1 1 1 1 2 2 1 1 2 0 0 0 0 0 0 2 0 0 0 0 0 0 0 1 0 0 0 0 1 1 

 Inviabilidades: 0 
FO: 118684.222944
Tempo total:6.549
######################## FIM ###################

 ######################## 200 ###################

Vetor de solucoes: 
2 0 0 1 2 1 2 0 1 2 2 1 1 2 2 2 2 0 0 1 1 0 1 1 2 2 1 2 1 1 1 2 2 2 2 2 2 0 2 2 2 1 2 2 0 1 0 2 2 0 2 0 2 1 0 2 2 1 2 2 2 1 2 2 2 2 0 0 2 2 2 2 0 0 2 2 0 1 1 1 1 1 1 0 1 1 1 1 1 1 1 2 1 1 1 1 2 2 

 Inviabilidades: 0 
FO: 118684.222944
Tempo total:6.644
######################## FIM ###################

 ######################## 200 ###################

Vetor de solucoes: 
0 2 2 1 0 1 0 2 1 0 0 1 1 0 0 0 0 2 2 1 1 2 1 1 0 0 1 0 1 1 1 0 0 0 0 0 0 2 0 0 0 1 0 0 2 1 2 0 0 2 0 2 0 1 2 0 0 1 0 0 0 1 0 0 0 0 2 2 0 0 0 0 2 2 0 0 2 1 1 1 1 1 1 2 1 1 1 1 1 1 1 0 1 1 1 1 0 0 

 Inviabilidades: 0 
FO: 118684.222944
Tempo total:6.788
######################## FIM ###################

 ######################## 200 ###################

Vetor de solucoes: 
2 1 1 0 2 0 2 1 0 2 2 0 0 2 2 2 2 1 1 0 0 1 0 0 2 2 0 2 0 0 0 2 2 2 2 2 2 1 2 2 2 0 2 2 1 0 1 2 2 1 2 1 2 0 1 2 2 0 2 2 2 0 2 2 2 2 1 1 2 2 2 2 1 1 2 2 1 0 0 0 0 0 0 1 0 0 0 0 0 0 0 2 0 0 0 0 2 2 

 Inviabilidades: 0 
FO: 118684.222944
Tempo total:6.423
######################## FIM ###################

 ######################## 200 ###################

Vetor de solucoes: 
2 1 1 0 2 0 2 1 0 2 2 0 0 2 2 2 2 1 1 0 0 1 0 0 2 2 0 2 0 0 0 2 2 2 2 2 2 1 2 2 2 0 2 2 1 0 1 2 2 1 2 1 2 0 1 2 2 0 2 2 2 0 2 2 2 2 1 1 2 2 2 2 1 1 2 2 1 0 0 0 0 0 0 1 0 0 0 0 0 0 0 2 0 0 0 0 2 2 

 Inviabilidades: 0 
FO: 118684.222944
Tempo total:6.216
######################## FIM ###################

 ######################## 200 ###################

Vetor de solucoes: 
2 1 1 0 2 0 2 1 0 2 2 0 0 2 2 2 2 1 1 0 0 1 0 0 2 2 0 2 0 0 0 2 2 2 2 2 2 1 2 2 2 0 2 2 1 0 1 2 2 1 2 1 2 0 1 2 2 0 2 2 2 0 2 2 2 2 1 1 2 2 2 2 1 1 2 2 1 0 0 0 0 0 0 1 0 0 0 0 0 0 0 2 0 0 0 0 2 2 

 Inviabilidades: 0 
FO: 118684.222944
Tempo total:6.323
######################## FIM ###################

 ######################## 200 ###################

Vetor de solucoes: 
0 2 2 1 0 1 0 2 1 0 0 1 1 0 0 0 0 2 2 1 1 2 1 1 0 0 1 0 1 1 1 0 0 0 0 0 0 2 0 0 0 1 0 0 2 1 2 0 0 2 0 2 0 1 2 0 0 1 0 0 0 1 0 0 0 0 2 2 0 0 0 0 2 2 0 0 2 1 1 1 1 1 1 1 2 1 1 1 1 1 1 0 1 1 1 1 0 0 

 Inviabilidades: 0 
FO: 118885.058562
Tempo total:6.496
######################## FIM ###################

 ######################## 200 ###################

Vetor de solucoes: 
1 0 0 2 1 2 1 0 2 1 1 2 2 1 1 1 1 0 0 2 2 0 2 2 1 1 2 1 2 2 2 1 1 1 1 1 1 0 1 1 1 2 1 1 0 2 0 1 1 0 1 0 1 2 0 1 1 2 1 1 1 2 1 1 1 1 0 0 1 1 1 1 0 0 1 1 0 2 2 2 2 2 2 0 2 2 2 2 2 2 2 1 2 2 2 2 1 1 

 Inviabilidades: 0 
FO: 118684.222944
Tempo total:6.697
######################## FIM ###################

 ######################## 200 ###################

Vetor de solucoes: 
0 1 1 2 0 2 0 1 2 0 0 2 2 0 0 0 0 1 1 2 2 1 2 2 0 0 2 0 2 2 2 0 0 0 0 0 0 1 0 0 0 2 0 0 1 2 1 0 0 1 0 1 0 2 1 0 0 2 0 0 0 2 0 0 0 0 1 1 0 0 0 0 1 1 0 0 1 2 2 2 2 2 2 1 2 2 2 2 2 2 2 0 2 2 2 2 0 0 

 Inviabilidades: 0 
FO: 118684.222944
Tempo total:6.589
######################## FIM ###################

 ######################## 200 ###################

Vetor de solucoes: 
0 2 2 1 0 1 0 2 1 0 0 1 1 0 0 0 0 2 2 1 1 2 1 1 0 0 1 0 1 1 1 0 0 0 0 0 0 2 0 0 0 1 0 0 2 1 2 0 0 2 0 2 0 1 2 0 0 1 0 0 0 1 0 0 0 0 2 2 0 0 0 0 2 2 0 0 2 1 1 1 1 1 1 2 1 1 1 1 1 1 1 0 1 1 1 1 0 0 

 Inviabilidades: 0 
FO: 118684.222944
Tempo total:6.974
######################## FIM ###################

 ######################## 200 ###################

Vetor de solucoes: 
0 1 1 2 0 2 0 1 2 0 0 2 2 0 0 0 0 1 1 2 2 1 2 2 0 0 2 0 2 2 2 0 0 0 0 0 0 1 0 0 0 2 0 0 1 2 1 0 0 1 0 1 0 2 1 0 0 2 0 0 0 2 0 0 0 0 1 1 0 0 0 0 0 1 0 0 1 2 2 2 2 2 2 1 2 2 2 2 2 2 2 0 2 2 2 2 0 0 

 Inviabilidades: 0 
FO: 118733.208656
Tempo total:6.757
######################## FIM ###################

 ######################## 200 ###################

Vetor de solucoes: 
2 1 1 0 2 0 2 1 0 2 2 0 0 2 2 2 2 1 1 0 0 1 0 0 2 2 0 2 0 0 0 2 2 2 2 2 2 1 2 2 2 0 2 2 1 0 1 2 2 1 2 1 2 0 1 2 2 0 2 2 2 0 2 2 2 2 1 1 2 2 2 2 1 1 2 2 1 0 0 0 0 0 0 1 0 0 0 0 0 0 0 2 0 0 0 0 2 2 

 Inviabilidades: 0 
FO: 118684.222944
Tempo total:6.738
######################## FIM ###################

 ######################## 200 ###################

Vetor de solucoes: 
1 2 2 0 1 0 1 2 0 1 1 0 0 1 1 1 1 2 2 0 0 2 0 0 1 1 0 1 0 0 0 1 1 1 1 1 1 2 1 1 1 0 1 1 2 0 2 1 1 2 1 2 1 0 2 1 1 0 1 1 1 0 1 1 1 1 2 2 1 1 1 1 2 2 1 1 2 0 0 0 0 0 0 2 0 0 0 0 0 0 0 1 0 0 0 0 1 1 

 Inviabilidades: 0 
FO: 118684.222944
Tempo total:6.319
######################## FIM ###################

 ######################## 200 ###################

Vetor de solucoes: 
2 1 1 0 2 0 2 1 0 2 2 0 0 2 2 2 2 1 1 0 0 1 0 0 2 2 0 2 0 0 0 2 2 2 2 2 2 1 2 2 2 0 2 2 1 0 1 2 2 1 2 1 2 0 1 2 2 0 2 2 2 0 2 2 2 2 1 1 2 2 2 2 1 1 2 2 1 0 0 0 0 0 0 1 0 0 0 0 0 0 0 2 0 0 0 0 2 2 

 Inviabilidades: 0 
FO: 118684.222944
Tempo total:6.432
######################## FIM ###################

 ######################## 200 ###################

Vetor de solucoes: 
1 1 1 2 1 2 1 0 2 1 1 2 2 1 1 1 1 0 0 2 2 0 2 2 1 1 2 1 2 2 2 1 1 1 1 1 1 0 1 1 1 2 1 1 0 2 0 1 1 0 1 1 1 2 0 1 1 2 1 1 1 2 1 1 1 1 0 0 1 1 1 1 0 0 1 1 0 2 2 2 2 2 2 0 2 2 2 2 2 2 2 1 2 2 2 2 1 1 

 Inviabilidades: 0 
FO: 118787.276784
Tempo total:6.429
######################## FIM ###################

 ######################## 200 ###################

Vetor de solucoes: 
0 2 2 1 0 1 0 2 1 0 0 1 1 0 0 0 0 2 2 1 1 2 1 1 0 0 1 0 1 1 1 0 0 0 0 0 0 2 0 0 0 1 0 0 2 1 2 0 0 2 0 2 0 1 2 0 0 1 0 0 0 1 0 0 0 0 2 2 0 0 0 0 2 2 0 0 2 1 1 1 1 1 1 2 1 1 1 1 1 1 1 0 1 1 1 1 0 0 

 Inviabilidades: 0 
FO: 118684.222944
Tempo total:6.861
######################## FIM ###################

 ######################## 200 ###################

Vetor de solucoes: 
0 2 2 1 0 1 0 2 1 0 0 1 1 0 0 0 0 2 2 1 1 2 1 1 0 0 1 0 1 1 1 0 0 0 0 0 0 2 0 0 0 1 0 0 2 1 2 0 0 2 0 2 0 1 2 0 0 1 0 0 0 1 0 0 0 0 2 2 0 0 0 0 2 2 0 0 2 1 1 1 1 1 1 2 1 1 1 1 1 1 1 0 1 1 1 1 0 0 

 Inviabilidades: 0 
FO: 118684.222944
Tempo total:6.789
######################## FIM ###################

 ######################## 200 ###################

Vetor de solucoes: 
2 0 0 1 2 1 2 0 1 2 2 1 1 2 2 2 2 0 0 1 1 0 1 1 2 2 1 2 1 1 1 2 2 2 2 2 2 0 2 2 2 1 2 2 0 1 0 2 2 0 2 0 2 1 0 2 2 1 2 2 2 1 2 2 2 2 0 0 2 2 2 2 0 0 2 2 0 1 1 1 1 1 1 0 1 1 1 1 1 1 1 2 1 1 1 1 2 2 

 Inviabilidades: 0 
FO: 118684.222944
Tempo total:6.554
######################## FIM ###################

 ######################## 200 ###################

Vetor de solucoes: 
2 1 1 0 2 0 2 1 0 2 2 0 0 2 2 2 2 1 1 0 0 1 0 0 2 2 0 2 0 0 0 2 2 2 2 2 2 1 2 2 2 0 2 2 1 0 1 2 2 1 2 1 2 0 1 2 2 0 2 2 2 0 2 2 2 2 1 1 2 2 2 2 1 1 2 2 1 0 0 0 0 0 0 1 0 0 0 0 0 0 0 2 0 0 0 0 2 2 

 Inviabilidades: 0 
FO: 118684.222944
Tempo total:6.367
######################## FIM ###################

 ######################## 200 ###################

Vetor de solucoes: 
2 1 1 0 2 0 2 1 0 2 2 0 0 2 2 2 2 1 1 0 0 1 0 0 2 2 0 2 0 0 0 2 2 2 2 2 2 1 2 2 2 0 2 2 1 0 1 2 2 1 2 1 2 0 1 2 2 0 2 2 2 0 2 2 2 2 1 1 2 2 2 2 1 1 2 2 1 0 0 0 0 0 0 1 0 0 0 0 0 0 0 2 0 0 0 0 2 2 

 Inviabilidades: 0 
FO: 118684.222944
Tempo total:6.313
######################## FIM ###################

 ######################## 200 ###################

Vetor de solucoes: 
1 0 0 2 1 2 1 0 2 1 1 2 2 1 1 1 1 0 0 2 2 0 2 2 1 1 2 1 2 2 2 1 1 1 1 1 1 0 1 1 1 2 1 1 0 2 0 1 1 0 1 0 1 2 0 1 1 2 1 1 1 2 1 1 1 1 0 0 1 1 1 1 0 0 1 1 0 2 2 2 2 2 2 0 2 2 2 2 2 2 2 1 2 2 2 2 1 1 

 Inviabilidades: 0 
FO: 118684.222944
Tempo total:6.687
######################## FIM ###################

 ######################## 200 ###################

Vetor de solucoes: 
2 1 1 0 2 0 2 1 0 2 2 0 0 2 2 2 2 1 1 0 0 1 0 0 2 2 0 2 0 0 0 2 2 2 2 2 2 1 2 2 2 0 2 2 1 0 1 2 2 1 2 1 2 0 1 2 2 0 2 2 2 0 2 2 2 2 1 1 2 2 2 2 1 1 2 2 1 0 0 0 0 0 0 0 1 0 0 0 0 0 0 2 0 0 0 0 2 2 

 Inviabilidades: 0 
FO: 118885.058562
Tempo total:6.569
######################## FIM ###################

 ######################## 200 ###################

Vetor de solucoes: 
1 2 2 0 1 0 1 2 0 1 1 0 0 1 1 1 1 2 2 0 0 2 0 0 1 1 0 1 0 0 0 1 1 1 1 1 1 2 1 1 1 0 1 1 2 0 2 1 1 2 1 2 1 0 2 1 1 0 1 1 1 0 1 1 1 1 2 2 1 1 1 1 2 2 1 1 2 0 0 0 0 0 0 2 0 0 0 0 0 0 0 1 0 0 0 0 1 1 

 Inviabilidades: 0 
FO: 118684.222944
Tempo total:6.271
######################## FIM ###################

 ######################## 200 ###################

Vetor de solucoes: 
1 0 0 2 1 2 1 0 2 1 1 2 2 1 1 1 1 0 0 2 2 0 2 2 1 1 2 1 2 2 2 1 1 1 1 1 1 0 1 1 1 2 1 1 0 2 0 1 1 0 1 0 1 2 0 1 1 2 1 1 1 2 1 1 1 1 0 0 1 1 1 1 0 0 1 1 0 2 2 2 2 2 2 0 2 2 2 2 2 2 2 1 2 2 2 2 1 1 

 Inviabilidades: 0 
FO: 118684.222944
Tempo total:6.625
######################## FIM ###################

 ######################## 200 ###################

Vetor de solucoes: 
2 1 1 0 2 0 2 1 0 2 2 0 0 2 2 2 2 1 1 0 0 1 0 0 2 2 0 2 0 0 0 2 2 2 2 2 2 1 2 2 2 0 2 2 1 0 1 2 2 1 2 1 2 0 1 2 2 0 2 2 2 0 2 2 2 2 1 1 2 2 2 2 1 1 2 2 1 0 0 0 0 0 0 1 0 0 0 0 0 0 0 2 0 0 0 0 2 2 

 Inviabilidades: 0 
FO: 118684.222944
Tempo total:6.692
######################## FIM ###################

 ######################## 200 ###################

Vetor de solucoes: 
2 1 1 0 2 0 2 1 0 2 2 0 0 2 2 2 2 1 1 0 0 1 0 0 2 2 0 2 0 0 0 2 2 2 2 2 2 1 2 2 2 0 2 2 1 0 1 2 2 1 2 1 2 0 1 2 2 0 2 2 2 0 2 2 2 2 1 1 2 2 2 2 1 1 2 2 1 0 0 0 0 0 0 1 0 0 0 0 0 0 0 2 0 0 0 0 2 2 

 Inviabilidades: 0 
FO: 118684.222944
Tempo total:6.487
######################## FIM ###################

 ######################## 200 ###################

Vetor de solucoes: 
2 1 1 0 2 0 2 1 0 2 2 0 0 2 2 2 2 1 1 0 0 1 0 0 2 2 0 2 0 0 0 2 2 2 2 2 2 1 2 2 2 0 2 2 1 0 1 2 2 1 2 1 2 0 1 2 2 0 2 2 2 0 2 2 2 2 1 1 2 2 2 2 1 1 2 2 1 0 0 0 0 0 0 1 0 0 0 0 0 0 0 2 0 0 0 0 2 2 

 Inviabilidades: 0 
FO: 118684.222944
Tempo total:6.382
######################## FIM ###################

 ######################## 200 ###################

Vetor de solucoes: 
2 0 0 1 2 1 2 0 1 2 2 1 1 2 2 2 2 0 0 1 1 0 1 1 2 2 1 2 1 1 1 2 2 2 2 2 2 0 2 2 2 1 2 2 0 1 0 2 2 0 2 0 2 1 0 2 2 1 2 2 2 1 2 2 2 2 0 0 2 2 2 2 0 0 2 2 0 1 1 1 1 1 1 0 1 1 1 1 1 1 1 2 1 1 1 1 2 2 

 Inviabilidades: 0 
FO: 118684.222944
Tempo total:6.698
######################## FIM ###################

 ######################## 200 ###################

Vetor de solucoes: 
1 2 2 0 1 0 1 2 0 1 1 0 0 1 1 1 1 2 2 0 0 2 0 0 1 1 0 1 0 0 0 1 1 1 1 1 1 2 1 1 1 0 1 1 2 0 2 1 1 2 1 2 1 0 2 1 1 0 1 1 1 0 1 1 1 1 2 2 1 1 1 1 2 2 1 1 2 0 0 0 0 0 0 2 0 0 0 0 0 0 0 1 0 0 0 0 1 1 

 Inviabilidades: 0 
FO: 118684.222944
Tempo total:6.337
######################## FIM ###################

 ######################## 200 ###################

Vetor de solucoes: 
2 0 0 1 2 1 2 0 1 2 2 1 1 2 2 2 2 0 0 1 1 0 1 1 2 2 1 2 1 1 1 2 2 2 2 2 2 0 2 2 2 1 2 2 0 1 0 2 2 0 2 0 2 1 0 2 2 1 2 2 2 1 2 2 2 2 0 0 2 2 2 2 0 0 2 2 0 1 1 1 1 1 1 0 1 1 1 1 1 1 1 2 1 1 1 1 2 2 

 Inviabilidades: 0 
FO: 118684.222944
Tempo total:6.778
######################## FIM ###################

 ######################## 200 ###################

Vetor de solucoes: 
0 1 1 2 0 2 0 1 2 0 0 2 2 0 0 0 0 1 1 2 2 1 2 2 0 0 2 0 2 2 2 0 0 0 0 0 0 1 0 0 0 2 0 0 1 2 1 0 0 1 0 1 0 2 1 0 0 2 0 0 0 2 0 0 0 0 1 1 0 0 0 0 1 1 0 0 1 2 2 2 2 2 2 1 2 2 2 2 2 2 2 0 2 2 2 2 0 0 

 Inviabilidades: 0 
FO: 118684.222944
Tempo total:6.545
######################## FIM ###################

 ######################## 200 ###################

Vetor de solucoes: 
1 0 0 2 1 2 1 0 2 1 1 2 2 1 1 1 1 0 0 2 2 0 2 2 1 1 2 1 2 2 2 1 1 1 1 1 1 0 1 1 1 2 1 1 0 2 0 1 1 0 1 0 1 2 0 1 1 2 1 1 1 2 1 1 1 1 0 0 1 1 1 1 0 0 1 1 0 2 2 2 2 2 2 0 2 2 2 2 2 2 2 1 2 2 2 2 1 1 

 Inviabilidades: 0 
FO: 118684.222944
Tempo total:6.734
######################## FIM ###################

 ######################## 200 ###################

Vetor de solucoes: 
0 2 2 1 0 1 0 2 1 0 0 1 1 0 0 0 0 2 2 1 1 2 1 1 0 0 1 0 1 1 1 0 0 0 0 0 0 2 0 0 0 1 0 0 2 1 2 0 0 2 0 2 0 1 2 0 0 1 0 0 0 1 0 0 0 0 2 2 0 0 0 0 2 2 0 0 2 1 1 1 1 1 1 2 1 1 1 1 1 1 1 0 1 1 1 1 0 0 

 Inviabilidades: 0 
FO: 118684.222944
Tempo total:6.812
######################## FIM ###################

 ######################## 200 ###################

Vetor de solucoes: 
2 0 0 1 2 1 2 0 1 2 2 1 1 2 2 2 2 0 0 1 1 0 1 1 2 2 1 2 1 1 1 2 2 2 2 2 2 0 2 2 2 1 2 2 0 1 0 2 2 0 2 0 2 1 0 2 2 1 2 2 2 1 2 2 2 2 0 0 2 2 2 2 0 0 2 2 0 1 1 1 1 1 1 0 1 1 1 1 1 1 1 2 1 1 1 1 2 2 

 Inviabilidades: 0 
FO: 118684.222944
Tempo total:6.776
######################## FIM ###################

 ######################## 200 ###################

Vetor de solucoes: 
1 0 0 2 1 2 1 0 2 1 1 2 2 1 1 1 1 0 0 2 2 0 2 2 1 1 2 1 2 2 2 1 1 1 1 1 1 0 1 1 1 2 1 1 0 2 0 1 1 0 1 0 1 2 0 1 1 2 1 1 1 2 1 1 1 1 0 0 1 1 1 1 0 0 1 1 0 2 2 2 2 2 2 0 2 2 2 2 2 2 2 1 2 2 2 2 1 1 

 Inviabilidades: 0 
FO: 118684.222944
Tempo total:6.727
######################## FIM ###################
