
 ######################## 300 ###################

Vetor de solucoes: 
0 0 0 0 0 0 0 0 0 0 2 2 2 2 2 2 2 2 2 2 1 1 1 1 1 1 1 1 1 1 3 3 3 3 3 3 3 3 3 3 3 3 3 3 3 3 3 

 Inviabilidades: 0 
FO: 218.064706
Tempo total:2.985
######################## FIM ###################

 ######################## 300 ###################

Vetor de solucoes: 
3 3 3 3 3 3 3 3 3 3 1 1 1 1 1 1 1 1 1 1 0 0 0 0 0 0 0 0 0 0 2 2 2 2 2 2 2 2 2 2 2 2 2 2 2 2 2 

 Inviabilidades: 0 
FO: 218.064706
Tempo total:2.781
######################## FIM ###################

 ######################## 300 ###################

Vetor de solucoes: 
1 1 1 1 1 1 1 1 1 1 3 3 3 3 3 3 3 3 3 3 0 0 0 0 0 0 0 0 0 0 2 2 2 2 2 2 2 2 2 2 2 2 2 2 2 2 2 

 Inviabilidades: 0 
FO: 218.064706
Tempo total:2.709
######################## FIM ###################

 ######################## 300 ###################

Vetor de solucoes: 
1 1 1 1 1 1 1 1 1 1 2 2 2 2 2 2 2 2 2 2 0 0 0 0 0 0 0 0 0 0 3 3 3 3 3 3 3 3 3 3 3 3 3 3 3 3 3 

 Inviabilidades: 0 
FO: 218.064706
Tempo total:2.723
######################## FIM ###################

 ######################## 300 ###################

Vetor de solucoes: 
0 0 0 0 0 0 0 0 0 0 2 2 2 2 2 2 2 2 2 2 3 3 3 3 3 3 3 3 3 3 1 1 1 1 1 1 1 1 1 1 1 1 1 1 1 1 1 

 Inviabilidades: 0 
FO: 218.064706
Tempo total:2.669
######################## FIM ###################

 ######################## 300 ###################

Vetor de solucoes: 
0 0 0 0 0 0 0 0 0 0 2 2 2 2 2 2 2 2 2 2 1 1 1 1 1 1 1 1 1 1 3 3 3 3 3 3 3 3 3 3 3 3 3 3 3 3 3 

 Inviabilidades: 0 
FO: 218.064706
Tempo total:2.750
######################## FIM ###################

 ######################## 300 ###################

Vetor de solucoes: 
3 3 3 3 3 3 3 3 3 3 1 1 1 1 1 1 1 1 1 1 0 0 0 0 0 0 0 0 0 0 2 2 2 2 2 2 2 2 2 2 2 2 2 2 2 2 2 

 Inviabilidades: 0 
FO: 218.064706
Tempo total:2.721
######################## FIM ###################

 ######################## 300 ###################

Vetor de solucoes: 
3 3 3 3 3 3 3 3 3 3 1 1 1 1 1 1 1 1 1 1 2 2 2 2 2 2 2 2 2 2 0 0 0 0 0 0 0 0 0 0 0 0 0 0 0 0 0 

 Inviabilidades: 0 
FO: 218.064706
Tempo total:2.750
######################## FIM ###################

 ######################## 300 ###################

Vetor de solucoes: 
1 1 1 1 1 1 1 1 1 1 3 3 3 3 3 3 3 3 3 3 0 0 0 0 0 0 0 0 0 0 2 2 2 2 2 2 2 2 2 2 2 2 2 2 2 2 2 

 Inviabilidades: 0 
FO: 218.064706
Tempo total:2.750
######################## FIM ###################

 ######################## 300 ###################

Vetor de solucoes: 
3 3 3 3 3 3 3 3 3 3 0 0 0 0 0 0 0 0 0 0 1 1 1 1 1 1 1 1 1 1 2 2 2 2 2 2 2 2 2 2 2 2 2 2 2 2 2 

 Inviabilidades: 0 
FO: 218.064706
Tempo total:2.752
######################## FIM ###################

 ######################## 300 ###################

Vetor de solucoes: 
3 3 3 3 3 3 3 3 3 3 1 1 1 1 1 1 1 1 1 1 0 0 0 0 0 0 0 0 0 0 2 2 2 2 2 2 2 2 2 2 2 2 2 2 2 2 2 

 Inviabilidades: 0 
FO: 218.064706
Tempo total:2.699
######################## FIM ###################

 ######################## 300 ###################

Vetor de solucoes: 
0 0 0 0 0 0 0 0 0 0 2 2 2 2 2 2 2 2 2 2 3 3 3 3 3 3 3 3 3 3 1 1 1 1 1 1 1 1 1 1 1 1 1 1 1 1 1 

 Inviabilidades: 0 
FO: 218.064706
Tempo total:3.027
######################## FIM ###################

 ######################## 300 ###################

Vetor de solucoes: 
3 3 3 3 3 3 3 3 3 3 2 2 2 2 2 2 2 2 2 2 0 0 0 0 0 0 0 0 0 0 1 1 1 1 1 1 1 1 1 1 1 1 1 1 1 1 1 

 Inviabilidades: 0 
FO: 218.064706
Tempo total:2.782
######################## FIM ###################

 ######################## 300 ###################

Vetor de solucoes: 
1 1 1 1 1 1 1 1 1 1 0 0 0 0 0 0 0 0 0 0 2 2 2 2 2 2 2 2 2 2 3 3 3 3 3 3 3 3 3 3 3 3 3 3 3 3 3 

 Inviabilidades: 0 
FO: 218.064706
Tempo total:2.769
######################## FIM ###################

 ######################## 300 ###################

Vetor de solucoes: 
3 3 3 3 3 3 3 3 3 3 0 0 0 0 0 0 0 0 0 0 2 2 2 2 2 2 2 2 2 2 1 1 1 1 1 1 1 1 1 1 1 1 1 1 1 1 1 

 Inviabilidades: 0 
FO: 218.064706
Tempo total:2.721
######################## FIM ###################

 ######################## 300 ###################

Vetor de solucoes: 
2 2 2 2 2 2 2 2 2 2 1 1 1 1 1 1 1 1 1 1 3 3 3 3 3 3 3 3 3 3 0 0 0 0 0 0 0 0 0 0 0 0 0 0 0 0 0 

 Inviabilidades: 0 
FO: 218.064706
Tempo total:2.752
######################## FIM ###################

 ######################## 300 ###################

Vetor de solucoes: 
0 0 0 0 0 0 0 0 0 0 1 1 1 1 1 1 1 1 1 1 2 2 2 2 2 2 2 2 2 2 3 3 3 3 3 3 3 3 3 3 3 3 3 3 3 3 3 

 Inviabilidades: 0 
FO: 218.064706
Tempo total:2.713
######################## FIM ###################

 ######################## 300 ###################

Vetor de solucoes: 
0 0 0 0 0 0 0 0 0 0 2 2 2 2 2 2 2 2 2 2 3 3 3 3 3 3 3 3 3 3 1 1 1 1 1 1 1 1 1 1 1 1 1 1 1 1 1 

 Inviabilidades: 0 
FO: 218.064706
Tempo total:2.698
######################## FIM ###################

 ######################## 300 ###################

Vetor de solucoes: 
2 2 2 2 2 2 2 2 2 2 0 0 0 0 0 0 0 0 0 0 3 3 3 3 3 3 3 3 3 3 1 1 1 1 1 1 1 1 1 1 1 1 1 1 1 1 1 

 Inviabilidades: 0 
FO: 218.064706
Tempo total:2.691
######################## FIM ###################

 ######################## 300 ###################

Vetor de solucoes: 
3 3 3 3 3 3 3 3 3 3 0 0 0 0 0 0 0 0 0 0 2 2 2 2 2 2 2 2 2 2 1 1 1 1 1 1 1 1 1 1 1 1 1 1 1 1 1 

 Inviabilidades: 0 
FO: 218.064706
Tempo total:2.708
######################## FIM ###################

 ######################## 300 ###################

Vetor de solucoes: 
3 3 3 3 3 3 3 3 3 3 2 2 2 2 2 2 2 2 2 2 1 1 1 1 1 1 1 1 1 1 0 0 0 0 0 0 0 0 0 0 0 0 0 0 0 0 0 

 Inviabilidades: 0 
FO: 218.064706
Tempo total:2.683
######################## FIM ###################

 ######################## 300 ###################

Vetor de solucoes: 
0 0 0 0 0 0 0 0 0 0 3 3 3 3 3 3 3 3 3 3 2 2 2 2 2 2 2 2 2 2 1 1 1 1 1 1 1 1 1 1 1 1 1 1 1 1 1 

 Inviabilidades: 0 
FO: 218.064706
Tempo total:2.687
######################## FIM ###################

 ######################## 300 ###################

Vetor de solucoes: 
3 3 3 3 3 3 3 3 3 3 0 0 0 0 0 0 0 0 0 0 2 2 2 2 2 2 2 2 2 2 1 1 1 1 1 1 1 1 1 1 1 1 1 1 1 1 1 

 Inviabilidades: 0 
FO: 218.064706
Tempo total:2.701
######################## FIM ###################

 ######################## 300 ###################

Vetor de solucoes: 
2 2 2 2 2 2 2 2 2 2 0 0 0 0 0 0 0 0 0 0 3 3 3 3 3 3 3 3 3 3 1 1 1 1 1 1 1 1 1 1 1 1 1 1 1 1 1 

 Inviabilidades: 0 
FO: 218.064706
Tempo total:2.633
######################## FIM ###################

 ######################## 300 ###################

Vetor de solucoes: 
3 3 3 3 3 3 3 3 3 3 1 1 1 1 1 1 1 1 1 1 0 0 0 0 0 0 0 0 0 0 2 2 2 2 2 2 2 2 2 2 2 2 2 2 2 2 2 

 Inviabilidades: 0 
FO: 218.064706
Tempo total:2.671
######################## FIM ###################

 ######################## 300 ###################

Vetor de solucoes: 
2 2 2 2 2 2 2 2 2 2 1 1 1 1 1 1 1 1 1 1 3 3 3 3 3 3 3 3 3 3 0 0 0 0 0 0 0 0 0 0 0 0 0 0 0 0 0 

 Inviabilidades: 0 
FO: 218.064706
Tempo total:2.687
######################## FIM ###################

 ######################## 300 ###################

Vetor de solucoes: 
3 3 3 3 3 3 3 3 3 3 0 0 0 0 0 0 0 0 0 0 2 2 2 2 2 2 2 2 2 2 1 1 1 1 1 1 1 1 1 1 1 1 1 1 1 1 1 

 Inviabilidades: 0 
FO: 218.064706
Tempo total:2.709
######################## FIM ###################

 ######################## 300 ###################

Vetor de solucoes: 
1 1 1 1 1 1 1 1 1 1 3 3 3 3 3 3 3 3 3 3 0 0 0 0 0 0 0 0 0 0 2 2 2 2 2 2 2 2 2 2 2 2 2 2 2 2 2 

 Inviabilidades: 0 
FO: 218.064706
Tempo total:2.703
######################## FIM ###################

 ######################## 300 ###################

Vetor de solucoes: 
3 3 3 3 3 3 3 3 3 3 0 0 0 0 0 0 0 0 0 0 2 2 2 2 2 2 2 2 2 2 1 1 1 1 1 1 1 1 1 1 1 1 1 1 1 1 1 

 Inviabilidades: 0 
FO: 218.064706
Tempo total:2.714
######################## FIM ###################

 ######################## 300 ###################

Vetor de solucoes: 
1 1 1 1 1 1 1 1 1 1 3 3 3 3 3 3 3 3 3 3 2 2 2 2 2 2 2 2 2 2 0 0 0 0 0 0 0 0 0 0 0 0 0 0 0 0 0 

 Inviabilidades: 0 
FO: 218.064706
Tempo total:2.644
######################## FIM ###################

 ######################## 300 ###################

Vetor de solucoes: 
1 1 1 1 1 1 1 1 1 1 2 2 2 2 2 2 2 2 2 2 3 3 3 3 3 3 3 3 3 3 0 0 0 0 0 0 0 0 0 0 0 0 0 0 0 0 0 

 Inviabilidades: 0 
FO: 218.064706
Tempo total:2.681
######################## FIM ###################

 ######################## 300 ###################

Vetor de solucoes: 
2 2 2 2 2 2 2 2 2 2 1 1 1 1 1 1 1 1 1 1 0 0 0 0 0 0 0 0 0 0 3 3 3 3 3 3 3 3 3 3 3 3 3 3 3 3 3 

 Inviabilidades: 0 
FO: 218.064706
Tempo total:2.767
######################## FIM ###################

 ######################## 300 ###################

Vetor de solucoes: 
1 1 1 1 1 1 1 1 1 1 0 0 0 0 0 0 0 0 0 0 2 2 2 2 2 2 2 2 2 2 3 3 3 3 3 3 3 3 3 3 3 3 3 3 3 3 3 

 Inviabilidades: 0 
FO: 218.064706
Tempo total:2.685
######################## FIM ###################

 ######################## 300 ###################

Vetor de solucoes: 
0 0 0 0 0 0 0 0 0 0 1 1 1 1 1 1 1 1 1 1 2 2 2 2 2 2 2 2 2 2 3 3 3 3 3 3 3 3 3 3 3 3 3 3 3 3 3 

 Inviabilidades: 0 
FO: 218.064706
Tempo total:2.880
######################## FIM ###################

 ######################## 300 ###################

Vetor de solucoes: 
1 1 1 1 1 1 1 1 1 1 0 0 0 0 0 0 0 0 0 0 2 2 2 2 2 2 2 2 2 2 3 3 3 3 3 3 3 3 3 3 3 3 3 3 3 3 3 

 Inviabilidades: 0 
FO: 218.064706
Tempo total:2.678
######################## FIM ###################

 ######################## 300 ###################

Vetor de solucoes: 
3 3 3 3 3 3 3 3 3 3 1 1 1 1 1 1 1 1 1 1 0 0 0 0 0 0 0 0 0 0 2 2 2 2 2 2 2 2 2 2 2 2 2 2 2 2 2 

 Inviabilidades: 0 
FO: 218.064706
Tempo total:2.697
######################## FIM ###################

 ######################## 300 ###################

Vetor de solucoes: 
1 1 1 1 1 1 1 1 1 1 2 2 2 2 2 2 2 2 2 2 0 0 0 0 0 0 0 0 0 0 3 3 3 3 3 3 3 3 3 3 3 3 3 3 3 3 3 

 Inviabilidades: 0 
FO: 218.064706
Tempo total:2.697
######################## FIM ###################

 ######################## 300 ###################

Vetor de solucoes: 
3 3 3 3 3 3 3 3 3 3 0 0 0 0 0 0 0 0 0 0 1 1 1 1 1 1 1 1 1 1 2 2 2 2 2 2 2 2 2 2 2 2 2 2 2 2 2 

 Inviabilidades: 0 
FO: 218.064706
Tempo total:2.748
######################## FIM ###################

 ######################## 300 ###################

Vetor de solucoes: 
1 1 1 1 1 1 1 1 1 1 0 0 0 0 0 0 0 0 0 0 2 2 2 2 2 2 2 2 2 2 3 3 3 3 3 3 3 3 3 3 3 3 3 3 3 3 3 

 Inviabilidades: 0 
FO: 218.064706
Tempo total:2.708
######################## FIM ###################

 ######################## 300 ###################

Vetor de solucoes: 
1 1 1 1 1 1 1 1 1 1 2 2 2 2 2 2 2 2 2 2 3 3 3 3 3 3 3 3 3 3 0 0 0 0 0 0 0 0 0 0 0 0 0 0 0 0 0 

 Inviabilidades: 0 
FO: 218.064706
Tempo total:2.727
######################## FIM ###################

 ######################## 300 ###################

Vetor de solucoes: 
0 0 0 0 0 0 0 0 0 0 3 3 3 3 3 3 3 3 3 3 1 1 1 1 1 1 1 1 1 1 2 2 2 2 2 2 2 2 2 2 2 2 2 2 2 2 2 

 Inviabilidades: 0 
FO: 218.064706
Tempo total:2.722
######################## FIM ###################

 ######################## 300 ###################

Vetor de solucoes: 
0 0 0 0 0 0 0 0 0 0 2 2 2 2 2 2 2 2 2 2 3 3 3 3 3 3 3 3 3 3 1 1 1 1 1 1 1 1 1 1 1 1 1 1 1 1 1 

 Inviabilidades: 0 
FO: 218.064706
Tempo total:2.725
######################## FIM ###################

 ######################## 300 ###################

Vetor de solucoes: 
2 2 2 2 2 2 2 2 2 2 0 0 0 0 0 0 0 0 0 0 1 1 1 1 1 1 1 1 1 1 3 3 3 3 3 3 3 3 3 3 3 3 3 3 3 3 3 

 Inviabilidades: 0 
FO: 218.064706
Tempo total:2.699
######################## FIM ###################

 ######################## 300 ###################

Vetor de solucoes: 
3 3 3 3 3 3 3 3 3 3 1 1 1 1 1 1 1 1 1 1 2 2 2 2 2 2 2 2 2 2 0 0 0 0 0 0 0 0 0 0 0 0 0 0 0 0 0 

 Inviabilidades: 0 
FO: 218.064706
Tempo total:2.659
######################## FIM ###################

 ######################## 300 ###################

Vetor de solucoes: 
1 1 1 1 1 1 1 1 1 1 2 2 2 2 2 2 2 2 2 2 0 0 0 0 0 0 0 0 0 0 3 3 3 3 3 3 3 3 3 3 3 3 3 3 3 3 3 

 Inviabilidades: 0 
FO: 218.064706
Tempo total:2.721
######################## FIM ###################

 ######################## 300 ###################

Vetor de solucoes: 
2 2 2 2 2 2 2 2 2 2 0 0 0 0 0 0 0 0 0 0 3 3 3 3 3 3 3 3 3 3 1 1 1 1 1 1 1 1 1 1 1 1 1 1 1 1 1 

 Inviabilidades: 0 
FO: 218.064706
Tempo total:2.739
######################## FIM ###################

 ######################## 300 ###################

Vetor de solucoes: 
1 1 1 1 1 1 1 1 1 1 2 2 2 2 2 2 2 2 2 2 3 3 3 3 3 3 3 3 3 3 0 0 0 0 0 0 0 0 0 0 0 0 0 0 0 0 0 

 Inviabilidades: 0 
FO: 218.064706
Tempo total:2.714
######################## FIM ###################

 ######################## 300 ###################

Vetor de solucoes: 
2 2 2 2 2 2 2 2 2 2 1 1 1 1 1 1 1 1 1 1 0 0 0 0 0 0 0 0 0 0 3 3 3 3 3 3 3 3 3 3 3 3 3 3 3 3 3 

 Inviabilidades: 0 
FO: 218.064706
Tempo total:2.676
######################## FIM ###################

 ######################## 300 ###################

Vetor de solucoes: 
3 3 3 3 3 3 3 3 3 3 0 0 0 0 0 0 0 0 0 0 1 1 1 1 1 1 1 1 1 1 2 2 2 2 2 2 2 2 2 2 2 2 2 2 2 2 2 

 Inviabilidades: 0 
FO: 218.064706
Tempo total:2.732
######################## FIM ###################

 ######################## 300 ###################

Vetor de solucoes: 
1 1 1 1 1 1 1 1 1 1 2 2 2 2 2 2 2 2 2 2 0 0 0 0 0 0 0 0 0 0 3 3 3 3 3 3 3 3 3 3 3 3 3 3 3 3 3 

 Inviabilidades: 0 
FO: 218.064706
Tempo total:2.675
######################## FIM ###################
