
 ######################## 50 ###################

Vetor de solucoes: 
1 1 1 1 1 1 1 1 1 1 2 2 2 2 2 2 2 2 2 2 3 3 3 3 3 3 3 3 3 3 0 0 0 0 0 0 0 0 0 0 0 0 0 0 0 0 0 

 Inviabilidades: 0 
FO: 218.064706
Tempo total:4.620
######################## FIM ###################

 ######################## 50 ###################

Vetor de solucoes: 
1 1 1 1 1 1 1 1 1 1 0 0 0 0 0 0 0 0 0 0 3 3 3 3 3 3 3 3 3 3 2 2 2 2 2 2 2 2 2 2 2 2 2 2 2 2 2 

 Inviabilidades: 0 
FO: 218.064706
Tempo total:4.721
######################## FIM ###################

 ######################## 50 ###################

Vetor de solucoes: 
1 1 1 1 1 1 1 1 1 1 0 0 0 0 0 0 0 0 0 0 3 3 3 3 3 3 3 3 3 3 2 2 2 2 2 2 2 2 2 2 2 2 2 2 2 2 2 

 Inviabilidades: 0 
FO: 218.064706
Tempo total:5.717
######################## FIM ###################

 ######################## 50 ###################

Vetor de solucoes: 
0 0 0 0 0 0 0 0 0 0 3 3 3 3 3 3 3 3 3 3 2 2 2 2 2 2 2 2 2 2 1 1 1 1 1 1 1 1 1 1 1 1 1 1 1 1 1 

 Inviabilidades: 0 
FO: 218.064706
Tempo total:4.775
######################## FIM ###################

 ######################## 50 ###################

Vetor de solucoes: 
0 0 0 0 0 0 0 0 0 0 2 2 2 2 2 2 2 2 2 2 3 3 3 3 3 3 3 3 3 3 1 1 1 1 1 1 1 1 1 1 1 1 1 1 1 1 1 

 Inviabilidades: 0 
FO: 218.064706
Tempo total:4.131
######################## FIM ###################

 ######################## 50 ###################

Vetor de solucoes: 
3 3 3 3 3 3 3 3 3 3 2 2 2 2 2 2 2 2 2 2 0 0 0 0 0 0 0 0 0 0 1 1 1 1 1 1 1 1 1 1 1 1 1 1 1 1 1 

 Inviabilidades: 0 
FO: 218.064706
Tempo total:3.817
######################## FIM ###################

 ######################## 50 ###################

Vetor de solucoes: 
0 0 0 0 0 0 0 0 0 0 2 2 2 2 2 2 2 2 2 2 3 3 3 3 3 3 3 3 3 3 1 1 1 1 1 1 1 1 1 1 1 1 1 1 1 1 1 

 Inviabilidades: 0 
FO: 218.064706
Tempo total:3.885
######################## FIM ###################

 ######################## 50 ###################

Vetor de solucoes: 
0 0 0 0 0 0 0 0 0 0 2 2 2 2 2 2 2 2 2 2 3 3 3 3 3 3 3 3 3 3 1 1 1 1 1 1 1 1 1 1 1 1 1 1 1 1 1 

 Inviabilidades: 0 
FO: 218.064706
Tempo total:4.002
######################## FIM ###################

 ######################## 50 ###################

Vetor de solucoes: 
1 1 1 1 1 1 1 1 1 1 0 0 0 0 0 0 0 0 0 0 2 2 2 2 2 2 2 2 2 2 3 3 3 3 3 3 3 3 3 3 3 3 3 3 3 3 3 

 Inviabilidades: 0 
FO: 218.064706
Tempo total:4.042
######################## FIM ###################

 ######################## 50 ###################

Vetor de solucoes: 
0 0 0 0 0 0 0 0 0 0 2 2 2 2 2 2 2 2 2 2 3 3 3 3 3 3 3 3 3 3 1 1 1 1 1 1 1 1 1 1 1 1 1 1 1 1 1 

 Inviabilidades: 0 
FO: 218.064706
Tempo total:3.873
######################## FIM ###################

 ######################## 50 ###################

Vetor de solucoes: 
2 2 2 2 2 2 2 2 2 2 3 3 3 3 3 3 3 3 3 3 1 1 1 1 1 1 1 1 1 1 0 0 0 0 0 0 0 0 0 0 0 0 0 0 0 0 0 

 Inviabilidades: 0 
FO: 218.064706
Tempo total:4.516
######################## FIM ###################

 ######################## 50 ###################

Vetor de solucoes: 
1 1 1 1 1 1 1 1 1 1 0 0 0 0 0 0 0 0 0 0 2 2 2 2 2 2 2 2 2 2 3 3 3 3 3 3 3 3 3 3 3 3 3 3 3 3 3 

 Inviabilidades: 0 
FO: 218.064706
Tempo total:4.829
######################## FIM ###################

 ######################## 50 ###################

Vetor de solucoes: 
3 3 3 3 3 3 3 3 3 3 2 2 2 2 2 2 2 2 2 2 0 0 0 0 0 0 0 0 0 0 1 1 1 1 1 1 1 1 1 1 1 1 1 1 1 1 1 

 Inviabilidades: 0 
FO: 218.064706
Tempo total:4.089
######################## FIM ###################

 ######################## 50 ###################

Vetor de solucoes: 
0 0 0 0 0 0 0 0 0 0 2 2 2 2 2 2 2 2 2 2 3 3 3 3 3 3 3 3 3 3 1 1 1 1 1 1 1 1 1 1 1 1 1 1 1 1 1 

 Inviabilidades: 0 
FO: 218.064706
Tempo total:4.096
######################## FIM ###################

 ######################## 50 ###################

Vetor de solucoes: 
2 2 2 2 2 2 2 2 2 2 0 0 0 0 0 0 0 0 0 0 3 3 3 3 3 3 3 3 3 3 1 1 1 1 1 1 1 1 1 1 1 1 1 1 1 1 1 

 Inviabilidades: 0 
FO: 218.064706
Tempo total:4.120
######################## FIM ###################

 ######################## 50 ###################

Vetor de solucoes: 
2 2 2 2 2 2 2 2 2 2 0 0 0 0 0 0 0 0 0 0 3 3 3 3 3 3 3 3 3 3 1 1 1 1 1 1 1 1 1 1 1 1 1 1 1 1 1 

 Inviabilidades: 0 
FO: 218.064706
Tempo total:4.437
######################## FIM ###################

 ######################## 50 ###################

Vetor de solucoes: 
1 1 1 1 1 1 1 1 1 1 3 3 3 3 3 3 3 3 3 3 2 2 2 2 2 2 2 2 2 2 0 0 0 0 0 0 0 0 0 0 0 0 0 0 0 0 0 

 Inviabilidades: 0 
FO: 218.064706
Tempo total:4.193
######################## FIM ###################

 ######################## 50 ###################

Vetor de solucoes: 
3 3 3 3 3 3 3 3 3 3 0 0 0 0 0 0 0 0 0 0 2 2 2 2 2 2 2 2 2 2 1 1 1 1 1 1 1 1 1 1 1 1 1 1 1 1 1 

 Inviabilidades: 0 
FO: 218.064706
Tempo total:4.097
######################## FIM ###################

 ######################## 50 ###################

Vetor de solucoes: 
3 3 3 3 3 3 3 3 3 3 0 0 0 0 0 0 0 0 0 0 2 2 2 2 2 2 2 2 2 2 1 1 1 1 1 1 1 1 1 1 1 1 1 1 1 1 1 

 Inviabilidades: 0 
FO: 218.064706
Tempo total:3.846
######################## FIM ###################

 ######################## 50 ###################

Vetor de solucoes: 
2 2 2 2 2 2 2 2 2 2 0 0 0 0 0 0 0 0 0 0 3 3 3 3 3 3 3 3 3 3 1 1 1 1 1 1 1 1 1 1 1 1 1 1 1 1 1 

 Inviabilidades: 0 
FO: 218.064706
Tempo total:4.051
######################## FIM ###################

 ######################## 50 ###################

Vetor de solucoes: 
0 0 0 0 0 0 0 0 0 0 1 1 1 1 1 1 1 1 1 1 2 2 2 2 2 2 2 2 2 2 3 3 3 3 3 3 3 3 3 3 3 3 3 3 3 3 3 

 Inviabilidades: 0 
FO: 218.064706
Tempo total:3.877
######################## FIM ###################

 ######################## 50 ###################

Vetor de solucoes: 
3 3 3 3 3 3 3 3 3 3 1 1 1 1 1 1 1 1 1 1 2 2 2 2 2 2 2 2 2 2 0 0 0 0 0 0 0 0 0 0 0 0 0 0 0 0 0 

 Inviabilidades: 0 
FO: 218.064706
Tempo total:3.596
######################## FIM ###################

 ######################## 50 ###################

Vetor de solucoes: 
3 3 3 3 3 3 3 3 3 3 0 0 0 0 0 0 0 0 0 0 2 2 2 2 2 2 2 2 2 2 1 1 1 1 1 1 1 1 1 1 1 1 1 1 1 1 1 

 Inviabilidades: 0 
FO: 218.064706
Tempo total:3.921
######################## FIM ###################

 ######################## 50 ###################

Vetor de solucoes: 
3 3 3 3 3 3 3 3 3 3 0 0 0 0 0 0 0 0 0 0 2 2 2 2 2 2 2 2 2 2 1 1 1 1 1 1 1 1 1 1 1 1 1 1 1 1 1 

 Inviabilidades: 0 
FO: 218.064706
Tempo total:5.203
######################## FIM ###################

 ######################## 50 ###################

Vetor de solucoes: 
2 2 2 2 2 2 2 2 2 2 3 3 3 3 3 3 3 3 3 3 1 1 1 1 1 1 1 1 1 1 0 0 0 0 0 0 0 0 0 0 0 0 0 0 0 0 0 

 Inviabilidades: 0 
FO: 218.064706
Tempo total:5.229
######################## FIM ###################

 ######################## 50 ###################

Vetor de solucoes: 
0 0 0 0 0 0 0 0 0 0 1 1 1 1 1 1 1 1 1 1 3 3 3 3 3 3 3 3 3 3 2 2 2 2 2 2 2 2 2 2 2 2 2 2 2 2 2 

 Inviabilidades: 0 
FO: 218.064706
Tempo total:3.992
######################## FIM ###################

 ######################## 50 ###################

Vetor de solucoes: 
0 0 0 0 0 0 0 0 0 0 1 1 1 1 1 1 1 1 1 1 3 3 3 3 3 3 3 3 3 3 2 2 2 2 2 2 2 2 2 2 2 2 2 2 2 2 2 

 Inviabilidades: 0 
FO: 218.064706
Tempo total:4.052
######################## FIM ###################

 ######################## 50 ###################

Vetor de solucoes: 
2 2 2 2 2 2 2 2 2 2 3 3 3 3 3 3 3 3 3 3 0 0 0 0 0 0 0 0 0 0 1 1 1 1 1 1 1 1 1 1 1 1 1 1 1 1 1 

 Inviabilidades: 0 
FO: 218.064706
Tempo total:4.068
######################## FIM ###################

 ######################## 50 ###################

Vetor de solucoes: 
0 0 0 0 0 0 0 0 0 0 3 3 3 3 3 3 3 3 3 3 2 2 2 2 2 2 2 2 2 2 1 1 1 1 1 1 1 1 1 1 1 1 1 1 1 1 1 

 Inviabilidades: 0 
FO: 218.064706
Tempo total:3.809
######################## FIM ###################

 ######################## 50 ###################

Vetor de solucoes: 
2 2 2 2 2 2 2 2 2 2 0 0 0 0 0 0 0 0 0 0 3 3 3 3 3 3 3 3 3 3 1 1 1 1 1 1 1 1 1 1 1 1 1 1 1 1 1 

 Inviabilidades: 0 
FO: 218.064706
Tempo total:3.673
######################## FIM ###################

 ######################## 50 ###################

Vetor de solucoes: 
1 1 1 1 1 1 1 1 1 1 3 3 3 3 3 3 3 3 3 3 2 2 2 2 2 2 2 2 2 2 0 0 0 0 0 0 0 0 0 0 0 0 0 0 0 0 0 

 Inviabilidades: 0 
FO: 218.064706
Tempo total:4.011
######################## FIM ###################

 ######################## 50 ###################

Vetor de solucoes: 
2 2 2 2 2 2 2 2 2 2 1 1 1 1 1 1 1 1 1 1 3 3 3 3 3 3 3 3 3 3 0 0 0 0 0 0 0 0 0 0 0 0 0 0 0 0 0 

 Inviabilidades: 0 
FO: 218.064706
Tempo total:3.898
######################## FIM ###################

 ######################## 50 ###################

Vetor de solucoes: 
3 3 3 3 3 3 3 3 3 3 2 2 2 2 2 2 2 2 2 2 1 1 1 1 1 1 1 1 1 1 0 0 0 0 0 0 0 0 0 0 0 0 0 0 0 0 0 

 Inviabilidades: 0 
FO: 218.064706
Tempo total:3.556
######################## FIM ###################

 ######################## 50 ###################

Vetor de solucoes: 
0 0 0 0 0 0 0 0 0 0 2 2 2 2 2 2 2 2 2 2 3 3 3 3 3 3 3 3 3 3 1 1 1 1 1 1 1 1 1 1 1 1 1 1 1 1 1 

 Inviabilidades: 0 
FO: 218.064706
Tempo total:3.835
######################## FIM ###################

 ######################## 50 ###################

Vetor de solucoes: 
2 2 2 2 2 2 2 2 2 2 0 0 0 0 0 0 0 0 0 0 1 1 1 1 1 1 1 1 1 1 3 3 3 3 3 3 3 3 3 3 3 3 3 3 3 3 3 

 Inviabilidades: 0 
FO: 218.064706
Tempo total:4.020
######################## FIM ###################

 ######################## 50 ###################

Vetor de solucoes: 
2 2 2 2 2 2 2 2 2 2 3 3 3 3 3 3 3 3 3 3 1 1 1 1 1 1 1 1 1 1 0 0 0 0 0 0 0 0 0 0 0 0 0 0 0 0 0 

 Inviabilidades: 0 
FO: 218.064706
Tempo total:3.905
######################## FIM ###################

 ######################## 50 ###################

Vetor de solucoes: 
0 0 0 0 0 0 0 0 0 0 1 1 1 1 1 1 1 1 1 1 3 3 3 3 3 3 3 3 3 3 2 2 2 2 2 2 2 2 2 2 2 2 2 2 2 2 2 

 Inviabilidades: 0 
FO: 218.064706
Tempo total:4.147
######################## FIM ###################

 ######################## 50 ###################

Vetor de solucoes: 
0 0 0 0 0 0 0 0 0 0 3 3 3 3 3 3 3 3 3 3 2 2 2 2 2 2 2 2 2 2 1 1 1 1 1 1 1 1 1 1 1 1 1 1 1 1 1 

 Inviabilidades: 0 
FO: 218.064706
Tempo total:3.920
######################## FIM ###################

 ######################## 50 ###################

Vetor de solucoes: 
3 3 3 3 3 3 3 3 3 3 0 0 0 0 0 0 0 0 0 0 1 1 1 1 1 1 1 1 1 1 2 2 2 2 2 2 2 2 2 2 2 2 2 2 2 2 2 

 Inviabilidades: 0 
FO: 218.064706
Tempo total:3.863
######################## FIM ###################

 ######################## 50 ###################

Vetor de solucoes: 
2 2 2 2 2 2 2 2 2 2 1 1 1 1 1 1 1 1 1 1 3 3 3 3 3 3 3 3 3 3 0 0 0 0 0 0 0 0 0 0 0 0 0 0 0 0 0 

 Inviabilidades: 0 
FO: 218.064706
Tempo total:4.084
######################## FIM ###################

 ######################## 50 ###################

Vetor de solucoes: 
2 2 2 2 2 2 2 2 2 2 3 3 3 3 3 3 3 3 3 3 1 1 1 1 1 1 1 1 1 1 0 0 0 0 0 0 0 0 0 0 0 0 0 0 0 0 0 

 Inviabilidades: 0 
FO: 218.064706
Tempo total:3.738
######################## FIM ###################

 ######################## 50 ###################

Vetor de solucoes: 
2 2 2 2 2 2 2 2 2 2 0 0 0 0 0 0 0 0 0 0 3 3 3 3 3 3 3 3 3 3 1 1 1 1 1 1 1 1 1 1 1 1 1 1 1 1 1 

 Inviabilidades: 0 
FO: 218.064706
Tempo total:4.475
######################## FIM ###################

 ######################## 50 ###################

Vetor de solucoes: 
0 0 0 0 0 0 0 0 0 0 1 1 1 1 1 1 1 1 1 1 3 3 3 3 3 3 3 3 3 3 2 2 2 2 2 2 2 2 2 2 2 2 2 2 2 2 2 

 Inviabilidades: 0 
FO: 218.064706
Tempo total:4.549
######################## FIM ###################

 ######################## 50 ###################

Vetor de solucoes: 
2 2 2 2 2 2 2 2 2 2 3 3 3 3 3 3 3 3 3 3 1 1 1 1 1 1 1 1 1 1 0 0 0 0 0 0 0 0 0 0 0 0 0 0 0 0 0 

 Inviabilidades: 0 
FO: 218.064706
Tempo total:3.784
######################## FIM ###################

 ######################## 50 ###################

Vetor de solucoes: 
2 2 2 2 2 2 2 2 2 2 1 1 1 1 1 1 1 1 1 1 0 0 0 0 0 0 0 0 0 0 3 3 3 3 3 3 3 3 3 3 3 3 3 3 3 3 3 

 Inviabilidades: 0 
FO: 218.064706
Tempo total:4.272
######################## FIM ###################

 ######################## 50 ###################

Vetor de solucoes: 
0 0 0 0 0 0 0 0 0 0 3 3 3 3 3 3 3 3 3 3 2 2 2 2 2 2 2 2 2 2 1 1 1 1 1 1 1 1 1 1 1 1 1 1 1 1 1 

 Inviabilidades: 0 
FO: 218.064706
Tempo total:5.185
######################## FIM ###################

 ######################## 50 ###################

Vetor de solucoes: 
2 2 2 2 2 2 2 2 2 2 1 1 1 1 1 1 1 1 1 1 3 3 3 3 3 3 3 3 3 3 0 0 0 0 0 0 0 0 0 0 0 0 0 0 0 0 0 

 Inviabilidades: 0 
FO: 218.064706
Tempo total:5.306
######################## FIM ###################

 ######################## 50 ###################

Vetor de solucoes: 
3 3 3 3 3 3 3 3 3 3 2 2 2 2 2 2 2 2 2 2 1 1 1 1 1 1 1 1 1 1 0 0 0 0 0 0 0 0 0 0 0 0 0 0 0 0 0 

 Inviabilidades: 0 
FO: 218.064706
Tempo total:5.370
######################## FIM ###################

 ######################## 50 ###################

Vetor de solucoes: 
2 2 2 2 2 2 2 2 2 2 0 0 0 0 0 0 0 0 0 0 1 1 1 1 1 1 1 1 1 1 3 3 3 3 3 3 3 3 3 3 3 3 3 3 3 3 3 

 Inviabilidades: 0 
FO: 218.064706
Tempo total:4.947
######################## FIM ###################

 ######################## 50 ###################

Vetor de solucoes: 
0 0 0 0 0 0 0 0 0 0 3 3 3 3 3 3 3 3 3 3 2 2 2 2 2 2 2 2 2 2 1 1 1 1 1 1 1 1 1 1 1 1 1 1 1 1 1 

 Inviabilidades: 0 
FO: 218.064706
Tempo total:4.611
######################## FIM ###################
