
 ######################## 350 ###################

Vetor de solucoes: 
3 3 3 3 3 3 3 3 3 3 0 0 0 0 0 0 0 0 0 0 1 1 1 1 1 1 1 1 1 1 2 2 2 2 2 2 2 2 2 2 2 2 2 2 2 2 2 

 Inviabilidades: 0 
FO: 218.064706
Tempo total:3.316
######################## FIM ###################

 ######################## 350 ###################

Vetor de solucoes: 
1 1 1 1 1 1 1 1 1 1 0 0 0 0 0 0 0 0 0 0 3 3 3 3 3 3 3 3 3 3 2 2 2 2 2 2 2 2 2 2 2 2 2 2 2 2 2 

 Inviabilidades: 0 
FO: 218.064706
Tempo total:3.117
######################## FIM ###################

 ######################## 350 ###################

Vetor de solucoes: 
3 3 3 3 3 3 3 3 3 3 0 0 0 0 0 0 0 0 0 0 2 2 2 2 2 2 2 2 2 2 1 1 1 1 1 1 1 1 1 1 1 1 1 1 1 1 1 

 Inviabilidades: 0 
FO: 218.064706
Tempo total:2.981
######################## FIM ###################

 ######################## 350 ###################

Vetor de solucoes: 
3 3 3 3 3 3 3 3 3 3 0 0 0 0 0 0 0 0 0 0 1 1 1 1 1 1 1 1 1 1 2 2 2 2 2 2 2 2 2 2 2 2 2 2 2 2 2 

 Inviabilidades: 0 
FO: 218.064706
Tempo total:2.963
######################## FIM ###################

 ######################## 350 ###################

Vetor de solucoes: 
2 2 2 2 2 2 2 2 2 2 1 1 1 1 1 1 1 1 1 1 0 0 0 0 0 0 0 0 0 0 3 3 3 3 3 3 3 3 3 3 3 3 3 3 3 3 3 

 Inviabilidades: 0 
FO: 218.064706
Tempo total:2.966
######################## FIM ###################

 ######################## 350 ###################

Vetor de solucoes: 
0 0 0 0 0 0 0 0 0 0 1 1 1 1 1 1 1 1 1 1 3 3 3 3 3 3 3 3 3 3 2 2 2 2 2 2 2 2 2 2 2 2 2 2 2 2 2 

 Inviabilidades: 0 
FO: 218.064706
Tempo total:3.031
######################## FIM ###################

 ######################## 350 ###################

Vetor de solucoes: 
3 3 3 3 3 3 3 3 3 3 0 0 0 0 0 0 0 0 0 0 1 1 1 1 1 1 1 1 1 1 2 2 2 2 2 2 2 2 2 2 2 2 2 2 2 2 2 

 Inviabilidades: 0 
FO: 218.064706
Tempo total:3.096
######################## FIM ###################

 ######################## 350 ###################

Vetor de solucoes: 
1 1 1 1 1 1 1 1 1 1 2 2 2 2 2 2 2 2 2 2 0 0 0 0 0 0 0 0 0 0 3 3 3 3 3 3 3 3 3 3 3 3 3 3 3 3 3 

 Inviabilidades: 0 
FO: 218.064706
Tempo total:3.045
######################## FIM ###################

 ######################## 350 ###################

Vetor de solucoes: 
1 1 1 1 1 1 1 1 1 1 3 3 3 3 3 3 3 3 3 3 0 0 0 0 0 0 0 0 0 0 2 2 2 2 2 2 2 2 2 2 2 2 2 2 2 2 2 

 Inviabilidades: 0 
FO: 218.064706
Tempo total:3.205
######################## FIM ###################

 ######################## 350 ###################

Vetor de solucoes: 
1 1 1 1 1 1 1 1 1 1 3 3 3 3 3 3 3 3 3 3 0 0 0 0 0 0 0 0 0 0 2 2 2 2 2 2 2 2 2 2 2 2 2 2 2 2 2 

 Inviabilidades: 0 
FO: 218.064706
Tempo total:3.234
######################## FIM ###################

 ######################## 350 ###################

Vetor de solucoes: 
2 2 2 2 2 2 2 2 2 2 3 3 3 3 3 3 3 3 3 3 1 1 1 1 1 1 1 1 1 1 0 0 0 0 0 0 0 0 0 0 0 0 0 0 0 0 0 

 Inviabilidades: 0 
FO: 218.064706
Tempo total:3.698
######################## FIM ###################

 ######################## 350 ###################

Vetor de solucoes: 
0 0 0 0 0 0 0 0 0 0 2 2 2 2 2 2 2 2 2 2 1 1 1 1 1 1 1 1 1 1 3 3 3 3 3 3 3 3 3 3 3 3 3 3 3 3 3 

 Inviabilidades: 0 
FO: 218.064706
Tempo total:3.143
######################## FIM ###################

 ######################## 350 ###################

Vetor de solucoes: 
1 1 1 1 1 1 1 1 1 1 3 3 3 3 3 3 3 3 3 3 2 2 2 2 2 2 2 2 2 2 0 0 0 0 0 0 0 0 0 0 0 0 0 0 0 0 0 

 Inviabilidades: 0 
FO: 218.064706
Tempo total:3.027
######################## FIM ###################

 ######################## 350 ###################

Vetor de solucoes: 
0 0 0 0 0 0 0 0 0 0 1 1 1 1 1 1 1 1 1 1 3 3 3 3 3 3 3 3 3 3 2 2 2 2 2 2 2 2 2 2 2 2 2 2 2 2 2 

 Inviabilidades: 0 
FO: 218.064706
Tempo total:2.974
######################## FIM ###################

 ######################## 350 ###################

Vetor de solucoes: 
2 2 2 2 2 2 2 2 2 2 3 3 3 3 3 3 3 3 3 3 0 0 0 0 0 0 0 0 0 0 1 1 1 1 1 1 1 1 1 1 1 1 1 1 1 1 1 

 Inviabilidades: 0 
FO: 218.064706
Tempo total:2.984
######################## FIM ###################

 ######################## 350 ###################

Vetor de solucoes: 
3 3 3 3 3 3 3 3 3 3 1 1 1 1 1 1 1 1 1 1 2 2 2 2 2 2 2 2 2 2 0 0 0 0 0 0 0 0 0 0 0 0 0 0 0 0 0 

 Inviabilidades: 0 
FO: 218.064706
Tempo total:2.967
######################## FIM ###################

 ######################## 350 ###################

Vetor de solucoes: 
3 3 3 3 3 3 3 3 3 3 0 0 0 0 0 0 0 0 0 0 1 1 1 1 1 1 1 1 1 1 2 2 2 2 2 2 2 2 2 2 2 2 2 2 2 2 2 

 Inviabilidades: 0 
FO: 218.064706
Tempo total:3.019
######################## FIM ###################

 ######################## 350 ###################

Vetor de solucoes: 
3 3 3 3 3 3 3 3 3 3 2 2 2 2 2 2 2 2 2 2 0 0 0 0 0 0 0 0 0 0 1 1 1 1 1 1 1 1 1 1 1 1 1 1 1 1 1 

 Inviabilidades: 0 
FO: 218.064706
Tempo total:2.966
######################## FIM ###################

 ######################## 350 ###################

Vetor de solucoes: 
0 0 0 0 0 0 0 0 0 0 1 1 1 1 1 1 1 1 1 1 2 2 2 2 2 2 2 2 2 2 3 3 3 3 3 3 3 3 3 3 3 3 3 3 3 3 3 

 Inviabilidades: 0 
FO: 218.064706
Tempo total:2.994
######################## FIM ###################

 ######################## 350 ###################

Vetor de solucoes: 
3 3 3 3 3 3 3 3 3 3 2 2 2 2 2 2 2 2 2 2 1 1 1 1 1 1 1 1 1 1 0 0 0 0 0 0 0 0 0 0 0 0 0 0 0 0 0 

 Inviabilidades: 0 
FO: 218.064706
Tempo total:2.947
######################## FIM ###################

 ######################## 350 ###################

Vetor de solucoes: 
0 0 0 0 0 0 0 0 0 0 2 2 2 2 2 2 2 2 2 2 1 1 1 1 1 1 1 1 1 1 3 3 3 3 3 3 3 3 3 3 3 3 3 3 3 3 3 

 Inviabilidades: 0 
FO: 218.064706
Tempo total:2.935
######################## FIM ###################

 ######################## 350 ###################

Vetor de solucoes: 
3 3 3 3 3 3 3 3 3 3 0 0 0 0 0 0 0 0 0 0 1 1 1 1 1 1 1 1 1 1 2 2 2 2 2 2 2 2 2 2 2 2 2 2 2 2 2 

 Inviabilidades: 0 
FO: 218.064706
Tempo total:2.962
######################## FIM ###################

 ######################## 350 ###################

Vetor de solucoes: 
1 1 1 1 1 1 1 1 1 1 3 3 3 3 3 3 3 3 3 3 2 2 2 2 2 2 2 2 2 2 0 0 0 0 0 0 0 0 0 0 0 0 0 0 0 0 0 

 Inviabilidades: 0 
FO: 218.064706
Tempo total:2.979
######################## FIM ###################

 ######################## 350 ###################

Vetor de solucoes: 
0 0 0 0 0 0 0 0 0 0 3 3 3 3 3 3 3 3 3 3 2 2 2 2 2 2 2 2 2 2 1 1 1 1 1 1 1 1 1 1 1 1 1 1 1 1 1 

 Inviabilidades: 0 
FO: 218.064706
Tempo total:2.967
######################## FIM ###################

 ######################## 350 ###################

Vetor de solucoes: 
1 1 1 1 1 1 1 1 1 1 2 2 2 2 2 2 2 2 2 2 0 0 0 0 0 0 0 0 0 0 3 3 3 3 3 3 3 3 3 3 3 3 3 3 3 3 3 

 Inviabilidades: 0 
FO: 218.064706
Tempo total:2.968
######################## FIM ###################

 ######################## 350 ###################

Vetor de solucoes: 
0 0 0 0 0 0 0 0 0 0 3 3 3 3 3 3 3 3 3 3 2 2 2 2 2 2 2 2 2 2 1 1 1 1 1 1 1 1 1 1 1 1 1 1 1 1 1 

 Inviabilidades: 0 
FO: 218.064706
Tempo total:2.883
######################## FIM ###################

 ######################## 350 ###################

Vetor de solucoes: 
2 2 2 2 2 2 2 2 2 2 0 0 0 0 0 0 0 0 0 0 3 3 3 3 3 3 3 3 3 3 1 1 1 1 1 1 1 1 1 1 1 1 1 1 1 1 1 

 Inviabilidades: 0 
FO: 218.064706
Tempo total:2.966
######################## FIM ###################

 ######################## 350 ###################

Vetor de solucoes: 
1 1 1 1 1 1 1 1 1 1 3 3 3 3 3 3 3 3 3 3 0 0 0 0 0 0 0 0 0 0 2 2 2 2 2 2 2 2 2 2 2 2 2 2 2 2 2 

 Inviabilidades: 0 
FO: 218.064706
Tempo total:2.971
######################## FIM ###################

 ######################## 350 ###################

Vetor de solucoes: 
1 1 1 1 1 1 1 1 1 1 0 0 0 0 0 0 0 0 0 0 3 3 3 3 3 3 3 3 3 3 2 2 2 2 2 2 2 2 2 2 2 2 2 2 2 2 2 

 Inviabilidades: 0 
FO: 218.064706
Tempo total:2.914
######################## FIM ###################

 ######################## 350 ###################

Vetor de solucoes: 
3 3 3 3 3 3 3 3 3 3 1 1 1 1 1 1 1 1 1 1 0 0 0 0 0 0 0 0 0 0 2 2 2 2 2 2 2 2 2 2 2 2 2 2 2 2 2 

 Inviabilidades: 0 
FO: 218.064706
Tempo total:3.065
######################## FIM ###################

 ######################## 350 ###################

Vetor de solucoes: 
1 1 1 1 1 1 1 1 1 1 3 3 3 3 3 3 3 3 3 3 0 0 0 0 0 0 0 0 0 0 2 2 2 2 2 2 2 2 2 2 2 2 2 2 2 2 2 

 Inviabilidades: 0 
FO: 218.064706
Tempo total:3.145
######################## FIM ###################

 ######################## 350 ###################

Vetor de solucoes: 
0 0 0 0 0 0 0 0 0 0 3 3 3 3 3 3 3 3 3 3 2 2 2 2 2 2 2 2 2 2 1 1 1 1 1 1 1 1 1 1 1 1 1 1 1 1 1 

 Inviabilidades: 0 
FO: 218.064706
Tempo total:2.979
######################## FIM ###################

 ######################## 350 ###################

Vetor de solucoes: 
3 3 3 3 3 3 3 3 3 3 0 0 0 0 0 0 0 0 0 0 2 2 2 2 2 2 2 2 2 2 1 1 1 1 1 1 1 1 1 1 1 1 1 1 1 1 1 

 Inviabilidades: 0 
FO: 218.064706
Tempo total:2.942
######################## FIM ###################

 ######################## 350 ###################

Vetor de solucoes: 
2 2 2 2 2 2 2 2 2 2 1 1 1 1 1 1 1 1 1 1 0 0 0 0 0 0 0 0 0 0 3 3 3 3 3 3 3 3 3 3 3 3 3 3 3 3 3 

 Inviabilidades: 0 
FO: 218.064706
Tempo total:2.989
######################## FIM ###################

 ######################## 350 ###################

Vetor de solucoes: 
0 0 0 0 0 0 0 0 0 0 2 2 2 2 2 2 2 2 2 2 3 3 3 3 3 3 3 3 3 3 1 1 1 1 1 1 1 1 1 1 1 1 1 1 1 1 1 

 Inviabilidades: 0 
FO: 218.064706
Tempo total:2.984
######################## FIM ###################

 ######################## 350 ###################

Vetor de solucoes: 
1 1 1 1 1 1 1 1 1 1 0 0 0 0 0 0 0 0 0 0 3 3 3 3 3 3 3 3 3 3 2 2 2 2 2 2 2 2 2 2 2 2 2 2 2 2 2 

 Inviabilidades: 0 
FO: 218.064706
Tempo total:2.925
######################## FIM ###################

 ######################## 350 ###################

Vetor de solucoes: 
1 1 1 1 1 1 1 1 1 1 0 0 0 0 0 0 0 0 0 0 2 2 2 2 2 2 2 2 2 2 3 3 3 3 3 3 3 3 3 3 3 3 3 3 3 3 3 

 Inviabilidades: 0 
FO: 218.064706
Tempo total:3.000
######################## FIM ###################

 ######################## 350 ###################

Vetor de solucoes: 
0 0 0 0 0 0 0 0 0 0 2 2 2 2 2 2 2 2 2 2 1 1 1 1 1 1 1 1 1 1 3 3 3 3 3 3 3 3 3 3 3 3 3 3 3 3 3 

 Inviabilidades: 0 
FO: 218.064706
Tempo total:2.969
######################## FIM ###################

 ######################## 350 ###################

Vetor de solucoes: 
3 3 3 3 3 3 3 3 3 3 0 0 0 0 0 0 0 0 0 0 1 1 1 1 1 1 1 1 1 1 2 2 2 2 2 2 2 2 2 2 2 2 2 2 2 2 2 

 Inviabilidades: 0 
FO: 218.064706
Tempo total:3.011
######################## FIM ###################

 ######################## 350 ###################

Vetor de solucoes: 
3 3 3 3 3 3 3 3 3 3 0 0 0 0 0 0 0 0 0 0 1 1 1 1 1 1 1 1 1 1 2 2 2 2 2 2 2 2 2 2 2 2 2 2 2 2 2 

 Inviabilidades: 0 
FO: 218.064706
Tempo total:2.943
######################## FIM ###################

 ######################## 350 ###################

Vetor de solucoes: 
2 2 2 2 2 2 2 2 2 2 3 3 3 3 3 3 3 3 3 3 0 0 0 0 0 0 0 0 0 0 1 1 1 1 1 1 1 1 1 1 1 1 1 1 1 1 1 

 Inviabilidades: 0 
FO: 218.064706
Tempo total:3.011
######################## FIM ###################

 ######################## 350 ###################

Vetor de solucoes: 
2 2 2 2 2 2 2 2 2 2 0 0 0 0 0 0 0 0 0 0 1 1 1 1 1 1 1 1 1 1 3 3 3 3 3 3 3 3 3 3 3 3 3 3 3 3 3 

 Inviabilidades: 0 
FO: 218.064706
Tempo total:2.901
######################## FIM ###################

 ######################## 350 ###################

Vetor de solucoes: 
2 2 2 2 2 2 2 2 2 2 3 3 3 3 3 3 3 3 3 3 1 1 1 1 1 1 1 1 1 1 0 0 0 0 0 0 0 0 0 0 0 0 0 0 0 0 0 

 Inviabilidades: 0 
FO: 218.064706
Tempo total:2.920
######################## FIM ###################

 ######################## 350 ###################

Vetor de solucoes: 
0 0 0 0 0 0 0 0 0 0 3 3 3 3 3 3 3 3 3 3 2 2 2 2 2 2 2 2 2 2 1 1 1 1 1 1 1 1 1 1 1 1 1 1 1 1 1 

 Inviabilidades: 0 
FO: 218.064706
Tempo total:2.948
######################## FIM ###################

 ######################## 350 ###################

Vetor de solucoes: 
2 2 2 2 2 2 2 2 2 2 3 3 3 3 3 3 3 3 3 3 1 1 1 1 1 1 1 1 1 1 0 0 0 0 0 0 0 0 0 0 0 0 0 0 0 0 0 

 Inviabilidades: 0 
FO: 218.064706
Tempo total:2.917
######################## FIM ###################

 ######################## 350 ###################

Vetor de solucoes: 
0 0 0 0 0 0 0 0 0 0 3 3 3 3 3 3 3 3 3 3 2 2 2 2 2 2 2 2 2 2 1 1 1 1 1 1 1 1 1 1 1 1 1 1 1 1 1 

 Inviabilidades: 0 
FO: 218.064706
Tempo total:2.909
######################## FIM ###################

 ######################## 350 ###################

Vetor de solucoes: 
1 1 1 1 1 1 1 1 1 1 0 0 0 0 0 0 0 0 0 0 3 3 3 3 3 3 3 3 3 3 2 2 2 2 2 2 2 2 2 2 2 2 2 2 2 2 2 

 Inviabilidades: 0 
FO: 218.064706
Tempo total:2.978
######################## FIM ###################

 ######################## 350 ###################

Vetor de solucoes: 
0 0 0 0 0 0 0 0 0 0 3 3 3 3 3 3 3 3 3 3 1 1 1 1 1 1 1 1 1 1 2 2 2 2 2 2 2 2 2 2 2 2 2 2 2 2 2 

 Inviabilidades: 0 
FO: 218.064706
Tempo total:2.917
######################## FIM ###################

 ######################## 350 ###################

Vetor de solucoes: 
3 3 3 3 3 3 3 3 3 3 1 1 1 1 1 1 1 1 1 1 0 0 0 0 0 0 0 0 0 0 2 2 2 2 2 2 2 2 2 2 2 2 2 2 2 2 2 

 Inviabilidades: 0 
FO: 218.064706
Tempo total:2.971
######################## FIM ###################

 ######################## 350 ###################

Vetor de solucoes: 
3 3 3 3 3 3 3 3 3 3 1 1 1 1 1 1 1 1 1 1 0 0 0 0 0 0 0 0 0 0 2 2 2 2 2 2 2 2 2 2 2 2 2 2 2 2 2 

 Inviabilidades: 0 
FO: 218.064706
Tempo total:3.067
######################## FIM ###################
