
######################## 200 ###################

Vetor de solucoes: 
1 1 1 0 1 0 2 1 1 2 1 1 0 2 1 2 2 1 1 2 1 1 0 1 1 1 1 1 1 1 2 2 1 2 0 1 1 1 1 1 2 1 1 0 0 2 1 2 1 1 1 1 1 1 2 1 2 1 1 1 1 2 2 1 2 2 2 2 2 0 0 1 0 0 2 2 0 1 2 2 2 2 2 2 2 1 2 2 2 2 2 2 2 2 2 2 2 2 2 2 1 0 2 2 2 2 2 2 2 2 2 2 2 2 2 2 0 1 2 2 2 2 1 0 1 1 2 2 2 1 1 1 2 2 2 2 1 1 2 2 2 0 1 0 0 1 0 0 1 0 1 2 2 2 2 1 1 2 1 2 1 0 0 2 1 2 1 1 1 1 0 1 1 1 0 1 1 2 2 0 

 Inviabilidades: 5 
FO: 72920.021830
Tempo total:19.871
######################## FIM ###################
