
 ######################## 200 ###################

Vetor de solucoes: 
1 1 1 0 1 0 2 1 1 2 1 1 0 2 1 2 2 1 1 2 1 1 0 1 1 1 1 1 1 1 2 2 1 2 0 1 1 1 1 1 2 1 1 0 0 2 1 2 1 1 1 1 1 1 2 1 2 1 1 1 1 2 2 1 2 2 2 2 2 0 0 1 0 0 2 2 0 1 2 2 2 2 2 2 2 1 2 2 2 2 2 2 2 2 2 2 2 2 2 2 1 0 2 2 2 2 2 2 2 2 2 2 2 2 2 2 0 1 2 2 2 2 1 0 1 1 2 2 2 1 1 1 2 2 2 2 1 1 2 2 2 0 1 0 0 1 0 0 1 0 1 2 2 2 2 1 1 2 1 2 1 0 0 2 1 2 1 1 1 1 0 1 1 1 0 1 1 2 2 0 

 Inviabilidades: 5 
FO: 72920.021830
Tempo total:19.871
######################## FIM ###################

 ######################## 200 ###################

Vetor de solucoes: 
1 1 1 2 1 2 0 1 1 0 1 1 2 0 1 0 0 1 1 0 1 1 2 1 1 1 1 1 1 1 0 0 1 0 2 1 1 1 1 1 0 1 1 2 2 0 1 0 1 1 1 1 1 1 0 1 0 1 1 1 1 0 0 1 0 0 0 0 0 2 2 1 2 2 0 0 2 1 0 0 0 0 0 0 0 1 0 0 0 0 0 0 0 0 0 0 0 0 0 0 1 2 0 0 0 0 0 0 0 0 0 0 0 0 0 0 2 1 0 0 0 0 1 2 1 1 0 0 0 1 1 1 0 0 0 0 1 1 0 0 0 2 1 2 2 1 2 2 1 2 1 0 0 0 0 1 1 0 1 0 1 2 2 0 1 0 1 1 1 1 2 1 1 1 2 1 1 0 0 2 

 Inviabilidades: 5 
FO: 72920.021830
Tempo total:17.460
######################## FIM ###################

 ######################## 200 ###################

Vetor de solucoes: 
0 0 0 2 0 2 2 0 0 2 0 0 2 2 0 2 2 0 0 0 1 1 1 1 2 0 0 1 2 0 2 2 0 2 0 0 0 0 0 0 0 0 0 0 0 2 0 2 0 0 0 0 0 0 2 0 2 0 2 0 0 2 2 0 2 2 0 2 2 2 0 0 2 1 2 2 1 0 2 1 2 2 2 2 2 0 2 2 2 2 2 2 2 2 2 2 2 1 2 2 1 2 2 2 2 2 2 2 2 2 2 2 2 2 2 2 1 0 2 2 2 2 1 1 1 1 2 1 2 1 1 2 2 2 1 2 1 1 2 2 2 1 0 1 1 1 2 2 1 1 1 2 2 2 2 1 1 2 0 2 1 1 2 2 1 2 0 0 1 0 2 0 0 1 1 0 1 2 2 0 

 Inviabilidades: 9 
FO: 72501.110900
Tempo total:18.393
######################## FIM ###################

 ######################## 200 ###################

Vetor de solucoes: 
1 1 0 0 1 0 2 1 1 2 1 0 0 1 1 2 2 1 1 2 1 1 1 1 0 1 1 1 2 1 2 2 1 2 1 1 1 1 1 0 2 1 1 2 2 2 1 1 1 1 1 1 1 1 2 2 2 1 0 1 1 2 2 1 2 2 2 2 2 0 0 1 0 0 2 2 0 1 2 2 2 2 2 2 2 2 2 2 2 2 2 2 2 2 2 2 2 2 2 2 0 0 2 2 2 2 2 2 2 2 2 2 2 2 2 2 0 2 2 2 2 2 1 0 1 1 2 2 2 1 2 2 2 2 2 2 1 1 2 2 2 2 1 1 0 2 0 0 1 1 1 2 2 2 2 0 1 2 1 2 1 0 0 2 1 2 1 1 1 1 0 0 0 1 0 1 1 2 2 0 

 Inviabilidades: 5 
FO: 73077.803197
Tempo total:19.786
######################## FIM ###################

 ######################## 200 ###################

Vetor de solucoes: 
1 1 1 0 1 0 2 1 1 2 1 1 0 2 1 2 2 1 1 2 1 1 0 1 1 1 1 1 1 1 2 2 1 2 0 1 1 1 1 1 2 1 1 0 0 2 1 2 1 1 1 1 1 1 2 1 2 1 1 1 1 2 2 1 2 2 2 2 2 0 0 1 0 0 2 2 0 1 2 2 2 2 2 2 2 1 2 2 2 2 2 2 2 2 2 2 2 2 2 2 1 0 2 2 2 2 2 2 2 2 2 2 2 2 2 2 0 1 2 2 2 2 1 0 1 1 2 2 2 1 1 1 2 2 2 2 1 1 2 2 2 0 1 0 0 1 0 0 1 0 1 2 2 2 2 1 1 2 1 2 1 0 0 2 1 2 1 1 1 1 0 1 1 1 0 1 1 2 2 0 

 Inviabilidades: 5 
FO: 72920.021830
Tempo total:20.351
######################## FIM ###################

 ######################## 200 ###################

Vetor de solucoes: 
2 2 2 0 2 0 1 2 2 1 2 2 0 1 2 1 1 2 2 1 2 2 0 2 2 2 2 2 2 2 1 1 2 1 0 2 2 2 2 2 1 2 2 0 0 1 2 1 2 2 2 2 2 2 1 2 1 2 2 2 2 1 1 2 1 1 1 1 1 0 0 2 0 0 1 1 0 2 1 1 1 1 1 1 1 2 1 1 1 1 1 1 1 1 1 1 1 1 1 1 2 0 1 1 1 1 1 1 1 1 1 1 1 1 1 1 0 2 1 1 1 1 2 0 2 2 1 1 1 2 2 2 1 1 1 1 2 2 1 1 1 0 2 0 0 2 0 0 2 0 2 1 1 1 1 2 2 1 2 1 2 0 0 1 2 1 2 2 2 2 0 2 2 2 0 2 2 1 1 0 

 Inviabilidades: 5 
FO: 72920.021830
Tempo total:19.104
######################## FIM ###################

 ######################## 200 ###################

Vetor de solucoes: 
0 0 0 2 0 1 1 0 0 1 0 0 2 1 0 1 1 0 0 1 0 0 2 0 1 0 0 0 1 2 1 1 0 1 2 0 1 0 0 0 1 1 0 1 1 1 0 1 0 0 0 0 1 0 1 1 1 0 1 2 0 1 1 0 1 1 1 1 1 2 2 2 2 2 1 1 2 0 1 0 1 1 1 1 1 0 1 1 1 1 1 1 1 1 1 1 1 1 1 1 0 2 1 1 1 1 1 1 1 1 1 1 1 1 1 1 2 1 1 1 1 1 0 0 2 2 1 1 1 2 1 1 1 1 1 1 2 2 1 1 1 2 2 2 2 2 2 2 2 2 2 1 1 1 1 2 0 1 0 2 0 2 2 1 0 1 2 0 2 0 2 2 2 0 2 0 2 1 1 0 

 Inviabilidades: 7 
FO: 71705.050180
Tempo total:18.056
######################## FIM ###################

 ######################## 200 ###################

Vetor de solucoes: 
1 1 0 0 1 0 2 1 1 2 1 0 0 1 1 2 2 1 1 2 1 1 1 1 0 1 1 1 2 1 2 2 1 2 1 1 1 1 1 0 2 1 1 2 2 2 1 1 1 1 1 1 1 1 2 2 2 1 0 1 1 2 2 1 2 2 2 2 2 0 0 1 0 0 2 2 0 1 2 2 2 2 2 2 2 2 2 2 2 2 2 2 2 2 2 2 2 2 2 2 0 0 2 2 2 2 2 2 2 2 2 2 2 2 2 2 0 2 2 2 2 2 1 0 1 1 2 2 2 1 2 2 2 2 2 2 1 1 2 2 2 2 1 1 0 2 0 0 1 1 1 2 2 2 2 0 1 2 1 2 1 0 0 2 1 2 1 1 1 1 0 0 0 1 0 1 1 2 2 0 

 Inviabilidades: 5 
FO: 73077.803197
Tempo total:17.524
######################## FIM ###################

 ######################## 200 ###################

Vetor de solucoes: 
0 0 0 1 0 1 2 0 0 2 0 0 1 2 0 2 2 0 0 2 0 0 1 0 0 0 0 0 0 0 2 2 0 2 1 0 0 0 0 0 2 0 0 1 1 2 0 2 0 0 0 0 0 0 2 0 2 0 0 0 0 2 2 0 2 2 2 2 2 1 1 0 1 1 2 2 1 0 2 2 2 2 2 2 2 0 2 2 2 2 2 2 2 2 2 2 2 2 2 2 0 1 2 2 2 2 2 2 2 2 2 2 2 2 2 2 1 0 2 2 2 2 0 1 0 0 2 2 2 0 0 0 2 2 2 2 0 0 2 2 2 1 0 1 1 0 1 1 0 1 0 2 2 2 2 0 0 2 0 2 0 1 1 2 0 2 0 0 0 0 1 0 0 0 1 0 0 2 2 1 

 Inviabilidades: 5 
FO: 72920.021830
Tempo total:17.487
######################## FIM ###################

 ######################## 200 ###################

Vetor de solucoes: 
2 2 2 0 2 0 1 2 2 1 2 2 0 1 2 1 1 2 2 1 2 2 0 2 2 2 2 2 2 2 1 1 2 1 0 2 2 2 2 2 1 2 2 0 0 1 2 1 2 2 2 2 2 2 1 2 1 2 2 2 2 1 1 2 1 1 1 1 1 0 0 2 0 0 1 1 0 2 1 1 1 1 1 1 1 2 1 1 1 1 1 1 1 1 1 1 1 1 1 1 2 0 1 1 1 1 1 1 1 1 1 1 1 1 1 1 0 2 1 1 1 1 2 0 2 2 1 1 1 2 2 2 1 1 1 1 2 2 1 1 1 0 2 0 0 2 0 0 2 0 2 1 1 1 1 2 2 1 2 1 2 0 0 1 2 1 2 2 2 2 0 2 2 2 0 2 2 1 1 0 

 Inviabilidades: 5 
FO: 72920.021830
Tempo total:18.838
######################## FIM ###################

 ######################## 200 ###################

Vetor de solucoes: 
1 1 1 2 1 2 0 1 1 0 1 1 2 0 1 0 0 1 1 0 1 1 2 1 1 1 1 1 1 1 0 0 1 0 2 1 1 1 1 1 0 1 1 2 2 0 1 0 1 1 1 1 1 1 0 1 0 1 1 1 1 0 0 1 0 0 0 0 0 2 2 1 2 2 0 0 2 1 0 0 0 0 0 0 0 1 0 0 0 0 0 0 0 0 0 0 0 0 0 0 1 2 0 0 0 0 0 0 0 0 0 0 0 0 0 0 2 1 0 0 0 0 1 2 1 1 0 0 0 1 1 1 0 0 0 0 1 1 0 0 0 2 1 2 2 1 2 2 1 2 1 0 0 0 0 1 1 0 1 0 1 2 2 0 1 0 1 1 1 1 2 1 1 1 2 1 1 0 0 2 

 Inviabilidades: 5 
FO: 72920.021830
Tempo total:17.799
######################## FIM ###################

 ######################## 200 ###################

Vetor de solucoes: 
2 2 2 0 2 0 1 2 2 1 2 2 0 1 2 1 1 2 2 1 2 2 0 2 2 2 2 2 2 2 1 1 2 1 0 2 2 2 2 2 1 2 2 0 0 1 2 1 2 2 2 2 2 2 1 2 1 2 2 2 2 1 1 2 1 1 1 1 1 0 0 2 0 0 1 1 0 2 1 1 1 1 1 1 1 2 1 1 1 1 1 1 1 1 1 1 1 1 1 1 2 0 1 1 1 1 1 1 1 1 1 1 1 1 1 1 0 2 1 1 1 1 2 0 2 2 1 1 1 2 2 2 1 1 1 1 2 2 1 1 1 0 2 0 0 2 0 0 2 0 2 1 1 1 1 2 2 1 2 1 2 0 0 1 2 1 2 2 2 2 0 2 2 2 0 2 2 1 1 0 

 Inviabilidades: 5 
FO: 72920.021830
Tempo total:19.896
######################## FIM ###################

 ######################## 200 ###################

Vetor de solucoes: 
2 2 2 0 2 0 1 2 2 1 2 2 0 2 2 2 2 2 2 2 2 2 0 2 2 2 2 2 2 2 1 1 2 1 0 2 2 2 2 2 1 2 2 0 0 1 2 2 2 2 2 2 2 2 1 1 1 2 1 2 2 1 1 2 1 1 1 1 1 0 0 0 0 0 1 1 0 2 1 1 1 2 1 1 1 1 1 1 1 1 1 1 1 1 1 1 1 1 1 1 2 0 1 1 1 1 1 1 1 1 1 1 1 1 1 1 0 1 1 1 1 1 2 0 2 2 1 1 1 2 2 2 1 1 1 1 2 0 1 1 1 0 2 2 0 0 0 0 2 2 2 1 1 1 1 0 2 1 2 1 2 0 0 1 2 1 2 2 2 2 0 0 0 2 0 0 0 1 1 0 

 Inviabilidades: 6 
FO: 72136.738213
Tempo total:19.145
######################## FIM ###################

 ######################## 200 ###################

Vetor de solucoes: 
0 0 0 1 0 1 2 0 0 2 0 0 1 0 0 0 0 0 0 0 0 0 1 0 0 0 0 0 0 0 2 2 0 2 1 0 0 0 0 0 2 0 0 1 1 2 0 0 0 0 0 0 0 0 2 2 2 0 2 0 0 2 2 0 2 2 2 2 2 1 1 1 1 1 2 2 1 0 2 2 2 0 2 2 2 2 2 2 2 2 2 2 2 2 2 2 2 2 2 2 0 1 2 2 2 2 2 2 2 2 2 2 2 2 2 2 1 2 2 2 2 2 0 1 0 0 2 2 2 0 0 0 2 2 2 2 0 1 2 2 2 1 0 0 1 1 1 1 0 0 0 2 2 2 2 1 0 2 0 2 0 1 1 2 0 2 0 0 0 0 1 1 1 0 1 1 1 2 2 1 

 Inviabilidades: 6 
FO: 72136.738213
Tempo total:17.354
######################## FIM ###################

 ######################## 200 ###################

Vetor de solucoes: 
1 2 2 2 1 2 0 1 1 0 1 2 2 1 1 0 0 1 1 0 1 1 1 2 1 1 1 1 0 2 0 0 2 0 2 1 1 1 1 2 1 2 1 2 1 0 1 1 1 1 1 1 1 1 0 0 0 1 0 2 1 0 0 1 0 0 0 0 0 0 2 2 2 2 0 0 2 2 0 1 0 0 0 0 0 0 0 0 0 0 0 0 0 0 0 0 0 0 0 0 2 0 0 0 0 0 0 0 0 0 0 0 0 0 0 0 2 2 0 0 0 0 2 1 2 2 0 0 0 2 2 0 0 0 0 0 2 2 0 0 2 2 2 2 2 2 2 2 2 2 2 0 0 0 0 2 2 0 2 2 2 2 0 0 2 0 2 2 2 2 2 2 2 2 2 2 2 0 0 1 

 Inviabilidades: 8 
FO: 70070.027594
Tempo total:18.527
######################## FIM ###################

 ######################## 200 ###################

Vetor de solucoes: 
1 1 1 2 1 2 0 1 1 0 1 1 2 1 1 1 1 1 1 1 1 1 2 1 1 1 1 1 1 1 0 0 1 0 2 1 1 1 1 1 0 1 1 2 2 0 1 1 1 1 1 1 1 1 0 0 0 1 0 1 1 0 0 1 0 0 0 0 0 2 2 2 2 2 0 0 2 1 0 0 0 1 0 0 0 0 0 0 0 0 0 0 0 0 0 0 0 0 0 0 1 2 0 0 0 0 0 0 0 0 0 0 0 0 0 0 2 0 0 0 0 0 1 2 1 1 0 0 0 1 1 1 0 0 0 0 1 2 0 0 0 2 1 1 2 2 2 2 1 1 1 0 0 0 0 2 1 0 1 0 1 2 2 0 1 0 1 1 1 1 2 2 2 1 2 2 2 0 0 2 

 Inviabilidades: 6 
FO: 72136.738213
Tempo total:18.081
######################## FIM ###################

 ######################## 200 ###################

Vetor de solucoes: 
0 0 2 2 0 2 1 0 0 1 0 2 2 0 0 1 1 0 0 1 0 0 0 0 2 0 0 0 1 0 1 1 0 1 0 0 0 0 0 2 1 0 0 1 1 1 0 0 0 0 0 0 0 0 1 1 1 0 2 0 0 1 1 0 1 1 1 1 1 2 2 0 2 2 1 1 2 0 1 1 1 1 1 1 1 1 1 1 1 1 1 1 1 1 1 1 1 1 1 1 2 2 1 1 1 1 1 1 1 1 1 1 1 1 1 1 2 1 1 1 1 1 0 2 0 0 1 1 1 0 1 1 1 1 1 1 0 0 1 1 1 1 0 0 2 1 2 2 0 0 0 1 1 1 1 2 0 1 0 1 0 2 2 1 0 1 0 0 0 0 2 2 2 0 2 0 0 1 1 2 

 Inviabilidades: 5 
FO: 73077.803197
Tempo total:17.197
######################## FIM ###################

 ######################## 200 ###################

Vetor de solucoes: 
2 2 2 1 2 1 0 2 2 0 2 2 1 2 2 2 0 2 2 0 2 2 1 2 2 2 2 2 0 2 0 0 2 0 1 2 0 2 2 2 0 2 2 1 0 0 2 2 2 2 2 2 2 2 0 0 0 2 0 2 2 0 0 2 0 0 0 0 0 1 1 2 1 0 0 0 1 2 0 0 0 0 0 0 0 0 0 0 0 0 0 0 0 0 0 0 0 0 0 0 1 1 0 0 0 0 0 0 0 0 0 0 0 0 0 0 1 0 0 0 0 0 2 1 2 2 0 0 0 2 2 0 0 0 0 0 2 2 0 0 0 1 2 2 1 2 1 1 2 2 2 0 0 0 0 2 2 0 2 0 2 1 1 0 2 0 2 2 2 2 1 1 2 2 1 2 2 0 0 1 

 Inviabilidades: 6 
FO: 72790.759951
Tempo total:18.711
######################## FIM ###################

 ######################## 200 ###################

Vetor de solucoes: 
2 2 2 1 2 1 0 2 2 0 2 2 1 2 2 2 2 2 2 2 2 2 1 2 2 2 2 2 2 2 0 0 2 0 1 2 2 2 2 2 0 2 2 1 1 0 2 2 2 2 2 2 2 2 0 0 0 2 0 2 2 0 0 2 0 0 0 0 0 1 1 1 1 1 0 0 1 2 0 0 0 2 0 0 0 0 0 0 0 0 0 0 0 0 0 0 0 0 0 0 2 1 0 0 0 0 0 0 0 0 0 0 0 0 0 0 1 0 0 0 0 0 2 1 2 2 0 0 0 2 2 2 0 0 0 0 2 1 0 0 0 1 2 2 1 1 1 1 2 2 2 0 0 0 0 1 2 0 2 0 2 1 1 0 2 0 2 2 2 2 1 1 1 2 1 1 1 0 0 1 

 Inviabilidades: 6 
FO: 72136.738213
Tempo total:18.911
######################## FIM ###################

 ######################## 200 ###################

Vetor de solucoes: 
1 1 1 2 1 2 0 1 1 0 1 1 2 1 1 1 1 1 1 1 1 1 2 1 1 1 1 1 1 1 0 0 1 0 2 1 1 1 1 1 0 1 1 2 2 0 1 1 1 1 1 1 1 1 0 0 0 1 0 1 1 0 0 1 0 0 0 0 0 2 2 2 2 2 0 0 2 1 0 0 0 1 0 0 0 0 0 0 0 0 0 0 0 0 0 0 0 0 0 0 1 2 0 0 0 0 0 0 0 0 0 0 0 0 0 0 2 0 0 0 0 0 1 2 1 1 0 0 0 1 1 1 0 0 0 0 1 2 0 0 0 2 1 1 2 2 2 2 1 1 1 0 0 0 0 2 1 0 1 0 1 2 2 0 1 0 1 1 1 1 2 2 2 1 2 2 2 0 0 2 

 Inviabilidades: 6 
FO: 72136.738213
Tempo total:17.770
######################## FIM ###################

 ######################## 200 ###################

Vetor de solucoes: 
0 0 0 2 0 2 1 0 0 1 0 0 2 1 0 1 1 0 0 1 0 0 2 0 0 0 0 0 0 0 1 1 0 1 2 0 0 0 0 0 1 0 0 2 2 1 0 1 0 0 0 0 0 0 1 0 1 0 0 0 0 1 1 0 1 1 1 1 1 2 2 0 2 2 1 1 2 0 1 1 1 1 1 1 1 0 1 1 1 1 1 1 1 1 1 1 1 1 1 1 0 2 1 1 1 1 1 1 1 1 1 1 1 1 1 1 2 0 1 1 1 1 0 2 0 0 1 1 1 0 0 0 1 1 1 1 0 0 1 1 1 2 0 2 2 0 2 2 0 2 0 1 1 1 1 0 0 1 0 1 0 2 2 1 0 1 0 0 0 0 2 0 0 0 2 0 0 1 1 2 

 Inviabilidades: 5 
FO: 72920.021830
Tempo total:16.955
######################## FIM ###################

 ######################## 200 ###################

Vetor de solucoes: 
1 1 1 0 1 0 2 1 1 2 1 1 0 1 1 1 1 1 1 1 1 1 0 1 1 1 1 1 1 1 2 2 1 2 0 1 1 1 1 1 2 1 1 0 0 2 1 1 1 1 1 1 1 1 2 2 2 1 2 1 1 2 2 1 2 2 2 2 2 0 0 0 0 0 2 2 0 1 2 2 2 1 2 2 2 2 2 2 2 2 2 2 2 2 2 2 2 2 2 2 1 0 2 2 2 2 2 2 2 2 2 2 2 2 2 2 0 2 2 2 2 2 1 0 1 1 2 2 2 1 1 1 2 2 2 2 1 0 2 2 2 0 1 1 0 0 0 0 1 1 1 2 2 2 2 0 1 2 1 2 1 0 0 2 1 2 1 1 1 1 0 0 0 1 0 0 0 2 2 0 

 Inviabilidades: 6 
FO: 72136.738213
Tempo total:19.303
######################## FIM ###################

 ######################## 200 ###################

Vetor de solucoes: 
0 0 0 2 0 2 1 0 0 1 0 0 2 1 0 1 1 0 0 1 0 0 2 0 0 0 0 0 0 0 1 1 0 1 2 0 0 0 0 0 1 0 0 2 2 1 0 1 0 0 0 0 0 0 1 0 1 0 0 0 0 1 1 0 1 1 1 1 1 2 2 0 2 2 1 1 2 0 1 1 1 1 1 1 1 0 1 1 1 1 1 1 1 1 1 1 1 1 1 1 0 2 1 1 1 1 1 1 1 1 1 1 1 1 1 1 2 0 1 1 1 1 0 2 0 0 1 1 1 0 0 0 1 1 1 1 0 0 1 1 1 2 0 2 2 0 2 2 0 2 0 1 1 1 1 0 0 1 0 1 0 2 2 1 0 1 0 0 0 0 2 0 0 0 2 0 0 1 1 2 

 Inviabilidades: 5 
FO: 72920.021830
Tempo total:17.048
######################## FIM ###################

 ######################## 200 ###################

Vetor de solucoes: 
0 0 0 1 0 1 2 0 0 2 0 0 1 2 0 2 2 0 0 2 0 0 1 0 0 0 0 0 0 0 2 2 0 2 1 0 0 0 0 0 2 0 0 1 1 2 0 2 0 0 0 0 0 0 2 0 2 0 0 0 0 2 2 0 2 2 2 2 2 1 1 0 1 1 2 2 1 0 2 2 2 2 2 2 2 0 2 2 2 2 2 2 2 2 2 2 2 2 2 2 0 1 2 2 2 2 2 2 2 2 2 2 2 2 2 2 1 0 2 2 2 2 0 1 0 0 2 2 2 0 0 0 2 2 2 2 0 0 2 2 2 1 0 1 1 0 1 1 0 1 0 2 2 2 2 0 0 2 0 2 0 1 1 2 0 2 0 0 0 0 1 0 0 0 1 0 0 2 2 1 

 Inviabilidades: 5 
FO: 72920.021830
Tempo total:17.438
######################## FIM ###################

 ######################## 200 ###################

Vetor de solucoes: 
1 1 1 2 1 2 0 1 1 0 1 1 2 0 1 0 0 1 1 0 1 1 2 1 1 1 1 1 1 1 0 0 1 0 2 1 1 1 1 1 0 1 1 2 2 0 1 0 1 1 1 1 1 1 0 1 0 1 1 1 1 0 0 1 0 0 0 0 0 2 2 1 2 2 0 0 2 1 0 0 0 0 0 0 0 1 0 0 0 0 0 0 0 0 0 0 0 0 0 0 1 2 0 0 0 0 0 0 0 0 0 0 0 0 0 0 2 1 0 0 0 0 1 2 1 1 0 0 0 1 1 1 0 0 0 0 1 1 0 0 0 2 1 2 2 1 2 2 1 2 1 0 0 0 0 1 1 0 1 0 1 2 2 0 1 0 1 1 1 1 2 1 1 1 2 1 1 0 0 2 

 Inviabilidades: 5 
FO: 72920.021830
Tempo total:17.419
######################## FIM ###################

 ######################## 200 ###################

Vetor de solucoes: 
2 2 2 1 2 1 0 2 2 0 2 2 1 2 2 2 0 2 2 0 2 2 1 2 2 2 2 2 0 2 0 0 2 0 1 2 0 2 2 2 0 2 2 1 0 0 2 2 2 2 2 2 2 2 0 0 0 2 0 2 2 0 0 2 0 0 0 0 0 1 1 2 1 0 0 0 1 2 0 0 0 0 0 0 0 0 0 0 0 0 0 0 0 0 0 0 0 0 0 0 1 1 0 0 0 0 0 0 0 0 0 0 0 0 0 0 1 0 0 0 0 0 2 1 2 2 0 0 0 2 2 0 0 0 0 0 2 2 0 0 0 1 2 2 1 2 1 1 2 2 2 0 0 0 0 2 2 0 2 0 2 1 1 0 2 0 2 2 2 2 1 1 2 2 1 2 2 0 0 1 

 Inviabilidades: 6 
FO: 72790.759951
Tempo total:18.822
######################## FIM ###################

 ######################## 200 ###################

Vetor de solucoes: 
0 0 0 1 0 1 2 0 0 2 0 0 1 2 0 2 2 0 0 2 0 0 1 0 0 0 0 0 0 0 2 2 0 2 1 0 0 0 0 0 2 0 0 1 1 2 0 2 0 0 0 0 0 0 2 0 2 0 0 0 0 2 2 0 2 2 2 2 2 1 1 0 1 1 2 2 1 0 2 2 2 2 2 2 2 0 2 2 2 2 2 2 2 2 2 2 2 2 2 2 0 1 2 2 2 2 2 2 2 2 2 2 2 2 2 2 1 0 2 2 2 2 0 1 0 0 2 2 2 0 0 0 2 2 2 2 0 0 2 2 2 1 0 1 1 0 1 1 0 1 0 2 2 2 2 0 0 2 0 2 0 1 1 2 0 2 0 0 0 0 1 0 0 0 1 0 0 2 2 1 

 Inviabilidades: 5 
FO: 72920.021830
Tempo total:17.779
######################## FIM ###################

 ######################## 200 ###################

Vetor de solucoes: 
2 2 2 1 2 1 0 2 2 0 2 2 1 0 2 0 0 2 2 0 2 2 1 2 2 2 2 2 2 2 0 0 2 0 1 2 2 2 2 2 0 2 2 1 1 0 2 0 2 2 2 2 2 2 0 2 0 2 2 2 2 0 0 2 0 0 0 0 0 1 1 2 1 1 0 0 1 2 0 0 0 0 0 0 0 2 0 0 0 0 0 0 0 0 0 0 0 0 0 0 2 1 0 0 0 0 0 0 0 0 0 0 0 0 0 0 1 2 0 0 0 0 2 1 2 2 0 0 0 2 2 2 0 0 0 0 2 2 0 0 0 1 2 1 1 2 1 1 2 1 2 0 0 0 0 2 2 0 2 0 2 1 1 0 2 0 2 2 2 2 1 2 2 2 1 2 2 0 0 1 

 Inviabilidades: 5 
FO: 72920.021830
Tempo total:18.737
######################## FIM ###################

 ######################## 200 ###################

Vetor de solucoes: 
2 2 2 1 2 1 0 2 2 0 2 2 1 0 2 0 0 2 2 0 2 2 0 2 0 2 2 2 0 2 0 0 2 2 2 2 2 2 2 2 0 2 2 0 0 0 2 2 2 2 2 2 2 2 0 0 0 2 0 2 2 0 0 2 0 0 0 0 0 1 1 1 1 1 0 0 1 2 0 0 0 0 0 0 0 0 0 0 0 1 0 0 0 0 0 0 0 0 0 0 2 1 0 0 0 0 0 0 0 0 0 0 0 0 0 0 1 0 0 0 0 0 2 1 2 2 0 0 0 2 2 0 0 0 0 0 0 1 0 0 0 1 2 1 1 1 1 1 1 2 2 0 0 0 0 1 2 0 2 1 2 1 1 0 2 0 2 1 2 2 1 1 1 2 1 2 2 0 0 1 

 Inviabilidades: 7 
FO: 72135.519252
Tempo total:19.107
######################## FIM ###################

 ######################## 200 ###################

Vetor de solucoes: 
2 2 2 0 2 0 1 2 2 1 2 2 0 1 2 1 1 2 2 1 2 2 0 2 2 2 2 2 2 2 1 1 2 1 0 2 2 2 2 2 1 2 2 0 0 1 2 1 2 2 2 2 2 2 1 2 1 2 2 2 2 1 1 2 1 1 1 1 1 0 0 2 0 0 1 1 0 2 1 1 1 1 1 1 1 2 1 1 1 1 1 1 1 1 1 1 1 1 1 1 2 0 1 1 1 1 1 1 1 1 1 1 1 1 1 1 0 2 1 1 1 1 2 0 2 2 1 1 1 2 2 2 1 1 1 1 2 2 1 1 1 0 2 0 0 2 0 0 2 0 2 1 1 1 1 2 2 1 2 1 2 0 0 1 2 1 2 2 2 2 0 2 2 2 0 2 2 1 1 0 

 Inviabilidades: 5 
FO: 72920.021830
Tempo total:19.641
######################## FIM ###################

 ######################## 200 ###################

Vetor de solucoes: 
0 0 2 2 0 2 1 0 0 1 0 2 2 0 0 1 1 0 0 1 0 0 0 0 2 0 0 0 1 0 1 1 0 1 0 0 0 0 0 2 1 0 0 1 1 1 0 0 0 0 0 0 0 0 1 1 1 0 2 0 0 1 1 0 1 1 1 1 1 2 2 0 2 2 1 1 2 0 1 1 1 1 1 1 1 1 1 1 1 1 1 1 1 1 1 1 1 1 1 1 2 2 1 1 1 1 1 1 1 1 1 1 1 1 1 1 2 1 1 1 1 1 0 2 0 0 1 1 1 0 1 1 1 1 1 1 0 0 1 1 1 1 0 0 2 1 2 2 0 0 0 1 1 1 1 2 0 1 0 1 0 2 2 1 0 1 0 0 0 0 2 2 2 0 2 0 0 1 1 2 

 Inviabilidades: 5 
FO: 73077.803197
Tempo total:17.183
######################## FIM ###################

 ######################## 200 ###################

Vetor de solucoes: 
0 0 2 2 0 2 1 0 0 1 2 0 2 1 0 0 1 2 0 0 0 0 0 0 1 0 0 0 0 0 1 1 0 1 0 0 0 0 0 2 1 0 0 2 2 1 0 0 0 0 0 0 0 0 1 0 2 0 1 0 0 1 1 0 1 1 1 1 1 2 2 0 2 2 1 1 2 0 1 1 1 0 1 1 1 1 1 1 1 1 1 1 1 1 1 1 1 1 1 1 0 2 1 1 1 1 1 1 1 1 1 1 1 1 1 1 2 2 1 1 1 1 0 2 2 2 1 1 1 0 1 1 1 1 1 1 2 2 1 1 1 2 0 2 2 2 2 2 1 0 0 1 1 1 1 0 2 1 2 1 0 2 2 1 0 1 0 0 2 0 2 2 2 2 2 2 2 1 1 0 

 Inviabilidades: 8 
FO: 72462.768967
Tempo total:18.071
######################## FIM ###################

 ######################## 200 ###################

Vetor de solucoes: 
1 1 1 0 1 0 2 1 1 2 1 1 0 2 1 2 2 1 1 2 1 1 0 1 1 1 1 1 1 1 2 2 1 2 0 1 1 1 1 1 2 1 1 0 0 2 1 2 1 1 1 1 1 1 2 1 2 1 1 1 1 2 2 1 2 2 2 2 2 0 0 1 0 0 2 2 0 1 2 2 2 2 2 2 2 1 2 2 2 2 2 2 2 2 2 2 2 2 2 2 1 0 2 2 2 2 2 2 2 2 2 2 2 2 2 2 0 1 2 2 2 2 1 0 1 1 2 2 2 1 1 1 2 2 2 2 1 1 2 2 2 0 1 0 0 1 0 0 1 0 1 2 2 2 2 1 1 2 1 2 1 0 0 2 1 2 1 1 1 1 0 1 1 1 0 1 1 2 2 0 

 Inviabilidades: 5 
FO: 72920.021830
Tempo total:20.187
######################## FIM ###################

 ######################## 200 ###################

Vetor de solucoes: 
2 2 2 1 2 1 0 2 2 0 2 2 1 0 2 0 0 2 2 0 2 2 1 2 2 2 2 2 2 2 0 0 2 0 1 2 2 2 2 2 0 2 2 1 1 0 2 0 2 2 2 2 2 2 0 2 0 2 2 2 2 0 0 2 0 0 0 0 0 1 1 2 1 1 0 0 1 2 0 0 0 0 0 0 0 2 0 0 0 0 0 0 0 0 0 0 0 0 0 0 2 1 0 0 0 0 0 0 0 0 0 0 0 0 0 0 1 2 0 0 0 0 2 1 2 2 0 0 0 2 2 2 0 0 0 0 2 2 0 0 0 1 2 1 1 2 1 1 2 1 2 0 0 0 0 2 2 0 2 0 2 1 1 0 2 0 2 2 2 2 1 2 2 2 1 2 2 0 0 1 

 Inviabilidades: 5 
FO: 72920.021830
Tempo total:19.148
######################## FIM ###################

 ######################## 200 ###################

Vetor de solucoes: 
2 0 2 1 0 1 0 2 2 0 2 1 1 0 2 0 0 2 0 0 2 1 1 1 0 2 2 2 0 2 0 0 2 0 2 2 2 2 2 2 2 0 2 2 2 0 2 2 2 2 2 2 2 2 0 0 0 2 0 2 1 0 0 2 0 0 0 0 0 0 1 1 1 1 0 0 2 1 0 2 0 0 0 0 0 0 0 0 0 0 0 0 0 0 0 0 0 2 0 0 1 0 0 0 0 0 0 0 0 0 0 0 0 0 0 0 1 0 0 0 0 0 1 1 1 1 0 0 0 1 1 0 0 0 0 0 1 1 0 1 0 1 1 1 1 1 1 1 1 1 1 0 0 0 0 1 1 0 1 1 1 1 0 0 1 0 1 1 1 1 1 1 1 1 1 1 1 0 0 2 

 Inviabilidades: 8 
FO: 70310.919490
Tempo total:17.708
######################## FIM ###################

 ######################## 200 ###################

Vetor de solucoes: 
1 2 2 2 1 2 0 1 1 0 1 2 2 1 1 0 0 1 1 0 1 1 1 2 1 1 1 1 0 2 0 0 2 0 2 1 1 1 1 2 1 2 1 2 1 0 1 1 1 1 1 1 1 1 0 0 0 1 0 2 1 0 0 1 0 0 0 0 0 0 2 2 2 2 0 0 2 2 0 1 0 0 0 0 0 0 0 0 0 0 0 0 0 0 0 0 0 0 0 0 2 0 0 0 0 0 0 0 0 0 0 0 0 0 0 0 2 2 0 0 0 0 2 1 2 2 0 0 0 2 2 0 0 0 0 0 2 2 0 0 2 2 2 2 2 2 2 2 2 2 2 0 0 0 0 2 2 0 2 2 2 2 0 0 2 0 2 2 2 2 2 2 2 2 2 2 2 0 0 1 

 Inviabilidades: 8 
FO: 70070.027594
Tempo total:18.354
######################## FIM ###################

 ######################## 200 ###################

Vetor de solucoes: 
0 0 0 2 0 1 1 0 0 1 0 0 2 1 0 1 1 0 0 1 0 0 2 0 1 0 0 0 1 2 1 1 0 1 2 0 1 0 0 0 1 1 0 1 1 1 0 1 0 0 0 0 1 0 1 1 1 0 1 2 0 1 1 0 1 1 1 1 1 2 2 2 2 2 1 1 2 0 1 0 1 1 1 1 1 0 1 1 1 1 1 1 1 1 1 1 1 1 1 1 0 2 1 1 1 1 1 1 1 1 1 1 1 1 1 1 2 1 1 1 1 1 0 0 2 2 1 1 1 2 1 1 1 1 1 1 2 2 1 1 1 2 2 2 2 2 2 2 2 2 2 1 1 1 1 2 0 1 0 2 0 2 2 1 0 1 2 0 2 0 2 2 2 0 2 0 2 1 1 0 

 Inviabilidades: 7 
FO: 71705.050180
Tempo total:18.427
######################## FIM ###################

 ######################## 200 ###################

Vetor de solucoes: 
0 0 0 2 0 2 1 0 0 1 0 0 2 1 0 1 1 0 0 1 0 0 1 0 1 0 0 0 1 0 1 1 0 0 0 0 0 0 0 0 1 0 0 1 1 1 0 0 0 0 0 0 0 0 1 1 1 0 1 0 0 1 1 0 1 1 1 1 1 2 2 2 2 2 1 1 2 0 1 1 1 1 1 1 1 1 1 1 1 2 1 1 1 1 1 1 1 1 1 1 0 2 1 1 1 1 1 1 1 1 1 1 1 1 1 1 2 1 1 1 1 1 0 2 0 0 1 1 1 0 0 1 1 1 1 1 1 2 1 1 1 2 0 2 2 2 2 2 2 0 0 1 1 1 1 2 0 1 0 2 0 2 2 1 0 1 0 2 0 0 2 2 2 0 2 0 0 1 1 2 

 Inviabilidades: 7 
FO: 72135.519252
Tempo total:19.209
######################## FIM ###################

 ######################## 200 ###################

Vetor de solucoes: 
2 2 2 0 2 0 1 2 2 1 2 2 0 2 2 2 2 2 2 2 2 2 0 2 2 2 2 2 2 2 1 1 2 1 0 2 2 2 2 2 1 2 2 0 0 1 2 2 2 2 2 2 2 2 1 1 1 2 1 2 2 1 1 2 1 1 1 1 1 0 0 0 0 0 1 1 0 2 1 1 1 2 1 1 1 1 1 1 1 1 1 1 1 1 1 1 1 1 1 1 2 0 1 1 1 1 1 1 1 1 1 1 1 1 1 1 0 1 1 1 1 1 2 0 2 2 1 1 1 2 2 2 1 1 1 1 2 0 1 1 1 0 2 2 0 0 0 0 2 2 2 1 1 1 1 0 2 1 2 1 2 0 0 1 2 1 2 2 2 2 0 0 0 2 0 0 0 1 1 0 

 Inviabilidades: 6 
FO: 72136.738213
Tempo total:19.270
######################## FIM ###################

 ######################## 200 ###################

Vetor de solucoes: 
0 0 0 2 0 2 1 0 0 1 0 0 2 0 0 0 0 0 0 0 0 0 2 0 0 0 0 0 0 0 1 1 0 1 2 0 0 0 0 0 1 0 0 2 2 1 0 0 0 0 0 0 0 0 1 1 1 0 1 0 0 1 1 0 1 1 1 1 1 2 2 2 2 2 1 1 2 0 1 1 1 0 1 1 1 1 1 1 1 1 1 1 1 1 1 1 1 1 1 1 0 2 1 1 1 1 1 1 1 1 1 1 1 1 1 1 2 1 1 1 1 1 0 2 0 0 1 1 1 0 0 0 1 1 1 1 0 2 1 1 1 2 0 0 2 2 2 2 0 0 0 1 1 1 1 2 0 1 0 1 0 2 2 1 0 1 0 0 0 0 2 2 2 0 2 2 2 1 1 2 

 Inviabilidades: 6 
FO: 72136.738213
Tempo total:17.228
######################## FIM ###################

 ######################## 200 ###################

Vetor de solucoes: 
1 1 1 2 1 2 0 1 1 0 1 1 2 0 1 0 0 1 1 0 1 1 2 1 1 1 1 1 1 1 0 0 1 0 2 1 1 1 1 1 0 1 1 2 2 0 1 0 1 1 1 1 1 1 0 1 0 1 1 1 1 0 0 1 0 0 0 0 0 2 2 1 2 2 0 0 2 1 0 0 0 0 0 0 0 1 0 0 0 0 0 0 0 0 0 0 0 0 0 0 1 2 0 0 0 0 0 0 0 0 0 0 0 0 0 0 2 1 0 0 0 0 1 2 1 1 0 0 0 1 1 1 0 0 0 0 1 1 0 0 0 2 1 2 2 1 2 2 1 2 1 0 0 0 0 1 1 0 1 0 1 2 2 0 1 0 1 1 1 1 2 1 1 1 2 1 1 0 0 2 

 Inviabilidades: 5 
FO: 72920.021830
Tempo total:18.794
######################## FIM ###################

 ######################## 200 ###################

Vetor de solucoes: 
1 1 1 2 1 2 0 1 1 0 1 1 2 0 1 0 0 1 1 0 1 1 0 1 0 1 1 1 0 1 0 0 1 1 1 1 1 1 1 1 0 1 1 0 0 0 1 1 1 1 1 1 1 1 0 0 0 1 0 1 1 0 0 1 0 0 0 0 0 2 2 2 2 2 0 0 2 1 0 0 0 0 0 0 0 0 0 0 0 2 0 0 0 0 0 0 0 0 0 0 1 2 0 0 0 0 0 0 0 0 0 0 0 0 0 0 2 0 0 0 0 0 1 2 1 1 0 0 0 1 1 0 0 0 0 0 0 2 0 0 0 2 1 2 2 2 2 2 2 1 1 0 0 0 0 2 1 0 1 2 1 2 2 0 1 0 1 2 1 1 2 2 2 1 2 1 1 0 0 2 

 Inviabilidades: 7 
FO: 72135.519252
Tempo total:18.619
######################## FIM ###################

 ######################## 200 ###################

Vetor de solucoes: 
0 0 0 1 0 1 2 0 0 2 0 0 1 2 0 2 2 0 0 2 0 0 1 0 0 0 0 0 0 0 2 2 0 2 1 0 0 0 0 0 2 0 0 1 1 2 0 2 0 0 0 0 0 0 2 0 2 0 0 0 0 2 2 0 2 2 2 2 2 1 1 0 1 1 2 2 1 0 2 2 2 2 2 2 2 0 2 2 2 2 2 2 2 2 2 2 2 2 2 2 0 1 2 2 2 2 2 2 2 2 2 2 2 2 2 2 1 0 2 2 2 2 0 1 0 0 2 2 2 0 0 0 2 2 2 2 0 0 2 2 2 1 0 1 1 0 1 1 0 1 0 2 2 2 2 0 0 2 0 2 0 1 1 2 0 2 0 0 0 0 1 0 0 0 1 0 0 2 2 1 

 Inviabilidades: 5 
FO: 72920.021830
Tempo total:18.193
######################## FIM ###################

 ######################## 200 ###################

Vetor de solucoes: 
0 0 0 1 0 1 2 0 0 2 0 0 1 2 0 2 2 0 0 2 0 0 1 0 0 0 0 0 0 0 2 2 0 2 1 0 0 0 0 0 2 0 0 1 1 2 0 2 0 0 0 0 0 0 2 0 2 0 0 0 0 2 2 0 2 2 2 2 2 1 1 0 1 1 2 2 1 0 2 2 2 2 2 2 2 0 2 2 2 2 2 2 2 2 2 2 2 2 2 2 0 1 2 2 2 2 2 2 2 2 2 2 2 2 2 2 1 0 2 2 2 2 0 1 0 0 2 2 2 0 0 0 2 2 2 2 0 0 2 2 2 1 0 1 1 0 1 1 0 1 0 2 2 2 2 0 0 2 0 2 0 1 1 2 0 2 0 0 0 0 1 0 0 0 1 0 0 2 2 1 

 Inviabilidades: 5 
FO: 72920.021830
Tempo total:17.394
######################## FIM ###################

 ######################## 200 ###################

Vetor de solucoes: 
1 1 2 2 1 2 0 1 1 0 1 2 2 1 1 0 0 1 1 0 1 1 1 1 2 1 1 1 0 1 0 0 1 0 1 1 1 1 1 2 0 1 1 0 0 0 1 1 1 1 1 1 1 1 0 0 0 1 2 1 1 0 0 1 0 0 0 0 0 2 2 1 2 2 0 0 2 1 0 0 0 0 0 0 0 0 0 0 0 0 0 0 0 0 0 0 0 0 0 0 2 2 0 0 0 0 0 0 0 0 0 0 0 0 0 0 2 0 0 0 0 0 1 2 1 1 0 0 0 1 0 0 0 0 0 0 1 1 0 0 0 0 1 1 2 0 2 2 1 1 1 0 0 0 0 2 1 0 1 0 1 2 2 0 1 0 1 1 1 1 2 2 2 1 2 1 1 0 0 2 

 Inviabilidades: 5 
FO: 73077.803197
Tempo total:17.403
######################## FIM ###################

 ######################## 200 ###################

Vetor de solucoes: 
0 0 0 2 0 2 1 0 0 1 0 0 2 0 0 0 0 0 0 0 0 0 2 0 0 0 0 0 0 0 1 1 0 1 2 0 0 0 0 0 1 0 0 2 2 1 0 0 0 0 0 0 0 0 1 1 1 0 1 0 0 1 1 0 1 1 1 1 1 2 2 2 2 2 1 1 2 0 1 1 1 0 1 1 1 1 1 1 1 1 1 1 1 1 1 1 1 1 1 1 0 2 1 1 1 1 1 1 1 1 1 1 1 1 1 1 2 1 1 1 1 1 0 2 0 0 1 1 1 0 0 0 1 1 1 1 0 2 1 1 1 2 0 0 2 2 2 2 0 0 0 1 1 1 1 2 0 1 0 1 0 2 2 1 0 1 0 0 0 0 2 2 2 0 2 2 2 1 1 2 

 Inviabilidades: 6 
FO: 72136.738213
Tempo total:17.791
######################## FIM ###################

 ######################## 200 ###################

Vetor de solucoes: 
1 1 1 0 1 0 2 1 1 2 1 1 0 1 1 1 1 1 1 1 1 1 0 1 1 1 1 1 1 1 2 2 1 2 0 1 1 1 1 1 2 1 1 0 0 2 1 1 1 1 1 1 1 1 2 2 2 1 2 1 1 2 2 1 2 2 2 2 2 0 0 0 0 0 2 2 0 1 2 2 2 1 2 2 2 2 2 2 2 2 2 2 2 2 2 2 2 2 2 2 1 0 2 2 2 2 2 2 2 2 2 2 2 2 2 2 0 2 2 2 2 2 1 0 1 1 2 2 2 1 1 1 2 2 2 2 1 0 2 2 2 0 1 1 0 0 0 0 1 1 1 2 2 2 2 0 1 2 1 2 1 0 0 2 1 2 1 1 1 1 0 0 0 1 0 0 0 2 2 0 

 Inviabilidades: 6 
FO: 72136.738213
Tempo total:19.803
######################## FIM ###################

 ######################## 200 ###################

Vetor de solucoes: 
1 1 1 0 1 0 2 1 1 2 1 1 0 2 1 2 2 1 1 2 1 1 0 1 1 1 1 1 1 1 2 2 1 2 0 1 1 1 1 1 2 1 1 0 0 2 1 2 1 1 1 1 1 1 2 1 2 1 1 1 1 2 2 1 2 2 2 2 2 0 0 1 0 0 2 2 0 1 2 2 2 2 2 2 2 1 2 2 2 2 2 2 2 2 2 2 2 2 2 2 1 0 2 2 2 2 2 2 2 2 2 2 2 2 2 2 0 1 2 2 2 2 1 0 1 1 2 2 2 1 1 1 2 2 2 2 1 1 2 2 2 0 1 0 0 1 0 0 1 0 1 2 2 2 2 1 1 2 1 2 1 0 0 2 1 2 1 1 1 1 0 1 1 1 0 1 1 2 2 0 

 Inviabilidades: 5 
FO: 72920.021830
Tempo total:19.872
######################## FIM ###################

 ######################## 200 ###################

Vetor de solucoes: 
0 0 1 1 0 1 2 0 0 2 0 1 1 0 0 2 2 0 0 2 0 0 0 0 1 0 0 0 2 0 2 2 0 2 0 0 0 0 0 1 2 0 0 2 2 2 0 0 0 0 0 0 0 0 2 2 2 0 1 0 0 2 2 0 2 2 2 2 2 1 1 0 1 1 2 2 1 0 2 2 2 2 2 2 2 2 2 2 2 2 2 2 2 2 2 2 2 2 2 2 1 1 2 2 2 2 2 2 2 2 2 2 2 2 2 2 1 2 2 2 2 2 0 1 0 0 2 2 2 0 2 2 2 2 2 2 0 0 2 2 2 2 0 0 1 2 1 1 0 0 0 2 2 2 2 1 0 2 0 2 0 1 1 2 0 2 0 0 0 0 1 1 1 0 1 0 0 2 2 1 

 Inviabilidades: 5 
FO: 73077.803197
Tempo total:18.304
######################## FIM ###################

 ######################## 200 ###################

Vetor de solucoes: 
1 1 1 2 1 2 0 1 1 0 1 1 2 1 1 1 1 1 1 1 1 1 2 1 1 1 1 1 1 1 0 0 1 0 2 1 1 1 1 1 0 1 1 2 2 0 1 1 1 1 1 1 1 1 0 0 0 1 0 1 1 0 0 1 0 0 0 0 0 2 2 2 2 2 0 0 2 1 0 0 0 1 0 0 0 0 0 0 0 0 0 0 0 0 0 0 0 0 0 0 1 2 0 0 0 0 0 0 0 0 0 0 0 0 0 0 2 0 0 0 0 0 1 2 1 1 0 0 0 1 1 1 0 0 0 0 1 2 0 0 0 2 1 1 2 2 2 2 1 1 1 0 0 0 0 2 1 0 1 0 1 2 2 0 1 0 1 1 1 1 2 2 2 1 2 2 2 0 0 2 

 Inviabilidades: 6 
FO: 72136.738213
Tempo total:17.570
######################## FIM ###################
