
######################## 250 ###################

Vetor de solucoes: 
1 0 1 2 1 1 0 1 1 0 1 1 2 0 1 0 0 1 1 1 2 1 2 2 1 1 1 1 1 1 0 0 1 0 2 1 1 1 1 1 1 1 1 2 1 0 1 1 1 1 1 1 1 1 0 0 0 1 0 1 1 0 0 1 0 0 0 0 0 0 2 2 2 2 0 0 2 1 0 0 0 0 0 0 0 0 0 0 0 0 0 0 0 0 0 0 0 0 0 0 1 0 0 0 0 0 0 0 0 0 0 0 0 0 0 0 2 0 0 0 0 0 1 2 2 2 0 0 0 2 2 2 0 0 0 0 2 2 0 0 0 2 2 2 2 2 2 2 2 2 2 0 0 0 0 2 2 0 2 2 1 2 2 0 2 0 2 2 2 1 2 2 2 2 2 1 2 0 0 1 

 Inviabilidades: 6 
FO: 70377.301764
Tempo total:20.923
######################## FIM ###################

######################## 250 ###################

Vetor de solucoes: 
2 2 2 0 2 0 1 2 2 2 2 2 0 1 2 1 1 2 2 2 0 2 0 0 2 2 2 0 1 0 1 1 0 1 0 2 2 2 2 2 2 0 2 2 2 1 2 2 2 2 2 2 2 2 1 1 1 2 1 0 2 1 1 2 1 2 1 1 2 1 0 0 0 0 1 1 0 2 1 2 1 1 1 1 1 1 1 1 2 1 1 1 2 1 1 1 1 1 1 1 0 1 1 1 1 1 1 1 2 1 1 1 1 2 1 1 0 1 1 1 1 1 0 1 0 0 2 1 1 0 2 2 1 1 1 1 0 2 1 2 2 0 2 0 0 0 0 0 0 0 0 2 1 2 1 0 0 1 2 0 2 0 0 0 0 1 0 2 0 2 0 0 0 0 0 2 0 2 1 2 

 Inviabilidades: 5 
FO: 73000.481576
Tempo total:20.991
######################## FIM ###################

######################## 250 ###################

Vetor de solucoes: 
1 1 1 0 1 0 2 1 1 2 1 1 0 2 1 2 2 1 1 1 0 1 0 0 1 1 1 1 1 1 2 2 1 2 0 1 1 1 1 1 1 1 1 0 1 2 1 1 1 1 1 1 1 1 2 2 2 1 2 1 1 2 2 1 2 2 2 2 2 2 0 1 0 0 2 2 0 1 2 2 2 2 2 2 2 2 2 2 2 2 2 2 2 2 2 2 2 2 2 2 1 2 2 2 2 2 2 2 2 2 2 2 2 2 2 2 0 2 2 2 2 2 1 0 0 0 2 2 2 0 0 1 2 2 2 2 0 0 2 2 2 0 0 0 0 0 0 0 0 0 0 2 2 2 2 0 0 2 0 0 1 0 0 2 0 2 0 1 0 1 0 0 0 0 0 1 0 2 2 1 

 Inviabilidades: 4 
FO: 70502.219669
Tempo total:21.368
######################## FIM ###################
