
 ######################## 250 ###################

Vetor de solucoes: 
1 0 1 2 1 1 0 1 1 0 1 1 2 0 1 0 0 1 1 1 2 1 2 2 1 1 1 1 1 1 0 0 1 0 2 1 1 1 1 1 1 1 1 2 1 0 1 1 1 1 1 1 1 1 0 0 0 1 0 1 1 0 0 1 0 0 0 0 0 0 2 2 2 2 0 0 2 1 0 0 0 0 0 0 0 0 0 0 0 0 0 0 0 0 0 0 0 0 0 0 1 0 0 0 0 0 0 0 0 0 0 0 0 0 0 0 2 0 0 0 0 0 1 2 2 2 0 0 0 2 2 2 0 0 0 0 2 2 0 0 0 2 2 2 2 2 2 2 2 2 2 0 0 0 0 2 2 0 2 2 1 2 2 0 2 0 2 2 2 1 2 2 2 2 2 1 2 0 0 1 

 Inviabilidades: 6 
FO: 70377.301764
Tempo total:20.923
######################## FIM ###################

 ######################## 250 ###################

Vetor de solucoes: 
2 2 2 0 2 0 1 2 2 2 2 2 0 1 2 1 1 2 2 2 0 2 0 0 2 2 2 0 1 0 1 1 0 1 0 2 2 2 2 2 2 0 2 2 2 1 2 2 2 2 2 2 2 2 1 1 1 2 1 0 2 1 1 2 1 2 1 1 2 1 0 0 0 0 1 1 0 2 1 2 1 1 1 1 1 1 1 1 2 1 1 1 2 1 1 1 1 1 1 1 0 1 1 1 1 1 1 1 2 1 1 1 1 2 1 1 0 1 1 1 1 1 0 1 0 0 2 1 1 0 2 2 1 1 1 1 0 2 1 2 2 0 2 0 0 0 0 0 0 0 0 2 1 2 1 0 0 1 2 0 2 0 0 0 0 1 0 2 0 2 0 0 0 0 0 2 0 2 1 2 

 Inviabilidades: 5 
FO: 73000.481576
Tempo total:20.991
######################## FIM ###################

 ######################## 250 ###################

Vetor de solucoes: 
1 1 1 0 1 0 2 1 1 2 1 1 0 2 1 2 2 1 1 1 0 1 0 0 1 1 1 1 1 1 2 2 1 2 0 1 1 1 1 1 1 1 1 0 1 2 1 1 1 1 1 1 1 1 2 2 2 1 2 1 1 2 2 1 2 2 2 2 2 2 0 1 0 0 2 2 0 1 2 2 2 2 2 2 2 2 2 2 2 2 2 2 2 2 2 2 2 2 2 2 1 2 2 2 2 2 2 2 2 2 2 2 2 2 2 2 0 2 2 2 2 2 1 0 0 0 2 2 2 0 0 1 2 2 2 2 0 0 2 2 2 0 0 0 0 0 0 0 0 0 0 2 2 2 2 0 0 2 0 0 1 0 0 2 0 2 0 1 0 1 0 0 0 0 0 1 0 2 2 1 

 Inviabilidades: 4 
FO: 70502.219669
Tempo total:21.368
######################## FIM ###################

 ######################## 250 ###################

Vetor de solucoes: 
2 1 0 0 2 0 1 2 2 1 2 0 0 1 2 1 1 2 2 1 0 2 2 0 1 2 2 2 1 2 1 1 2 1 2 2 2 2 2 0 2 1 2 0 2 1 2 2 2 2 2 2 2 2 1 1 1 2 1 2 2 1 1 2 1 1 1 1 1 1 0 0 0 1 1 1 0 2 1 2 1 1 1 1 1 1 1 1 1 1 1 1 1 1 1 1 1 1 1 1 2 1 1 1 1 1 1 1 1 1 1 1 1 1 1 1 0 1 1 1 1 1 0 0 0 0 1 1 1 0 0 1 1 1 1 1 0 0 1 1 1 0 2 0 0 0 0 0 0 0 2 1 1 1 1 0 0 1 0 0 2 0 0 1 0 1 0 0 0 0 0 0 0 0 0 2 0 1 1 2 

 Inviabilidades: 5 
FO: 70708.686151
Tempo total:21.696
######################## FIM ###################

 ######################## 250 ###################

Vetor de solucoes: 
2 1 0 0 2 0 1 2 2 1 2 0 0 1 2 1 1 2 2 1 0 2 2 0 1 2 2 2 1 2 1 1 2 1 2 2 2 2 2 0 2 1 2 0 2 1 2 2 2 2 2 2 2 2 1 1 1 2 1 2 2 1 1 2 1 1 1 1 1 1 0 0 0 1 1 1 0 2 1 2 1 1 1 1 1 1 1 1 1 1 1 1 1 1 1 1 1 1 1 1 2 1 1 1 1 1 1 1 1 1 1 1 1 1 1 1 0 1 1 1 1 1 0 0 0 0 1 1 1 0 0 1 1 1 1 1 0 0 1 1 1 0 2 0 0 0 0 0 0 0 2 1 1 1 1 0 0 1 0 0 2 0 0 1 0 1 0 0 0 0 0 0 0 0 0 2 0 1 1 2 

 Inviabilidades: 5 
FO: 70708.686151
Tempo total:21.741
######################## FIM ###################

 ######################## 250 ###################

Vetor de solucoes: 
0 0 0 2 0 2 1 0 0 1 0 0 2 1 0 1 1 0 0 0 2 0 2 2 0 0 0 0 0 0 1 1 0 1 2 0 0 0 0 0 0 0 0 2 0 1 0 0 0 0 0 0 0 0 1 1 1 0 1 0 0 1 1 0 1 1 1 1 1 1 2 0 2 2 1 1 2 0 1 1 1 1 1 1 1 1 1 1 1 1 1 1 1 1 1 1 1 1 1 1 0 1 1 1 1 1 1 1 1 1 1 1 1 1 1 1 2 1 1 1 1 1 0 2 2 2 1 1 1 2 2 0 1 1 1 1 2 2 1 1 1 2 2 2 2 2 2 2 2 2 2 1 1 1 1 2 2 1 2 2 0 2 2 1 2 1 2 0 2 0 2 2 2 2 2 0 2 1 1 0 

 Inviabilidades: 4 
FO: 70502.219669
Tempo total:20.114
######################## FIM ###################

 ######################## 250 ###################

Vetor de solucoes: 
2 0 1 1 2 1 0 2 2 0 2 1 1 0 2 0 0 2 2 0 1 2 2 1 0 2 2 2 0 2 0 0 2 0 2 2 2 2 2 1 2 0 2 1 2 0 2 2 2 2 2 2 2 2 0 0 0 2 0 2 2 0 0 2 0 0 0 0 0 0 1 1 1 0 0 0 1 2 0 2 0 0 0 0 0 0 0 0 0 0 0 0 0 0 0 0 0 0 0 0 2 0 0 0 0 0 0 0 0 0 0 0 0 0 0 0 1 0 0 0 0 0 1 1 1 1 0 0 0 1 1 0 0 0 0 0 1 1 0 0 0 1 2 1 1 1 1 1 1 1 2 0 0 0 0 1 1 0 1 1 2 1 1 0 1 0 1 1 1 1 1 1 1 1 1 2 1 0 0 2 

 Inviabilidades: 5 
FO: 70708.686151
Tempo total:21.332
######################## FIM ###################

 ######################## 250 ###################

Vetor de solucoes: 
0 0 0 2 0 0 1 0 0 1 0 0 2 1 0 1 1 0 0 1 2 2 2 0 2 0 0 0 1 2 1 1 0 1 0 0 0 0 0 0 1 2 0 0 2 1 0 0 0 0 0 0 0 0 1 1 1 0 1 0 0 1 1 0 1 1 1 1 1 2 2 0 2 2 1 1 2 0 1 0 1 1 1 1 1 1 1 1 1 1 1 1 1 1 1 1 1 1 1 1 2 2 1 1 1 1 1 1 1 1 1 1 1 1 1 1 2 1 1 1 1 1 0 0 2 0 1 1 1 0 0 1 1 1 1 1 0 0 1 1 1 1 0 0 2 2 2 2 0 0 0 1 1 0 1 0 0 1 0 2 0 2 2 1 2 0 0 0 0 0 2 2 0 0 2 0 0 1 1 2 

 Inviabilidades: 7 
FO: 73282.888349
Tempo total:19.880
######################## FIM ###################

 ######################## 250 ###################

Vetor de solucoes: 
2 1 0 0 2 0 1 2 2 1 2 0 0 1 2 1 1 2 2 1 0 2 2 0 1 2 2 2 1 2 1 1 2 1 2 2 2 2 2 0 2 1 2 0 2 1 2 2 2 2 2 2 2 2 1 1 1 2 1 2 2 1 1 2 1 1 1 1 1 1 0 0 0 1 1 1 0 2 1 2 1 1 1 1 1 1 1 1 1 1 1 1 1 1 1 1 1 1 1 1 2 1 1 1 1 1 1 1 1 1 1 1 1 1 1 1 0 1 1 1 1 1 0 0 0 0 1 1 1 0 0 1 1 1 1 1 0 0 1 1 1 0 2 0 0 0 0 0 0 0 2 1 1 1 1 0 0 1 0 0 2 0 0 1 0 1 0 0 0 0 0 0 0 0 0 2 0 1 1 2 

 Inviabilidades: 5 
FO: 70708.686151
Tempo total:21.762
######################## FIM ###################

 ######################## 250 ###################

Vetor de solucoes: 
1 2 1 0 1 1 2 1 1 2 1 1 0 2 1 2 2 1 1 1 0 1 0 0 1 1 1 1 1 1 2 2 1 2 0 1 1 1 1 1 1 1 1 0 1 2 1 1 1 1 1 1 1 1 2 2 2 1 2 1 1 2 2 1 2 2 2 2 2 2 0 0 0 0 2 2 0 1 2 2 2 2 2 2 2 2 2 2 2 2 2 2 2 2 2 2 2 2 2 2 1 2 2 2 2 2 2 2 2 2 2 2 2 2 2 2 0 2 2 2 2 2 1 0 0 0 2 2 2 0 0 0 2 2 2 2 0 0 2 2 2 0 0 0 0 0 0 0 0 0 0 2 2 2 2 0 0 2 0 0 1 0 0 2 0 2 0 0 0 1 0 0 0 0 0 1 0 2 2 1 

 Inviabilidades: 6 
FO: 70377.301764
Tempo total:21.315
######################## FIM ###################

 ######################## 250 ###################

Vetor de solucoes: 
2 1 0 0 2 0 1 2 2 1 2 0 0 1 2 1 1 2 2 1 0 2 2 0 1 2 2 2 1 2 1 1 2 1 2 2 2 2 2 0 2 1 2 0 2 1 2 2 2 2 2 2 2 2 1 1 1 2 1 2 2 1 1 2 1 1 1 1 1 1 0 0 0 1 1 1 0 2 1 2 1 1 1 1 1 1 1 1 1 1 1 1 1 1 1 1 1 1 1 1 2 1 1 1 1 1 1 1 1 1 1 1 1 1 1 1 0 1 1 1 1 1 0 0 0 0 1 1 1 0 0 1 1 1 1 1 0 0 1 1 1 0 2 0 0 0 0 0 0 0 2 1 1 1 1 0 0 1 0 0 2 0 0 1 0 1 0 0 0 0 0 0 0 0 0 2 0 1 1 2 

 Inviabilidades: 5 
FO: 70708.686151
Tempo total:22.028
######################## FIM ###################

 ######################## 250 ###################

Vetor de solucoes: 
0 0 0 1 0 1 2 0 0 2 0 0 1 2 0 2 2 0 0 0 1 0 1 1 0 0 0 0 0 0 2 2 0 2 1 0 0 0 0 0 0 0 0 1 0 2 0 0 0 0 0 0 0 0 2 2 2 0 2 0 0 2 2 0 2 2 2 2 2 2 1 0 1 1 2 2 1 0 2 2 2 2 2 2 2 2 2 2 2 2 2 2 2 2 2 2 2 2 2 2 0 2 2 2 2 2 2 2 2 2 2 2 2 2 2 2 1 2 2 2 2 2 0 1 1 1 2 2 2 1 1 0 2 2 2 2 1 1 2 2 2 1 1 1 1 1 1 1 1 1 1 2 2 2 2 1 1 2 1 1 0 1 1 2 1 2 1 0 1 0 1 1 1 1 1 0 1 2 2 0 

 Inviabilidades: 4 
FO: 70502.219669
Tempo total:20.550
######################## FIM ###################

 ######################## 250 ###################

Vetor de solucoes: 
2 2 2 1 2 2 0 2 2 0 2 2 1 0 2 0 0 2 2 0 1 1 1 2 1 2 2 2 0 1 0 0 2 0 2 2 2 2 2 2 0 1 2 2 1 0 2 2 2 2 2 2 2 2 0 0 0 2 0 2 2 0 0 2 0 0 0 0 0 1 1 2 1 1 0 0 1 2 0 2 0 0 0 0 0 0 0 0 0 0 0 0 0 0 0 0 0 0 0 0 1 1 0 0 0 0 0 0 0 0 0 0 0 0 0 0 1 0 0 0 0 0 2 2 1 2 0 0 0 2 2 0 0 0 0 0 2 2 0 0 0 0 2 2 1 1 1 1 2 2 2 0 0 2 0 2 2 0 2 1 2 1 1 0 1 2 2 2 2 2 1 1 2 2 1 2 2 0 0 1 

 Inviabilidades: 7 
FO: 73282.888349
Tempo total:22.356
######################## FIM ###################

 ######################## 250 ###################

Vetor de solucoes: 
1 1 1 2 1 1 0 1 1 0 1 1 2 0 1 0 0 1 1 0 2 1 2 2 1 1 1 1 1 1 0 0 1 0 2 1 1 1 1 1 1 1 1 2 1 0 1 1 1 1 1 1 1 1 0 0 0 1 0 1 1 0 0 1 0 0 0 0 0 0 2 2 2 2 0 0 2 1 0 0 0 0 0 0 0 0 0 0 0 0 0 0 0 0 0 0 0 0 0 0 1 0 0 0 0 0 0 0 0 0 0 0 0 0 0 0 2 0 0 0 0 0 1 2 2 2 0 0 0 2 1 0 0 0 0 0 2 2 0 0 0 2 2 2 2 2 2 2 2 2 2 0 0 0 0 2 2 0 1 2 1 2 2 0 2 0 2 2 2 1 2 2 2 2 2 1 2 0 0 1 

 Inviabilidades: 6 
FO: 70444.937619
Tempo total:20.508
######################## FIM ###################

 ######################## 250 ###################

Vetor de solucoes: 
1 1 1 2 1 2 0 1 1 0 1 1 2 0 1 0 0 1 1 1 2 1 2 2 1 1 1 1 1 1 0 0 1 0 2 1 1 1 1 1 1 1 1 2 1 0 1 1 1 1 1 1 1 1 0 0 0 1 0 1 1 0 0 1 0 0 0 0 0 0 2 1 2 2 0 0 2 1 0 0 0 0 0 0 0 0 0 0 0 0 0 0 0 0 0 0 0 0 0 0 1 0 0 0 0 0 0 0 0 0 0 0 0 0 0 0 2 0 0 0 0 0 1 2 2 2 0 0 0 2 2 1 0 0 0 0 2 2 0 0 0 2 2 2 2 2 2 2 2 2 2 0 0 0 0 2 2 0 2 2 1 2 2 0 2 0 2 1 2 1 2 2 2 2 2 1 2 0 0 1 

 Inviabilidades: 4 
FO: 70502.219669
Tempo total:20.952
######################## FIM ###################

 ######################## 250 ###################

Vetor de solucoes: 
0 0 0 1 0 1 2 0 0 2 0 0 1 2 0 2 2 0 0 0 1 0 1 1 0 0 0 0 0 0 2 2 0 2 1 0 0 0 0 0 0 0 0 1 0 2 0 0 0 0 0 0 0 0 2 2 2 0 2 0 0 2 2 0 2 2 2 2 2 2 1 0 1 1 2 2 1 0 2 2 2 2 2 2 2 2 2 2 2 2 2 2 2 2 2 2 2 2 2 2 0 2 2 2 2 2 2 2 2 2 2 2 2 2 2 2 1 2 2 2 2 2 0 1 1 1 2 2 2 1 1 0 2 2 2 2 1 1 2 2 2 1 1 1 1 1 1 1 1 1 1 2 2 2 2 1 1 2 1 1 0 1 1 2 1 2 1 0 1 0 1 1 1 1 1 0 1 2 2 0 

 Inviabilidades: 4 
FO: 70502.219669
Tempo total:20.353
######################## FIM ###################

 ######################## 250 ###################

Vetor de solucoes: 
0 0 0 1 0 1 2 0 0 2 0 0 1 2 0 2 2 0 0 0 1 0 1 1 0 0 0 0 0 0 2 2 0 2 1 0 0 0 0 0 0 0 0 1 0 2 0 0 0 0 0 0 0 0 2 2 2 0 2 0 0 2 2 0 2 2 2 2 2 2 1 0 1 1 2 2 1 0 2 2 2 2 2 2 2 2 2 2 2 2 2 2 2 2 2 2 2 2 2 2 0 2 2 2 2 2 2 2 2 2 2 2 2 2 2 2 1 2 2 2 2 2 0 1 1 1 2 2 2 1 1 0 2 2 2 2 1 1 2 2 2 1 1 1 1 1 1 1 1 1 1 2 2 2 2 1 1 2 1 1 0 1 1 2 1 2 1 0 1 0 1 1 1 1 1 0 1 2 2 0 

 Inviabilidades: 4 
FO: 70502.219669
Tempo total:20.750
######################## FIM ###################

 ######################## 250 ###################

Vetor de solucoes: 
1 0 1 1 0 1 0 1 1 0 1 0 1 0 1 0 0 2 2 0 1 1 2 1 1 0 0 2 2 2 0 0 2 0 2 2 2 2 2 1 2 2 2 2 2 0 2 2 2 2 0 1 0 2 0 0 2 2 0 2 2 0 0 2 0 0 0 0 0 0 1 1 1 1 0 0 1 0 0 0 0 0 0 0 0 0 0 0 0 1 0 0 0 0 0 0 0 0 0 0 1 0 0 0 0 0 0 0 0 0 0 0 0 0 0 0 2 0 0 0 0 0 2 1 1 1 0 0 0 1 1 0 0 1 0 0 1 1 0 0 0 1 1 1 1 0 1 1 0 1 1 0 0 0 0 1 1 0 1 2 2 1 1 0 1 0 1 1 0 0 1 1 1 1 1 1 2 0 0 2 

 Inviabilidades: 8 
FO: 72753.368504
Tempo total:20.210
######################## FIM ###################

 ######################## 250 ###################

Vetor de solucoes: 
2 1 0 0 2 0 1 2 2 1 2 0 0 1 2 1 1 2 2 1 0 2 2 0 1 2 2 2 1 2 1 1 2 1 2 2 2 2 2 0 2 1 2 0 2 1 2 2 2 2 2 2 2 2 1 1 1 2 1 2 2 1 1 2 1 1 1 1 1 1 0 0 0 1 1 1 0 2 1 2 1 1 1 1 1 1 1 1 1 1 1 1 1 1 1 1 1 1 1 1 2 1 1 1 1 1 1 1 1 1 1 1 1 1 1 1 0 1 1 1 1 1 0 0 0 0 1 1 1 0 0 1 1 1 1 1 0 0 1 1 1 0 2 0 0 0 0 0 0 0 2 1 1 1 1 0 0 1 0 0 2 0 0 1 0 1 0 0 0 0 0 0 0 0 0 2 0 1 1 2 

 Inviabilidades: 5 
FO: 70708.686151
Tempo total:21.806
######################## FIM ###################

 ######################## 250 ###################

Vetor de solucoes: 
2 2 2 0 2 0 1 2 2 1 2 2 0 1 2 1 1 2 2 2 0 2 0 0 2 2 2 2 2 2 1 1 2 1 0 2 2 2 2 2 2 2 2 0 2 1 2 2 2 2 2 2 2 2 1 1 1 2 1 2 2 1 1 2 1 1 1 1 1 1 0 2 0 0 1 1 0 2 1 1 1 1 1 1 1 1 1 1 1 1 1 1 1 1 1 1 1 1 1 1 2 1 1 1 1 1 1 1 1 1 1 1 1 1 1 1 0 1 1 1 1 1 2 0 0 0 1 1 1 0 0 2 1 1 1 1 0 0 1 1 1 0 0 0 0 0 0 0 0 0 0 1 1 1 1 0 0 1 0 0 2 0 0 1 0 1 0 2 0 2 0 0 0 0 0 2 0 1 1 2 

 Inviabilidades: 4 
FO: 70502.219669
Tempo total:21.637
######################## FIM ###################

 ######################## 250 ###################

Vetor de solucoes: 
1 2 0 0 1 0 2 1 1 2 1 0 0 2 1 2 2 1 1 2 0 1 1 0 2 1 1 1 2 1 2 2 1 2 1 1 1 1 1 0 1 2 1 0 1 2 1 1 1 1 1 1 1 1 2 2 2 1 2 1 1 2 2 1 2 2 2 2 2 2 0 0 0 2 2 2 0 1 2 1 2 2 2 2 2 2 2 2 2 2 2 2 2 2 2 2 2 2 2 2 1 2 2 2 2 2 2 2 2 2 2 2 2 2 2 2 0 2 2 2 2 2 0 0 0 0 2 2 2 0 0 2 2 2 2 2 0 0 2 2 2 0 1 0 0 0 0 0 0 0 1 2 2 2 2 0 0 2 0 0 1 0 0 2 0 2 0 0 0 0 0 0 0 0 0 1 0 2 2 1 

 Inviabilidades: 5 
FO: 70708.686151
Tempo total:21.003
######################## FIM ###################

 ######################## 250 ###################

Vetor de solucoes: 
1 1 1 2 1 2 0 2 1 1 2 1 2 0 2 0 0 1 1 0 2 1 2 2 2 1 1 1 1 1 0 0 1 0 1 1 1 1 1 1 1 1 1 2 1 0 1 1 1 2 1 1 1 1 0 0 0 1 0 1 1 0 0 1 0 1 0 0 0 0 2 2 2 2 0 0 2 1 0 0 0 0 0 0 0 0 0 0 0 0 0 0 0 0 0 0 0 0 0 0 2 0 0 0 0 0 0 0 0 0 0 0 0 0 0 0 1 0 0 0 0 0 1 2 2 2 0 0 0 1 1 1 0 0 0 0 2 2 0 0 1 2 1 2 2 2 2 2 2 2 1 1 0 0 0 2 1 0 1 2 1 2 2 0 2 0 1 2 1 1 2 2 2 2 2 1 1 0 0 1 

 Inviabilidades: 7 
FO: 71688.876887
Tempo total:20.833
######################## FIM ###################

 ######################## 250 ###################

Vetor de solucoes: 
2 2 2 1 2 1 0 2 2 0 2 2 1 0 2 0 0 2 2 2 1 2 1 1 2 2 2 2 2 2 0 0 2 0 1 2 2 2 2 2 2 2 2 1 2 0 2 2 2 2 2 2 2 2 0 0 0 2 0 2 2 0 0 2 0 0 0 0 0 0 1 2 1 1 0 0 1 2 0 0 0 0 0 0 0 0 0 0 0 0 0 0 0 0 0 0 0 0 0 0 2 0 0 0 0 0 0 0 0 0 0 0 0 0 0 0 1 0 0 0 0 0 2 1 1 1 0 0 0 1 1 2 0 0 0 0 1 1 0 0 0 1 1 1 1 1 1 1 1 1 1 0 0 0 0 1 1 0 1 1 2 1 1 0 1 0 1 2 1 2 1 1 1 1 1 2 1 0 0 2 

 Inviabilidades: 4 
FO: 70502.219669
Tempo total:21.492
######################## FIM ###################

 ######################## 250 ###################

Vetor de solucoes: 
0 1 2 2 0 2 1 0 0 1 0 2 2 1 0 1 1 0 0 1 2 0 0 2 1 0 0 0 1 0 1 1 0 1 0 0 0 0 0 2 0 1 0 2 0 1 0 0 0 0 0 0 0 0 1 1 1 0 1 0 0 1 1 0 1 1 1 1 1 1 2 2 2 1 1 1 2 0 1 0 1 1 1 1 1 1 1 1 1 1 1 1 1 1 1 1 1 1 1 1 0 1 1 1 1 1 1 1 1 1 1 1 1 1 1 1 2 1 1 1 1 1 2 2 2 2 1 1 1 2 2 1 1 1 1 1 2 2 1 1 1 2 0 2 2 2 2 2 2 2 0 1 1 1 1 2 2 1 2 2 0 2 2 1 2 1 2 2 2 2 2 2 2 2 2 0 2 1 1 0 

 Inviabilidades: 5 
FO: 70708.686151
Tempo total:20.566
######################## FIM ###################

 ######################## 250 ###################

Vetor de solucoes: 
0 0 0 1 0 0 2 0 0 2 0 0 1 2 0 2 2 0 0 2 1 0 1 1 0 0 0 0 0 0 2 2 0 2 1 0 0 0 0 0 0 0 0 1 0 2 0 0 0 0 0 0 0 0 2 2 2 0 2 0 0 2 2 0 2 2 2 2 2 2 1 1 1 1 2 2 1 0 2 2 2 2 2 2 2 2 2 2 2 2 2 2 2 2 2 2 2 2 2 2 0 2 2 2 2 2 2 2 2 2 2 2 2 2 2 2 1 2 2 2 2 2 0 1 1 1 2 2 2 1 0 2 2 2 2 2 1 1 2 2 2 1 1 1 1 1 1 1 1 1 1 2 2 2 2 1 1 2 0 1 0 1 1 2 1 2 1 1 1 0 1 1 1 1 1 0 1 2 2 0 

 Inviabilidades: 6 
FO: 70444.937619
Tempo total:20.665
######################## FIM ###################

 ######################## 250 ###################

Vetor de solucoes: 
1 1 1 0 1 0 2 1 1 2 1 1 0 2 1 2 2 1 1 1 0 1 0 0 1 1 1 1 1 1 2 2 1 2 0 1 1 1 1 1 1 1 1 0 1 2 1 1 1 1 1 1 1 1 2 2 2 1 2 1 1 2 2 1 2 2 2 2 2 2 0 1 0 0 2 2 0 1 2 2 2 2 2 2 2 2 2 2 2 2 2 2 2 2 2 2 2 2 2 2 1 2 2 2 2 2 2 2 2 2 2 2 2 2 2 2 0 2 2 2 2 2 1 0 0 0 2 2 2 0 0 1 2 2 2 2 0 0 2 2 2 0 0 0 0 0 0 0 0 0 0 2 2 2 2 0 0 2 0 0 1 0 0 2 0 2 0 1 0 1 0 0 0 0 0 1 0 2 2 1 

 Inviabilidades: 4 
FO: 70502.219669
Tempo total:21.932
######################## FIM ###################

 ######################## 250 ###################

Vetor de solucoes: 
1 2 0 0 1 0 2 1 1 2 1 0 0 2 1 2 2 1 1 2 0 1 1 0 2 1 1 1 2 1 2 2 1 2 1 1 1 1 1 0 1 2 1 0 1 2 1 1 1 1 1 1 1 1 2 2 2 1 2 1 1 2 2 1 2 2 2 2 2 2 0 0 0 2 2 2 0 1 2 1 2 2 2 2 2 2 2 2 2 2 2 2 2 2 2 2 2 2 2 2 1 2 2 2 2 2 2 2 2 2 2 2 2 2 2 2 0 2 2 2 2 2 0 0 0 0 2 2 2 0 0 2 2 2 2 2 0 0 2 2 2 0 1 0 0 0 0 0 0 0 1 2 2 2 2 0 0 2 0 0 1 0 0 2 0 2 0 0 0 0 0 0 0 0 0 1 0 2 2 1 

 Inviabilidades: 5 
FO: 70708.686151
Tempo total:21.428
######################## FIM ###################

 ######################## 250 ###################

Vetor de solucoes: 
0 0 0 1 0 1 2 0 0 2 0 0 1 2 0 2 2 0 0 0 1 0 1 1 0 0 0 0 0 0 2 2 0 2 1 0 0 0 0 0 0 0 0 1 0 2 0 0 0 0 0 0 0 0 2 2 2 0 2 0 0 2 2 0 2 2 2 2 2 2 1 0 1 1 2 2 1 0 2 2 2 2 2 2 2 2 2 2 2 2 2 2 2 2 2 2 2 2 2 2 0 2 2 2 2 2 2 2 2 2 2 2 2 2 2 2 1 2 2 2 2 2 0 1 1 1 2 2 2 1 1 0 2 2 2 2 1 1 2 2 2 1 1 1 1 1 1 1 1 1 1 2 2 2 2 1 1 2 1 1 0 1 1 2 1 2 1 0 1 0 1 1 1 1 1 0 1 2 2 0 

 Inviabilidades: 4 
FO: 70502.219669
Tempo total:20.398
######################## FIM ###################

 ######################## 250 ###################

Vetor de solucoes: 
2 2 2 1 2 1 0 2 2 2 2 2 1 0 2 0 0 2 2 2 1 2 1 1 2 2 2 1 0 1 0 0 1 0 1 2 2 2 2 2 2 1 2 2 2 0 2 2 2 2 2 2 2 2 0 0 0 2 0 1 2 0 0 2 0 2 0 0 2 0 1 1 1 1 0 0 1 2 0 2 0 0 1 0 0 0 0 0 2 0 0 0 2 0 0 0 0 0 0 0 1 1 0 2 0 0 0 0 2 0 0 0 0 2 0 0 1 1 0 0 0 0 1 0 1 1 2 0 0 1 2 2 0 0 0 0 1 2 1 2 2 0 2 1 1 1 1 1 1 1 1 2 0 2 0 2 1 0 2 1 2 1 1 1 1 0 1 2 1 2 1 1 1 1 1 2 1 2 0 2 

 Inviabilidades: 6 
FO: 74499.769657
Tempo total:21.683
######################## FIM ###################

 ######################## 250 ###################

Vetor de solucoes: 
1 2 1 0 1 1 2 1 1 2 1 1 0 2 1 2 2 1 1 2 0 0 2 0 2 1 1 0 2 1 2 2 1 2 1 1 1 1 1 1 1 1 1 1 1 2 1 1 1 1 1 1 1 1 2 2 2 1 2 1 1 2 2 1 2 2 2 2 2 2 0 1 0 2 2 2 0 1 2 2 2 2 2 2 2 2 2 2 2 0 2 2 2 2 2 2 2 2 2 2 0 2 2 2 2 2 2 2 2 2 2 2 2 2 2 2 0 2 2 2 2 2 1 0 1 1 2 2 2 1 1 2 2 2 2 2 1 1 2 2 2 0 1 1 0 2 0 0 1 0 1 2 2 2 2 1 1 2 1 0 1 0 0 2 0 2 1 1 1 1 2 0 1 1 0 1 1 2 2 0 

 Inviabilidades: 6 
FO: 73102.574298
Tempo total:23.871
######################## FIM ###################

 ######################## 250 ###################

Vetor de solucoes: 
1 2 1 1 1 1 0 1 1 2 0 1 2 0 0 0 0 0 2 0 1 2 0 1 0 0 0 0 0 1 0 0 1 0 2 2 0 1 2 1 0 0 2 1 2 0 2 2 1 2 0 1 0 2 0 0 2 2 0 2 2 0 0 2 0 0 0 0 2 2 1 2 1 2 0 0 1 0 0 2 0 0 2 0 0 0 0 0 2 2 0 0 2 2 0 0 0 0 0 0 1 1 0 2 2 2 0 2 2 0 0 0 2 2 0 0 1 2 0 2 0 0 1 1 1 1 2 0 0 1 2 2 0 0 0 0 1 1 2 2 1 0 1 1 1 2 1 1 1 1 1 1 0 2 0 0 1 0 1 2 2 1 1 2 1 2 1 1 1 1 1 1 2 1 1 1 1 2 0 0 

 Inviabilidades: 8 
FO: 76891.704050
Tempo total:20.912
######################## FIM ###################

 ######################## 250 ###################

Vetor de solucoes: 
0 0 0 1 0 1 2 0 0 0 0 0 1 2 0 2 2 0 0 0 1 0 1 1 0 0 0 1 2 1 2 2 1 2 1 0 0 0 0 0 0 1 0 0 0 2 0 0 0 0 0 0 0 0 2 2 2 0 2 1 0 2 2 0 2 0 2 2 0 2 1 1 1 1 2 2 1 0 2 0 2 2 2 2 2 2 2 2 0 2 2 2 0 2 2 2 2 2 2 2 1 2 2 2 2 2 2 2 0 2 2 2 2 0 2 2 1 2 2 2 2 2 1 2 1 1 0 2 2 1 0 0 2 2 2 2 1 0 2 0 0 1 0 1 1 1 1 1 1 1 1 0 2 0 2 1 1 2 0 1 0 1 1 1 1 2 1 0 1 0 1 1 1 1 1 0 1 0 2 0 

 Inviabilidades: 5 
FO: 73000.481576
Tempo total:19.479
######################## FIM ###################

 ######################## 250 ###################

Vetor de solucoes: 
2 0 1 1 2 1 0 2 2 0 2 1 1 0 2 0 0 2 2 0 1 2 2 1 0 2 2 2 0 2 0 0 2 0 2 2 2 2 2 1 2 0 2 1 2 0 2 2 2 2 2 2 2 2 0 0 0 2 0 2 2 0 0 2 0 0 0 0 0 0 1 1 1 0 0 0 1 2 0 2 0 0 0 0 0 0 0 0 0 0 0 0 0 0 0 0 0 0 0 0 2 0 0 0 0 0 0 0 0 0 0 0 0 0 0 0 1 0 0 0 0 0 1 1 1 1 0 0 0 1 1 0 0 0 0 0 1 1 0 0 0 1 2 1 1 1 1 1 1 1 2 0 0 0 0 1 1 0 1 1 2 1 1 0 1 0 1 1 1 1 1 1 1 1 1 2 1 0 0 2 

 Inviabilidades: 5 
FO: 70708.686151
Tempo total:20.864
######################## FIM ###################

 ######################## 250 ###################

Vetor de solucoes: 
0 1 2 2 0 2 1 0 0 1 0 2 2 1 0 1 1 0 0 1 2 0 0 2 1 0 0 0 1 0 1 1 0 1 0 0 0 0 0 2 0 1 0 2 0 1 0 0 0 0 0 0 0 0 1 1 1 0 1 0 0 1 1 0 1 1 1 1 1 1 2 2 2 1 1 1 2 0 1 0 1 1 1 1 1 1 1 1 1 1 1 1 1 1 1 1 1 1 1 1 0 1 1 1 1 1 1 1 1 1 1 1 1 1 1 1 2 1 1 1 1 1 2 2 2 2 1 1 1 2 2 1 1 1 1 1 2 2 1 1 1 2 0 2 2 2 2 2 2 2 0 1 1 1 1 2 2 1 2 2 0 2 2 1 2 1 2 2 2 2 2 2 2 2 2 0 2 1 1 0 

 Inviabilidades: 5 
FO: 70708.686151
Tempo total:20.680
######################## FIM ###################

 ######################## 250 ###################

Vetor de solucoes: 
1 1 1 0 1 0 2 1 1 2 1 1 0 2 1 2 2 1 1 1 0 1 0 0 1 1 1 1 1 1 2 2 1 2 0 1 1 1 1 1 1 1 1 0 1 2 1 1 1 1 1 1 1 1 2 2 2 1 2 1 1 2 2 1 2 2 2 2 2 2 0 1 0 0 2 2 0 1 2 2 2 2 2 2 2 2 2 2 2 2 2 2 2 2 2 2 2 2 2 2 1 2 2 2 2 2 2 2 2 2 2 2 2 2 2 2 0 2 2 2 2 2 1 0 0 0 2 2 2 0 0 1 2 2 2 2 0 0 2 2 2 0 0 0 0 0 0 0 0 0 0 2 2 2 2 0 0 2 0 0 1 0 0 2 0 2 0 1 0 1 0 0 0 0 0 1 0 2 2 1 

 Inviabilidades: 4 
FO: 70502.219669
Tempo total:21.724
######################## FIM ###################

 ######################## 250 ###################

Vetor de solucoes: 
0 0 0 1 0 1 2 0 0 2 0 0 1 2 0 2 2 0 0 0 1 0 1 1 0 0 0 0 0 0 2 2 0 2 1 0 0 0 0 0 0 0 0 1 0 2 0 0 0 0 0 0 0 0 2 2 2 0 2 0 0 2 2 0 2 2 2 2 2 2 1 0 1 1 2 2 1 0 2 2 2 2 2 2 2 2 2 2 2 2 2 2 2 2 2 2 2 2 2 2 0 2 2 2 2 2 2 2 2 2 2 2 2 2 2 2 1 2 2 2 2 2 0 1 1 1 2 2 2 1 1 0 2 2 2 2 1 1 2 2 2 1 1 1 1 1 1 1 1 1 1 2 2 2 2 1 1 2 1 1 0 1 1 2 1 2 1 0 1 0 1 1 1 1 1 0 1 2 2 0 

 Inviabilidades: 4 
FO: 70502.219669
Tempo total:21.155
######################## FIM ###################

 ######################## 250 ###################

Vetor de solucoes: 
2 1 0 0 2 0 1 2 2 1 2 0 0 1 2 1 1 2 2 1 0 2 2 0 1 2 2 2 1 2 1 1 2 1 2 2 2 2 2 0 2 1 2 0 2 1 2 2 2 2 2 2 2 2 1 1 1 2 1 2 2 1 1 2 1 1 1 1 1 1 0 0 0 1 1 1 0 2 1 2 1 1 1 1 1 1 1 1 1 1 1 1 1 1 1 1 1 1 1 1 2 1 1 1 1 1 1 1 1 1 1 1 1 1 1 1 0 1 1 1 1 1 0 0 0 0 1 1 1 0 0 1 1 1 1 1 0 0 1 1 1 0 2 0 0 0 0 0 0 0 2 1 1 1 1 0 0 1 0 0 2 0 0 1 0 1 0 0 0 0 0 0 0 0 0 2 0 1 1 2 

 Inviabilidades: 5 
FO: 70708.686151
Tempo total:21.794
######################## FIM ###################

 ######################## 250 ###################

Vetor de solucoes: 
1 1 1 0 1 0 2 1 1 2 1 1 0 2 1 2 2 1 1 1 0 1 0 0 1 1 1 1 1 1 2 2 1 2 0 1 1 1 1 1 1 1 1 0 1 2 1 1 1 1 1 1 1 1 2 2 2 1 2 1 1 2 2 1 2 2 2 2 2 2 0 1 0 0 2 2 0 1 2 2 2 2 2 2 2 2 2 2 2 2 2 2 2 2 2 2 2 2 2 2 1 2 2 2 2 2 2 2 2 2 2 2 2 2 2 2 0 2 2 2 2 2 1 0 0 0 2 2 2 0 0 1 2 2 2 2 0 0 2 2 2 0 0 0 0 0 0 0 0 0 0 2 2 2 2 0 0 2 0 0 1 0 0 2 0 2 0 1 0 1 0 0 0 0 0 1 0 2 2 1 

 Inviabilidades: 4 
FO: 70502.219669
Tempo total:21.795
######################## FIM ###################

 ######################## 250 ###################

Vetor de solucoes: 
1 1 1 0 1 0 2 1 1 2 1 1 0 2 1 2 2 1 1 1 0 1 0 0 1 1 1 1 1 1 2 2 1 2 0 1 1 1 1 1 1 1 1 0 1 2 1 1 1 1 1 1 1 1 2 2 2 1 2 1 1 2 2 1 2 2 2 2 2 2 0 1 0 0 2 2 0 1 2 2 2 2 2 2 2 2 2 2 2 2 2 2 2 2 2 2 2 2 2 2 1 2 2 2 2 2 2 2 2 2 2 2 2 2 2 2 0 2 2 2 2 2 1 0 0 0 2 2 2 0 0 1 2 2 2 2 0 0 2 2 2 0 0 0 0 0 0 0 0 0 0 2 2 2 2 0 0 2 0 0 1 0 0 2 0 2 0 1 0 1 0 0 0 0 0 1 0 2 2 1 

 Inviabilidades: 4 
FO: 70502.219669
Tempo total:22.047
######################## FIM ###################

 ######################## 250 ###################

Vetor de solucoes: 
2 2 2 0 2 0 1 2 2 1 2 2 0 1 2 1 1 2 2 2 0 2 0 0 2 2 2 2 2 2 1 1 2 1 0 2 2 2 2 2 2 2 2 0 2 1 2 2 2 2 2 2 2 2 1 1 1 2 1 2 2 1 1 2 1 1 1 1 1 1 0 2 0 0 1 1 0 2 1 1 1 1 1 1 1 1 1 1 1 1 1 1 1 1 1 1 1 1 1 1 2 1 1 1 1 1 1 1 1 1 1 1 1 1 1 1 0 1 1 1 1 1 2 0 0 0 1 1 1 0 0 2 1 1 1 1 0 0 1 1 1 0 0 0 0 0 0 0 0 0 0 1 1 1 1 0 0 1 0 0 2 0 0 1 0 1 0 2 0 2 0 0 0 0 0 2 0 1 1 2 

 Inviabilidades: 4 
FO: 70502.219669
Tempo total:21.257
######################## FIM ###################

 ######################## 250 ###################

Vetor de solucoes: 
2 2 2 0 2 0 1 2 2 1 2 2 0 1 2 1 1 2 2 2 0 2 0 0 2 2 2 2 2 2 1 1 2 1 0 2 2 2 2 2 2 2 2 0 2 1 2 2 2 2 2 2 2 2 1 1 1 2 1 2 2 1 1 2 1 1 1 1 1 1 0 2 0 0 1 1 0 2 1 1 1 1 1 1 1 1 1 1 1 1 1 1 1 1 1 1 1 1 1 1 2 1 1 1 1 1 1 1 1 1 1 1 1 1 1 1 0 1 1 1 1 1 2 0 0 0 1 1 1 0 0 2 1 1 1 1 0 0 1 1 1 0 0 0 0 0 0 0 0 0 0 1 1 1 1 0 0 1 0 0 2 0 0 1 0 1 0 2 0 2 0 0 0 0 0 2 0 1 1 2 

 Inviabilidades: 4 
FO: 70502.219669
Tempo total:20.821
######################## FIM ###################

 ######################## 250 ###################

Vetor de solucoes: 
2 0 1 1 2 1 0 2 2 0 2 1 1 0 2 0 0 2 2 0 1 2 2 1 0 2 2 2 0 2 0 0 2 0 2 2 2 2 2 1 2 0 2 1 2 0 2 2 2 2 2 2 2 2 0 0 0 2 0 2 2 0 0 2 0 0 0 0 0 0 1 1 1 0 0 0 1 2 0 2 0 0 0 0 0 0 0 0 0 0 0 0 0 0 0 0 0 0 0 0 2 0 0 0 0 0 0 0 0 0 0 0 0 0 0 0 1 0 0 0 0 0 1 1 1 1 0 0 0 1 1 0 0 0 0 0 1 1 0 0 0 1 2 1 1 1 1 1 1 1 2 0 0 0 0 1 1 0 1 1 2 1 1 0 1 0 1 1 1 1 1 1 1 1 1 2 1 0 0 2 

 Inviabilidades: 5 
FO: 70708.686151
Tempo total:20.625
######################## FIM ###################

 ######################## 250 ###################

Vetor de solucoes: 
1 0 2 2 1 2 0 1 1 0 1 2 2 0 1 0 0 1 1 0 2 1 1 2 0 1 1 1 0 1 0 0 1 0 1 1 1 1 1 2 1 0 1 2 1 0 1 1 1 1 1 1 1 1 0 0 0 1 0 1 1 0 0 1 0 0 0 0 0 0 2 2 2 0 0 0 2 1 0 1 0 0 0 0 0 0 0 0 0 0 0 0 0 0 0 0 0 0 0 0 1 0 0 0 0 0 0 0 0 0 0 0 0 0 0 0 2 0 0 0 0 0 2 2 2 2 0 0 0 2 2 0 0 0 0 0 2 2 0 0 0 2 1 2 2 2 2 2 2 2 1 0 0 0 0 2 2 0 2 2 1 2 2 0 2 0 2 2 2 2 2 2 2 2 2 1 2 0 0 1 

 Inviabilidades: 5 
FO: 70708.686151
Tempo total:22.867
######################## FIM ###################

 ######################## 250 ###################

Vetor de solucoes: 
1 2 0 0 1 0 2 1 1 2 1 0 0 2 1 2 2 1 1 2 0 1 1 0 2 1 1 1 2 1 2 2 1 2 1 1 1 1 1 0 1 2 1 0 1 2 1 1 1 1 1 1 1 1 2 2 2 1 2 1 1 2 2 1 2 2 2 2 2 2 0 0 0 2 2 2 0 1 2 1 2 2 2 2 2 2 2 2 2 2 2 2 2 2 2 2 2 2 2 2 1 2 2 2 2 2 2 2 2 2 2 2 2 2 2 2 0 2 2 2 2 2 0 0 0 0 2 2 2 0 0 2 2 2 2 2 0 0 2 2 2 0 1 0 0 0 0 0 0 0 1 2 2 2 2 0 0 2 0 0 1 0 0 2 0 2 0 0 0 0 0 0 0 0 0 1 0 2 2 1 

 Inviabilidades: 5 
FO: 70708.686151
Tempo total:21.804
######################## FIM ###################

 ######################## 250 ###################

Vetor de solucoes: 
0 1 2 2 0 2 1 0 0 1 0 2 2 1 0 1 1 0 0 1 2 0 0 2 1 0 0 0 1 0 1 1 0 1 0 0 0 0 0 2 0 1 0 2 0 1 0 0 0 0 0 0 0 0 1 1 1 0 1 0 0 1 1 0 1 1 1 1 1 1 2 2 2 1 1 1 2 0 1 0 1 1 1 1 1 1 1 1 1 1 1 1 1 1 1 1 1 1 1 1 0 1 1 1 1 1 1 1 1 1 1 1 1 1 1 1 2 1 1 1 1 1 2 2 2 2 1 1 1 2 2 1 1 1 1 1 2 2 1 1 1 2 0 2 2 2 2 2 2 2 0 1 1 1 1 2 2 1 2 2 0 2 2 1 2 1 2 2 2 2 2 2 2 2 2 0 2 1 1 0 

 Inviabilidades: 5 
FO: 70708.686151
Tempo total:21.004
######################## FIM ###################

 ######################## 250 ###################

Vetor de solucoes: 
2 2 2 0 2 0 1 2 2 2 2 2 0 1 2 1 1 2 2 2 0 2 0 0 2 2 2 0 1 0 1 1 0 1 0 2 2 2 2 2 2 0 2 2 2 1 2 2 2 2 2 2 2 2 1 1 1 2 1 0 2 1 1 2 1 2 1 1 2 1 0 0 0 0 1 1 0 2 1 2 1 1 1 1 1 1 1 1 2 1 1 1 2 1 1 1 1 1 1 1 0 1 1 1 1 1 1 1 2 1 1 1 1 2 1 1 0 1 1 1 1 1 0 1 0 0 2 1 1 0 2 2 1 1 1 1 0 2 1 2 2 0 2 0 0 0 0 0 0 0 0 2 1 2 1 0 0 1 2 0 2 0 0 0 0 1 0 2 0 2 0 0 0 0 0 2 0 2 1 2 

 Inviabilidades: 5 
FO: 73000.481576
Tempo total:20.982
######################## FIM ###################

 ######################## 250 ###################

Vetor de solucoes: 
0 0 0 1 0 1 2 0 0 2 0 0 1 2 0 2 2 0 0 0 1 0 1 1 0 0 0 0 0 0 2 2 0 2 1 0 0 0 0 0 0 0 0 1 0 2 0 0 0 0 0 0 0 0 2 2 2 0 2 0 0 2 2 0 2 2 2 2 2 2 1 0 1 1 2 2 1 0 2 2 2 2 2 2 2 2 2 2 2 2 2 2 2 2 2 2 2 2 2 2 0 2 2 2 2 2 2 2 2 2 2 2 2 2 2 2 1 2 2 2 2 2 0 1 1 1 2 2 2 1 1 0 2 2 2 2 1 1 2 2 2 1 1 1 1 1 1 1 1 1 1 2 2 2 2 1 1 2 1 1 0 1 1 2 1 2 1 0 1 0 1 1 1 1 1 0 1 2 2 0 

 Inviabilidades: 4 
FO: 70502.219669
Tempo total:20.675
######################## FIM ###################

 ######################## 250 ###################

Vetor de solucoes: 
1 1 1 0 1 1 2 1 1 2 1 1 0 2 1 2 2 1 1 2 0 0 0 1 0 1 1 1 2 0 2 2 1 2 1 1 1 1 1 1 2 0 1 1 0 2 1 1 1 1 1 1 1 1 2 2 2 1 2 1 1 2 2 1 2 2 2 2 2 0 0 1 0 0 2 2 0 1 2 1 2 2 2 2 2 2 2 2 2 2 2 2 2 2 2 2 2 2 2 2 0 0 2 2 2 2 2 2 2 2 2 2 2 2 2 2 0 2 2 2 2 2 1 1 0 1 2 2 2 1 1 2 2 2 2 2 1 1 2 2 2 2 1 1 0 0 0 0 1 1 1 2 2 1 2 1 1 2 1 0 1 0 0 2 0 1 1 1 1 1 0 0 1 1 0 1 1 2 2 0 

 Inviabilidades: 7 
FO: 73282.888349
Tempo total:22.629
######################## FIM ###################

 ######################## 250 ###################

Vetor de solucoes: 
0 0 0 1 0 1 2 0 0 2 0 0 1 2 0 2 2 0 0 0 1 0 1 1 0 0 0 0 0 0 2 2 0 2 1 0 0 0 0 0 0 0 0 1 0 2 0 0 0 0 0 0 0 0 2 2 2 0 2 0 0 2 2 0 2 2 2 2 2 2 1 0 1 1 2 2 1 0 2 2 2 2 2 2 2 2 2 2 2 2 2 2 2 2 2 2 2 2 2 2 0 2 2 2 2 2 2 2 2 2 2 2 2 2 2 2 1 2 2 2 2 2 0 1 1 1 2 2 2 1 1 0 2 2 2 2 1 1 2 2 2 1 1 1 1 1 1 1 1 1 1 2 2 2 2 1 1 2 1 1 0 1 1 2 1 2 1 0 1 0 1 1 1 1 1 0 1 2 2 0 

 Inviabilidades: 4 
FO: 70502.219669
Tempo total:20.772
######################## FIM ###################

 ######################## 250 ###################

Vetor de solucoes: 
2 0 1 1 2 1 0 2 2 0 2 1 1 0 2 0 0 2 2 0 1 2 2 1 0 2 2 2 0 2 0 0 2 0 2 2 2 2 2 1 2 0 2 1 2 0 2 2 2 2 2 2 2 2 0 0 0 2 0 2 2 0 0 2 0 0 0 0 0 0 1 1 1 0 0 0 1 2 0 2 0 0 0 0 0 0 0 0 0 0 0 0 0 0 0 0 0 0 0 0 2 0 0 0 0 0 0 0 0 0 0 0 0 0 0 0 1 0 0 0 0 0 1 1 1 1 0 0 0 1 1 0 0 0 0 0 1 1 0 0 0 1 2 1 1 1 1 1 1 1 2 0 0 0 0 1 1 0 1 1 2 1 1 0 1 0 1 1 1 1 1 1 1 1 1 2 1 0 0 2 

 Inviabilidades: 5 
FO: 70708.686151
Tempo total:20.853
######################## FIM ###################
