
######################## 500 ###################

Vetor de solucoes: 
2 2 2 0 2 0 1 0 2 1 0 0 0 1 2 1 1 2 2 1 0 0 0 0 0 2 2 0 1 2 1 1 2 1 2 2 2 2 2 2 2 0 2 2 2 1 2 2 2 2 2 2 2 2 1 1 1 2 1 2 2 1 1 2 1 1 1 1 1 1 0 0 0 0 1 1 0 2 1 1 1 1 1 1 1 1 1 1 1 1 1 1 1 1 1 1 1 1 1 1 0 1 1 1 1 1 1 1 1 1 1 1 1 1 1 1 0 1 1 1 1 1 0 0 0 0 1 1 1 0 0 1 1 1 1 1 0 0 1 1 1 0 0 0 0 0 0 0 0 0 0 1 1 1 1 0 0 1 0 0 2 0 0 1 0 1 0 2 0 0 0 0 0 0 0 0 0 1 1 2 

 Inviabilidades: 1 
FO: 70128.855318
Tempo total:25.049
######################## FIM ###################

######################## 500 ###################

Vetor de solucoes: 
0 0 0 1 0 1 2 1 0 2 0 0 1 2 0 2 2 0 0 2 1 1 1 1 1 0 0 1 2 0 2 2 1 2 0 0 0 0 0 0 0 1 0 0 0 2 0 0 0 0 0 0 0 0 2 2 2 0 2 0 0 2 2 0 2 2 2 2 2 2 1 1 1 1 2 2 1 0 2 2 2 2 2 2 2 2 2 2 2 2 2 2 2 2 2 2 2 2 2 2 1 2 2 2 2 2 2 2 2 2 2 2 2 2 2 2 1 2 2 2 2 2 1 1 1 1 2 2 2 1 1 2 2 2 2 2 1 1 2 2 2 1 1 1 1 1 1 1 1 1 1 2 2 2 2 1 1 2 1 1 0 1 1 2 1 2 0 0 1 0 1 1 1 1 1 1 0 2 2 0 

 Inviabilidades: 0 
FO: 70450.493687
Tempo total:27.372
######################## FIM ###################

######################## 500 ###################

Vetor de solucoes: 
1 1 1 0 1 0 2 1 1 2 1 1 0 2 1 2 2 1 1 2 0 0 0 0 0 1 1 0 2 1 2 2 1 2 1 1 1 1 1 1 1 0 1 1 1 2 1 1 1 1 1 1 1 1 2 2 2 1 2 1 1 2 2 1 2 2 2 2 2 2 0 0 0 0 2 2 0 1 2 2 2 2 2 2 2 2 2 2 2 2 2 2 2 2 2 2 2 2 2 2 0 2 2 2 2 2 2 2 2 2 2 2 2 2 2 2 0 2 2 2 2 2 0 0 0 0 2 2 2 0 0 2 2 2 2 2 0 0 2 2 2 0 0 0 0 0 0 0 0 0 0 2 2 2 2 0 0 2 0 0 1 0 0 2 0 2 1 1 0 1 0 0 0 0 0 0 0 2 2 1 

 Inviabilidades: 0 
FO: 70191.266238
Tempo total:25.161
######################## FIM ###################
