
 ######################## 500 ###################

Vetor de solucoes: 
2 2 2 0 2 0 1 0 2 1 0 0 0 1 2 1 1 2 2 1 0 0 0 0 0 2 2 0 1 2 1 1 2 1 2 2 2 2 2 2 2 0 2 2 2 1 2 2 2 2 2 2 2 2 1 1 1 2 1 2 2 1 1 2 1 1 1 1 1 1 0 0 0 0 1 1 0 2 1 1 1 1 1 1 1 1 1 1 1 1 1 1 1 1 1 1 1 1 1 1 0 1 1 1 1 1 1 1 1 1 1 1 1 1 1 1 0 1 1 1 1 1 0 0 0 0 1 1 1 0 0 1 1 1 1 1 0 0 1 1 1 0 0 0 0 0 0 0 0 0 0 1 1 1 1 0 0 1 0 0 2 0 0 1 0 1 0 2 0 0 0 0 0 0 0 0 0 1 1 2 

 Inviabilidades: 1 
FO: 70128.855318
Tempo total:25.049
######################## FIM ###################

 ######################## 500 ###################

Vetor de solucoes: 
0 0 0 1 0 1 2 1 0 2 0 0 1 2 0 2 2 0 0 2 1 1 1 1 1 0 0 1 2 0 2 2 1 2 0 0 0 0 0 0 0 1 0 0 0 2 0 0 0 0 0 0 0 0 2 2 2 0 2 0 0 2 2 0 2 2 2 2 2 2 1 1 1 1 2 2 1 0 2 2 2 2 2 2 2 2 2 2 2 2 2 2 2 2 2 2 2 2 2 2 1 2 2 2 2 2 2 2 2 2 2 2 2 2 2 2 1 2 2 2 2 2 1 1 1 1 2 2 2 1 1 2 2 2 2 2 1 1 2 2 2 1 1 1 1 1 1 1 1 1 1 2 2 2 2 1 1 2 1 1 0 1 1 2 1 2 0 0 1 0 1 1 1 1 1 1 0 2 2 0 

 Inviabilidades: 0 
FO: 70450.493687
Tempo total:27.372
######################## FIM ###################

 ######################## 500 ###################

Vetor de solucoes: 
1 1 1 0 1 0 2 1 1 2 1 1 0 2 1 2 2 1 1 2 0 0 0 0 0 1 1 0 2 1 2 2 1 2 1 1 1 1 1 1 1 0 1 1 1 2 1 1 1 1 1 1 1 1 2 2 2 1 2 1 1 2 2 1 2 2 2 2 2 2 0 0 0 0 2 2 0 1 2 2 2 2 2 2 2 2 2 2 2 2 2 2 2 2 2 2 2 2 2 2 0 2 2 2 2 2 2 2 2 2 2 2 2 2 2 2 0 2 2 2 2 2 0 0 0 0 2 2 2 0 0 2 2 2 2 2 0 0 2 2 2 0 0 0 0 0 0 0 0 0 0 2 2 2 2 0 0 2 0 0 1 0 0 2 0 2 1 1 0 1 0 0 0 0 0 0 0 2 2 1 

 Inviabilidades: 0 
FO: 70191.266238
Tempo total:25.161
######################## FIM ###################

 ######################## 500 ###################

Vetor de solucoes: 
0 0 0 2 0 2 1 0 0 1 2 0 2 1 0 1 1 0 0 1 2 2 2 2 2 0 0 2 1 0 1 1 0 1 0 0 0 0 0 0 0 2 0 0 0 1 0 0 0 0 0 0 0 0 1 1 1 0 1 0 0 1 1 0 1 1 1 1 1 1 2 2 2 2 1 1 2 0 1 1 1 1 1 1 1 1 1 1 1 1 1 1 1 1 1 1 1 1 1 1 2 1 1 1 1 1 1 1 1 1 1 1 1 1 1 1 2 1 1 1 1 1 2 2 2 2 1 1 1 2 2 1 1 1 1 1 2 2 1 1 1 2 2 2 2 2 2 2 2 2 2 1 1 1 1 2 2 1 2 2 0 2 2 1 2 1 0 0 2 0 2 2 2 2 2 2 2 1 1 0 

 Inviabilidades: 0 
FO: 70237.147364
Tempo total:27.460
######################## FIM ###################

 ######################## 500 ###################

Vetor de solucoes: 
0 0 0 1 0 1 2 1 0 2 0 1 1 2 0 2 2 0 0 2 1 1 1 1 1 0 0 1 2 0 2 2 0 2 0 0 0 0 0 0 0 1 0 0 0 2 0 0 0 0 0 0 0 0 2 2 2 0 2 0 0 2 2 0 2 2 2 2 2 2 1 1 1 1 2 2 1 0 2 2 2 2 2 2 2 2 2 2 2 2 2 2 2 2 2 2 2 2 2 2 1 2 2 2 2 2 2 2 2 2 2 2 2 2 2 2 1 2 2 2 2 2 1 1 1 1 2 2 2 1 1 2 2 2 2 2 1 1 2 2 2 1 1 1 1 1 1 1 1 1 1 2 2 2 2 1 1 2 1 1 0 1 1 2 1 2 1 0 1 0 1 1 1 1 1 1 1 2 2 0 

 Inviabilidades: 1 
FO: 70138.459665
Tempo total:27.554
######################## FIM ###################

 ######################## 500 ###################

Vetor de solucoes: 
1 1 1 2 1 2 0 1 1 0 2 1 2 0 1 0 0 1 1 0 2 2 2 2 2 1 1 2 0 1 0 0 1 0 1 1 1 1 1 1 1 2 1 1 1 0 1 1 1 1 1 1 1 1 0 0 0 1 0 1 1 0 0 1 0 0 0 0 0 0 2 2 2 2 0 0 2 1 0 0 0 0 0 0 0 0 0 0 0 0 0 0 0 0 0 0 0 0 0 0 2 0 0 0 0 0 0 0 0 0 0 0 0 0 0 0 2 0 0 0 0 0 2 2 2 2 0 0 0 2 2 0 0 0 0 0 2 2 0 0 0 2 2 2 2 2 2 2 2 2 2 0 0 0 0 2 2 0 2 2 1 2 2 0 2 0 1 1 2 1 2 2 2 2 2 2 2 0 0 1 

 Inviabilidades: 0 
FO: 70237.147364
Tempo total:26.876
######################## FIM ###################

 ######################## 500 ###################

Vetor de solucoes: 
2 2 2 0 2 0 1 0 2 1 0 0 0 1 2 1 1 2 2 1 0 0 0 0 0 2 2 0 1 2 1 1 2 1 2 2 2 2 2 2 2 0 2 2 2 1 2 2 2 2 2 2 2 2 1 1 1 2 1 2 2 1 1 2 1 1 1 1 1 1 0 0 0 0 1 1 0 2 1 1 1 1 1 1 1 1 1 1 1 1 1 1 1 1 1 1 1 1 1 1 0 1 1 1 1 1 1 1 1 1 1 1 1 1 1 1 0 1 1 1 1 1 0 0 0 0 1 1 1 0 0 1 1 1 1 1 0 0 1 1 1 0 0 0 0 0 0 0 0 0 0 1 1 1 1 0 0 1 0 0 2 0 0 1 0 1 0 2 0 0 0 0 0 0 0 0 0 1 1 2 

 Inviabilidades: 1 
FO: 70128.855318
Tempo total:27.392
######################## FIM ###################

 ######################## 500 ###################

Vetor de solucoes: 
2 2 2 1 2 1 0 2 2 0 1 2 1 0 2 0 0 2 2 0 1 1 1 1 1 2 2 1 0 2 0 0 2 0 2 2 2 2 2 2 2 1 2 2 2 0 2 2 2 2 2 2 2 2 0 0 0 2 0 2 2 0 0 2 0 0 0 0 0 0 1 1 1 1 0 0 1 2 0 0 0 0 0 0 0 0 0 0 0 0 0 0 0 0 0 0 0 0 0 0 1 0 0 0 0 0 0 0 0 0 0 0 0 0 0 0 1 0 0 0 0 0 1 1 1 1 0 0 0 1 1 0 0 0 0 0 1 1 0 0 0 1 1 1 1 1 1 1 1 1 1 0 0 0 0 1 1 0 1 1 2 1 1 0 1 0 2 2 1 2 1 1 1 1 1 1 1 0 0 2 

 Inviabilidades: 0 
FO: 70237.147364
Tempo total:27.231
######################## FIM ###################

 ######################## 500 ###################

Vetor de solucoes: 
2 2 2 0 2 0 1 2 2 1 0 2 0 1 2 1 1 2 2 1 0 0 0 0 0 2 2 0 1 2 1 1 2 1 2 2 2 2 2 2 2 0 2 2 2 1 2 2 2 2 2 2 2 2 1 1 1 2 1 2 2 1 1 2 1 1 1 1 1 1 0 0 0 0 1 1 0 2 1 1 1 1 1 1 1 1 1 1 1 1 1 1 1 1 1 1 1 1 1 1 0 1 1 1 1 1 1 1 1 1 1 1 1 1 1 1 0 1 1 1 1 1 0 0 0 0 1 1 1 0 0 1 1 1 1 1 0 0 1 1 1 0 0 0 0 0 0 0 0 0 0 1 1 1 1 0 0 1 0 0 2 0 0 1 0 1 2 2 0 2 0 0 0 0 0 0 0 1 1 2 

 Inviabilidades: 0 
FO: 70237.147364
Tempo total:26.663
######################## FIM ###################

 ######################## 500 ###################

Vetor de solucoes: 
1 1 1 0 1 0 2 0 1 2 1 1 0 2 1 2 2 1 1 2 0 0 0 0 0 1 1 0 2 1 2 2 0 2 1 1 1 1 1 1 1 0 1 1 1 2 1 1 1 1 1 1 1 1 2 2 2 1 2 1 1 2 2 1 2 2 2 2 2 2 0 0 0 0 2 2 0 1 2 2 2 2 2 2 2 2 2 2 2 2 2 2 2 2 2 2 2 2 2 2 0 2 2 2 2 2 2 2 2 2 2 2 2 2 2 2 0 2 2 2 2 2 0 0 0 0 2 2 2 0 0 2 2 2 2 2 0 0 2 2 2 0 0 0 0 0 0 0 0 0 0 2 2 2 2 0 0 2 0 0 1 0 0 2 0 2 1 1 0 1 0 0 0 0 0 0 1 2 2 1 

 Inviabilidades: 0 
FO: 70450.493687
Tempo total:25.191
######################## FIM ###################

 ######################## 500 ###################

Vetor de solucoes: 
1 1 1 0 1 0 2 0 1 2 0 0 0 2 1 2 2 1 1 2 0 0 0 0 0 1 1 0 2 1 2 2 1 2 1 1 1 1 1 1 1 0 1 1 1 2 1 1 1 1 1 1 1 1 2 2 2 1 2 1 1 2 2 1 2 2 2 2 2 2 0 0 0 0 2 2 0 1 2 2 2 2 2 2 2 2 2 2 2 2 2 2 2 2 2 2 2 2 2 2 0 2 2 2 2 2 2 2 2 2 2 2 2 2 2 2 0 2 2 2 2 2 0 0 0 0 2 2 2 0 0 2 2 2 2 2 0 0 2 2 2 0 0 0 0 0 0 0 0 0 0 2 2 2 2 0 0 2 0 0 1 0 0 2 0 2 0 1 0 0 0 0 0 0 0 0 0 2 2 1 

 Inviabilidades: 1 
FO: 70128.855318
Tempo total:27.592
######################## FIM ###################

 ######################## 500 ###################

Vetor de solucoes: 
2 2 2 1 2 1 0 2 2 0 2 1 1 0 2 0 0 2 2 0 1 1 1 1 1 2 2 1 0 2 0 0 2 0 2 2 2 2 2 2 2 1 2 2 2 0 2 2 2 2 2 2 2 2 0 0 0 2 0 2 2 0 0 2 0 0 0 0 0 0 1 1 1 1 0 0 1 2 0 0 0 0 0 0 0 0 0 0 0 0 0 0 0 0 0 0 0 0 0 0 1 0 0 0 0 0 0 0 0 0 0 0 0 0 0 0 1 0 0 0 0 0 1 1 1 1 0 0 0 1 1 0 0 0 0 0 1 1 0 0 0 1 1 1 1 1 1 1 1 1 1 0 0 0 0 1 1 0 1 1 2 1 1 0 1 0 1 2 1 2 1 1 1 1 1 1 1 0 0 2 

 Inviabilidades: 1 
FO: 70100.851964
Tempo total:28.401
######################## FIM ###################

 ######################## 500 ###################

Vetor de solucoes: 
1 1 1 0 1 0 2 1 1 2 0 1 0 2 1 2 2 1 1 2 0 0 0 0 0 1 1 0 2 1 2 2 1 2 1 1 1 1 1 1 1 0 1 1 1 2 1 1 1 1 1 1 1 1 2 2 2 1 2 1 1 2 2 1 2 2 2 2 2 2 0 0 0 0 2 2 0 1 2 2 2 2 2 2 2 2 2 2 2 2 2 2 2 2 2 2 2 2 2 2 0 2 2 2 2 2 2 2 2 2 2 2 2 2 2 2 0 2 2 2 2 2 0 0 0 0 2 2 2 0 0 2 2 2 2 2 0 0 2 2 2 0 0 0 0 0 0 0 0 0 0 2 2 2 2 0 0 2 0 0 1 0 0 2 0 2 1 1 0 1 0 0 0 0 0 0 0 2 2 1 

 Inviabilidades: 0 
FO: 70237.147364
Tempo total:28.569
######################## FIM ###################

 ######################## 500 ###################

Vetor de solucoes: 
2 2 2 1 2 1 0 1 2 0 1 1 1 0 2 0 0 2 2 0 1 1 1 1 1 2 2 1 0 2 0 0 2 0 2 2 2 2 2 2 2 1 2 2 2 0 2 2 2 2 2 2 2 2 0 0 0 2 0 2 2 0 0 2 0 0 0 0 0 0 1 1 1 1 0 0 1 2 0 0 0 0 0 0 0 0 0 0 0 0 0 0 0 0 0 0 0 0 0 0 1 0 0 0 0 0 0 0 0 0 0 0 0 0 0 0 1 0 0 0 0 0 1 1 1 1 0 0 0 1 1 0 0 0 0 0 1 1 0 0 0 1 1 1 1 1 1 1 1 1 1 0 0 0 0 1 1 0 1 1 2 1 1 0 1 0 1 2 1 1 1 1 1 1 1 1 1 0 0 2 

 Inviabilidades: 1 
FO: 70128.855318
Tempo total:27.014
######################## FIM ###################

 ######################## 500 ###################

Vetor de solucoes: 
2 2 2 0 2 0 1 2 2 1 2 2 0 1 2 1 1 2 2 1 0 0 0 0 0 2 2 0 1 2 1 1 2 1 2 2 2 2 2 2 2 0 2 2 2 1 2 2 2 2 2 2 2 2 1 1 1 2 1 2 2 1 1 2 1 1 1 1 1 1 0 0 0 0 1 1 0 2 1 1 1 1 1 1 1 1 1 1 1 1 1 1 1 1 1 1 1 1 1 1 0 1 1 1 1 1 1 1 1 1 1 1 1 1 1 1 0 1 1 1 1 1 0 0 0 0 1 1 1 0 0 1 1 1 1 1 0 0 1 1 1 0 0 0 0 0 0 0 0 0 0 1 1 1 1 0 0 1 0 0 2 0 0 1 0 1 2 2 0 2 0 0 0 0 0 0 0 1 1 2 

 Inviabilidades: 0 
FO: 70191.266238
Tempo total:26.324
######################## FIM ###################

 ######################## 500 ###################

Vetor de solucoes: 
0 0 0 1 0 1 2 1 0 2 1 1 1 2 0 2 2 0 0 2 1 1 1 1 1 0 0 1 2 0 2 2 0 2 0 0 0 0 0 0 0 1 0 0 0 2 0 0 0 0 0 0 0 0 2 2 2 0 2 0 0 2 2 0 2 2 2 2 2 2 1 1 1 1 2 2 1 0 2 2 2 2 2 2 2 2 2 2 2 2 2 2 2 2 2 2 2 2 2 2 1 2 2 2 2 2 2 2 2 2 2 2 2 2 2 2 1 2 2 2 2 2 1 1 1 1 2 2 2 1 1 2 2 2 2 2 1 1 2 2 2 1 1 1 1 1 1 1 1 1 1 2 2 2 2 1 1 2 1 1 0 1 1 2 1 2 1 0 1 1 1 1 1 1 1 1 1 2 2 0 

 Inviabilidades: 1 
FO: 70128.855318
Tempo total:26.990
######################## FIM ###################

 ######################## 500 ###################

Vetor de solucoes: 
2 2 2 0 2 0 1 2 2 1 0 2 0 1 2 1 1 2 2 1 0 0 0 0 0 2 2 0 1 2 1 1 2 1 2 2 2 2 2 2 2 0 2 2 2 1 2 2 2 2 2 2 2 2 1 1 1 2 1 2 2 1 1 2 1 1 1 1 1 1 0 0 0 0 1 1 0 2 1 1 1 1 1 1 1 1 1 1 1 1 1 1 1 1 1 1 1 1 1 1 0 1 1 1 1 1 1 1 1 1 1 1 1 1 1 1 0 1 1 1 1 1 0 0 0 0 1 1 1 0 0 1 1 1 1 1 0 0 1 1 1 0 0 0 0 0 0 0 0 0 0 1 1 1 1 0 0 1 0 0 2 0 0 1 0 1 2 2 0 2 0 0 0 0 0 0 0 1 1 2 

 Inviabilidades: 0 
FO: 70237.147364
Tempo total:27.481
######################## FIM ###################

 ######################## 500 ###################

Vetor de solucoes: 
0 0 0 1 0 1 2 1 0 2 1 1 1 2 0 2 2 0 0 2 1 1 1 1 1 0 0 1 2 0 2 2 0 2 0 0 0 0 0 0 0 1 0 0 0 2 0 0 0 0 0 0 0 0 2 2 2 0 2 0 0 2 2 0 2 2 2 2 2 2 1 1 1 1 2 2 1 0 2 2 2 2 2 2 2 2 2 2 2 2 2 2 2 2 2 2 2 2 2 2 1 2 2 2 2 2 2 2 2 2 2 2 2 2 2 2 1 2 2 2 2 2 1 1 1 1 2 2 2 1 1 2 2 2 2 2 1 1 2 2 2 1 1 1 1 1 1 1 1 1 1 2 2 2 2 1 1 2 1 1 0 1 1 2 1 2 1 0 1 1 1 1 1 1 1 1 1 2 2 0 

 Inviabilidades: 1 
FO: 70128.855318
Tempo total:27.277
######################## FIM ###################

 ######################## 500 ###################

Vetor de solucoes: 
2 2 2 1 2 1 0 1 2 0 2 2 1 0 2 0 0 2 2 0 1 1 1 1 1 2 2 1 0 2 0 0 1 0 2 2 2 2 2 2 2 1 2 2 2 0 2 2 2 2 2 2 2 2 0 0 0 2 0 2 2 0 0 2 0 0 0 0 0 0 1 1 1 1 0 0 1 2 0 0 0 0 0 0 0 0 0 0 0 0 0 0 0 0 0 0 0 0 0 0 1 0 0 0 0 0 0 0 0 0 0 0 0 0 0 0 1 0 0 0 0 0 1 1 1 1 0 0 0 1 1 0 0 0 0 0 1 1 0 0 0 1 1 1 1 1 1 1 1 1 1 0 0 0 0 1 1 0 1 1 2 1 1 0 1 0 2 2 1 2 1 1 1 1 1 1 2 0 0 2 

 Inviabilidades: 0 
FO: 70450.493687
Tempo total:27.262
######################## FIM ###################

 ######################## 500 ###################

Vetor de solucoes: 
2 2 2 1 2 1 0 2 2 0 2 1 1 0 2 0 0 2 2 0 1 1 1 1 1 2 2 1 0 2 0 0 2 0 2 2 2 2 2 2 2 1 2 2 2 0 2 2 2 2 2 2 2 2 0 0 0 2 0 2 2 0 0 2 0 0 0 0 0 0 1 1 1 1 0 0 1 2 0 0 0 0 0 0 0 0 0 0 0 0 0 0 0 0 0 0 0 0 0 0 1 0 0 0 0 0 0 0 0 0 0 0 0 0 0 0 1 0 0 0 0 0 1 1 1 1 0 0 0 1 1 0 0 0 0 0 1 1 0 0 0 1 1 1 1 1 1 1 1 1 1 0 0 0 0 1 1 0 1 1 2 1 1 0 1 0 1 2 1 2 1 1 1 1 1 1 1 0 0 2 

 Inviabilidades: 1 
FO: 70100.851964
Tempo total:26.487
######################## FIM ###################

 ######################## 500 ###################

Vetor de solucoes: 
2 2 2 0 2 0 1 0 2 1 0 0 0 1 2 1 1 2 2 1 0 0 0 0 0 2 2 0 1 2 1 1 2 1 2 2 2 2 2 2 2 0 2 2 2 1 2 2 2 2 2 2 2 2 1 1 1 2 1 2 2 1 1 2 1 1 1 1 1 1 0 0 0 0 1 1 0 2 1 1 1 1 1 1 1 1 1 1 1 1 1 1 1 1 1 1 1 1 1 1 0 1 1 1 1 1 1 1 1 1 1 1 1 1 1 1 0 1 1 1 1 1 0 0 0 0 1 1 1 0 0 1 1 1 1 1 0 0 1 1 1 0 0 0 0 0 0 0 0 0 0 1 1 1 1 0 0 1 0 0 2 0 0 1 0 1 0 2 0 0 0 0 0 0 0 0 0 1 1 2 

 Inviabilidades: 1 
FO: 70128.855318
Tempo total:27.310
######################## FIM ###################

 ######################## 500 ###################

Vetor de solucoes: 
2 2 2 1 2 1 0 2 2 0 1 2 1 0 2 0 0 2 2 0 1 1 1 1 1 2 2 1 0 2 0 0 2 0 2 2 2 2 2 2 2 1 2 2 2 0 2 2 2 2 2 2 2 2 0 0 0 2 0 2 2 0 0 2 0 0 0 0 0 0 1 1 1 1 0 0 1 2 0 0 0 0 0 0 0 0 0 0 0 0 0 0 0 0 0 0 0 0 0 0 1 0 0 0 0 0 0 0 0 0 0 0 0 0 0 0 1 0 0 0 0 0 1 1 1 1 0 0 0 1 1 0 0 0 0 0 1 1 0 0 0 1 1 1 1 1 1 1 1 1 1 0 0 0 0 1 1 0 1 1 2 1 1 0 1 0 2 2 1 2 1 1 1 1 1 1 1 0 0 2 

 Inviabilidades: 0 
FO: 70237.147364
Tempo total:27.422
######################## FIM ###################

 ######################## 500 ###################

Vetor de solucoes: 
0 0 0 1 0 1 2 0 0 2 1 0 1 2 0 2 2 0 0 2 1 1 1 1 1 0 0 1 2 0 2 2 0 2 0 0 0 0 0 0 0 1 0 0 0 2 0 0 0 0 0 0 0 0 2 2 2 0 2 0 0 2 2 0 2 2 2 2 2 2 1 1 1 1 2 2 1 0 2 2 2 2 2 2 2 2 2 2 2 2 2 2 2 2 2 2 2 2 2 2 1 2 2 2 2 2 2 2 2 2 2 2 2 2 2 2 1 2 2 2 2 2 1 1 1 1 2 2 2 1 1 2 2 2 2 2 1 1 2 2 2 1 1 1 1 1 1 1 1 1 1 2 2 2 2 1 1 2 1 1 0 1 1 2 1 2 0 0 1 0 1 1 1 1 1 1 1 2 2 0 

 Inviabilidades: 0 
FO: 70237.147364
Tempo total:26.228
######################## FIM ###################

 ######################## 500 ###################

Vetor de solucoes: 
1 1 1 2 1 2 0 2 1 0 1 1 2 0 1 0 0 1 1 0 2 2 2 2 2 1 1 2 0 1 0 0 2 0 1 1 1 1 1 1 1 2 1 1 1 0 1 1 1 1 1 1 1 1 0 0 0 1 0 1 1 0 0 1 0 0 0 0 0 0 2 2 2 2 0 0 2 1 0 0 0 0 0 0 0 0 0 0 0 0 0 0 0 0 0 0 0 0 0 0 2 0 0 0 0 0 0 0 0 0 0 0 0 0 0 0 2 0 0 0 0 0 2 2 2 2 0 0 0 2 2 0 0 0 0 0 2 2 0 0 0 2 2 2 2 2 2 2 2 2 2 0 0 0 0 2 2 0 2 2 1 2 2 0 2 0 1 1 2 1 2 2 2 2 2 2 1 0 0 1 

 Inviabilidades: 0 
FO: 70450.493687
Tempo total:26.847
######################## FIM ###################

 ######################## 500 ###################

Vetor de solucoes: 
0 0 0 2 0 2 1 2 0 1 2 2 2 1 0 1 1 0 0 1 2 2 2 2 2 0 0 2 1 0 1 1 0 1 0 0 0 0 0 0 0 2 0 0 0 1 0 0 0 0 0 0 0 0 1 1 1 0 1 0 0 1 1 0 1 1 1 1 1 1 2 2 2 2 1 1 2 0 1 1 1 1 1 1 1 1 1 1 1 1 1 1 1 1 1 1 1 1 1 1 2 1 1 1 1 1 1 1 1 1 1 1 1 1 1 1 2 1 1 1 1 1 2 2 2 2 1 1 1 2 2 1 1 1 1 1 2 2 1 1 1 2 2 2 2 2 2 2 2 2 2 1 1 1 1 2 2 1 2 2 0 2 2 1 2 1 2 0 2 2 2 2 2 2 2 2 2 1 1 0 

 Inviabilidades: 1 
FO: 70128.855318
Tempo total:26.533
######################## FIM ###################

 ######################## 500 ###################

Vetor de solucoes: 
0 0 0 2 0 2 1 2 0 1 0 0 2 1 0 1 1 0 0 1 2 2 2 2 2 0 0 2 1 0 1 1 2 1 0 0 0 0 0 0 0 2 0 0 0 1 0 0 0 0 0 0 0 0 1 1 1 0 1 0 0 1 1 0 1 1 1 1 1 1 2 2 2 2 1 1 2 0 1 1 1 1 1 1 1 1 1 1 1 1 1 1 1 1 1 1 1 1 1 1 2 1 1 1 1 1 1 1 1 1 1 1 1 1 1 1 2 1 1 1 1 1 2 2 2 2 1 1 1 2 2 1 1 1 1 1 2 2 1 1 1 2 2 2 2 2 2 2 2 2 2 1 1 1 1 2 2 1 2 2 0 2 2 1 2 1 0 0 2 0 2 2 2 2 2 2 0 1 1 0 

 Inviabilidades: 0 
FO: 70450.493687
Tempo total:25.180
######################## FIM ###################

 ######################## 500 ###################

Vetor de solucoes: 
1 1 1 2 1 2 0 2 1 0 1 1 2 0 1 0 0 1 1 0 2 2 2 2 2 1 1 2 0 1 0 0 2 0 1 1 1 1 1 1 1 2 1 1 1 0 1 1 1 1 1 1 1 1 0 0 0 1 0 1 1 0 0 1 0 0 0 0 0 0 2 2 2 2 0 0 2 1 0 0 0 0 0 0 0 0 0 0 0 0 0 0 0 0 0 0 0 0 0 0 2 0 0 0 0 0 0 0 0 0 0 0 0 0 0 0 2 0 0 0 0 0 2 2 2 2 0 0 0 2 2 0 0 0 0 0 2 2 0 0 0 2 2 2 2 2 2 2 2 2 2 0 0 0 0 2 2 0 2 2 1 2 2 0 2 0 1 1 2 1 2 2 2 2 2 2 1 0 0 1 

 Inviabilidades: 0 
FO: 70450.493687
Tempo total:25.850
######################## FIM ###################

 ######################## 500 ###################

Vetor de solucoes: 
1 1 1 2 1 2 0 2 1 0 2 2 2 0 1 0 0 1 1 0 2 2 2 2 2 1 1 2 0 1 0 0 1 0 1 1 1 1 1 1 1 2 1 1 1 0 1 1 1 1 1 1 1 1 0 0 0 1 0 1 1 0 0 1 0 0 0 0 0 0 2 2 2 2 0 0 2 1 0 0 0 0 0 0 0 0 0 0 0 0 0 0 0 0 0 0 0 0 0 0 2 0 0 0 0 0 0 0 0 0 0 0 0 0 0 0 2 0 0 0 0 0 2 2 2 2 0 0 0 2 2 0 0 0 0 0 2 2 0 0 0 2 2 2 2 2 2 2 2 2 2 0 0 0 0 2 2 0 2 2 1 2 2 0 2 0 2 1 2 2 2 2 2 2 2 2 2 0 0 1 

 Inviabilidades: 1 
FO: 70128.855318
Tempo total:25.595
######################## FIM ###################

 ######################## 500 ###################

Vetor de solucoes: 
0 0 0 2 0 2 1 0 0 1 0 2 2 1 0 1 1 0 0 1 2 2 2 2 2 0 0 2 1 0 1 1 0 1 0 0 0 0 0 0 0 2 0 0 0 1 0 0 0 0 0 0 0 0 1 1 1 0 1 0 0 1 1 0 1 1 1 1 1 1 2 2 2 2 1 1 2 0 1 1 1 1 1 1 1 1 1 1 1 1 1 1 1 1 1 1 1 1 1 1 2 1 1 1 1 1 1 1 1 1 1 1 1 1 1 1 2 1 1 1 1 1 2 2 2 2 1 1 1 2 2 1 1 1 1 1 2 2 1 1 1 2 2 2 2 2 2 2 2 2 2 1 1 1 1 2 2 1 2 2 0 2 2 1 2 1 2 0 2 0 2 2 2 2 2 2 2 1 1 0 

 Inviabilidades: 1 
FO: 70100.851964
Tempo total:25.094
######################## FIM ###################

 ######################## 500 ###################

Vetor de solucoes: 
1 1 1 2 1 2 0 2 1 0 1 1 2 0 1 0 0 1 1 0 2 2 2 2 2 1 1 2 0 1 0 0 2 0 1 1 1 1 1 1 1 2 1 1 1 0 1 1 1 1 1 1 1 1 0 0 0 1 0 1 1 0 0 1 0 0 0 0 0 0 2 2 2 2 0 0 2 1 0 0 0 0 0 0 0 0 0 0 0 0 0 0 0 0 0 0 0 0 0 0 2 0 0 0 0 0 0 0 0 0 0 0 0 0 0 0 2 0 0 0 0 0 2 2 2 2 0 0 0 2 2 0 0 0 0 0 2 2 0 0 0 2 2 2 2 2 2 2 2 2 2 0 0 0 0 2 2 0 2 2 1 2 2 0 2 0 1 1 2 1 2 2 2 2 2 2 1 0 0 1 

 Inviabilidades: 0 
FO: 70450.493687
Tempo total:25.353
######################## FIM ###################

 ######################## 500 ###################

Vetor de solucoes: 
2 2 2 0 2 0 1 2 2 1 0 2 0 1 2 1 1 2 2 1 0 0 0 0 0 2 2 0 1 2 1 1 2 1 2 2 2 2 2 2 2 0 2 2 2 1 2 2 2 2 2 2 2 2 1 1 1 2 1 2 2 1 1 2 1 1 1 1 1 1 0 0 0 0 1 1 0 2 1 1 1 1 1 1 1 1 1 1 1 1 1 1 1 1 1 1 1 1 1 1 0 1 1 1 1 1 1 1 1 1 1 1 1 1 1 1 0 1 1 1 1 1 0 0 0 0 1 1 1 0 0 1 1 1 1 1 0 0 1 1 1 0 0 0 0 0 0 0 0 0 0 1 1 1 1 0 0 1 0 0 2 0 0 1 0 1 2 2 0 2 0 0 0 0 0 0 0 1 1 2 

 Inviabilidades: 0 
FO: 70237.147364
Tempo total:25.244
######################## FIM ###################

 ######################## 500 ###################

Vetor de solucoes: 
2 2 2 1 2 1 0 2 2 0 1 2 1 0 2 0 0 2 2 0 1 1 1 1 1 2 2 1 0 2 0 0 2 0 2 2 2 2 2 2 2 1 2 2 2 0 2 2 2 2 2 2 2 2 0 0 0 2 0 2 2 0 0 2 0 0 0 0 0 0 1 1 1 1 0 0 1 2 0 0 0 0 0 0 0 0 0 0 0 0 0 0 0 0 0 0 0 0 0 0 1 0 0 0 0 0 0 0 0 0 0 0 0 0 0 0 1 0 0 0 0 0 1 1 1 1 0 0 0 1 1 0 0 0 0 0 1 1 0 0 0 1 1 1 1 1 1 1 1 1 1 0 0 0 0 1 1 0 1 1 2 1 1 0 1 0 2 2 1 2 1 1 1 1 1 1 1 0 0 2 

 Inviabilidades: 0 
FO: 70237.147364
Tempo total:25.483
######################## FIM ###################

 ######################## 500 ###################

Vetor de solucoes: 
2 2 2 1 2 1 0 2 2 0 2 2 1 0 2 0 0 2 2 0 1 1 1 1 1 2 2 1 0 2 0 0 2 0 2 2 2 2 2 2 2 1 2 2 2 0 2 2 2 2 2 2 2 2 0 0 0 2 0 2 2 0 0 2 0 0 0 0 0 0 1 1 1 1 0 0 1 2 0 0 0 0 0 0 0 0 0 0 0 0 0 0 0 0 0 0 0 0 0 0 1 0 0 0 0 0 0 0 0 0 0 0 0 0 0 0 1 0 0 0 0 0 1 1 1 1 0 0 0 1 1 0 0 0 0 0 1 1 0 0 0 1 1 1 1 1 1 1 1 1 1 0 0 0 0 1 1 0 1 1 2 1 1 0 1 0 2 2 1 2 1 1 1 1 1 1 1 0 0 2 

 Inviabilidades: 0 
FO: 70191.266238
Tempo total:26.124
######################## FIM ###################

 ######################## 500 ###################

Vetor de solucoes: 
0 0 0 2 0 2 1 0 0 1 2 0 2 1 0 1 1 0 0 1 2 2 2 2 2 0 0 2 1 0 1 1 0 1 0 0 0 0 0 0 0 2 0 0 0 1 0 0 0 0 0 0 0 0 1 1 1 0 1 0 0 1 1 0 1 1 1 1 1 1 2 2 2 2 1 1 2 0 1 1 1 1 1 1 1 1 1 1 1 1 1 1 1 1 1 1 1 1 1 1 2 1 1 1 1 1 1 1 1 1 1 1 1 1 1 1 2 1 1 1 1 1 2 2 2 2 1 1 1 2 2 1 1 1 1 1 2 2 1 1 1 2 2 2 2 2 2 2 2 2 2 1 1 1 1 2 2 1 2 2 0 2 2 1 2 1 0 0 2 0 2 2 2 2 2 2 2 1 1 0 

 Inviabilidades: 0 
FO: 70237.147364
Tempo total:26.705
######################## FIM ###################

 ######################## 500 ###################

Vetor de solucoes: 
1 1 1 0 1 0 2 1 1 2 0 1 0 2 1 2 2 1 1 2 0 0 0 0 0 1 1 0 2 1 2 2 1 2 1 1 1 1 1 1 1 0 1 1 1 2 1 1 1 1 1 1 1 1 2 2 2 1 2 1 1 2 2 1 2 2 2 2 2 2 0 0 0 0 2 2 0 1 2 2 2 2 2 2 2 2 2 2 2 2 2 2 2 2 2 2 2 2 2 2 0 2 2 2 2 2 2 2 2 2 2 2 2 2 2 2 0 2 2 2 2 2 0 0 0 0 2 2 2 0 0 2 2 2 2 2 0 0 2 2 2 0 0 0 0 0 0 0 0 0 0 2 2 2 2 0 0 2 0 0 1 0 0 2 0 2 1 1 0 1 0 0 0 0 0 0 0 2 2 1 

 Inviabilidades: 0 
FO: 70237.147364
Tempo total:27.231
######################## FIM ###################

 ######################## 500 ###################

Vetor de solucoes: 
2 2 2 1 2 1 0 1 2 0 2 2 1 0 2 0 0 2 2 0 1 1 1 1 1 2 2 1 0 2 0 0 1 0 2 2 2 2 2 2 2 1 2 2 2 0 2 2 2 2 2 2 2 2 0 0 0 2 0 2 2 0 0 2 0 0 0 0 0 0 1 1 1 1 0 0 1 2 0 0 0 0 0 0 0 0 0 0 0 0 0 0 0 0 0 0 0 0 0 0 1 0 0 0 0 0 0 0 0 0 0 0 0 0 0 0 1 0 0 0 0 0 1 1 1 1 0 0 0 1 1 0 0 0 0 0 1 1 0 0 0 1 1 1 1 1 1 1 1 1 1 0 0 0 0 1 1 0 1 1 2 1 1 0 1 0 2 2 1 2 1 1 1 1 1 1 2 0 0 2 

 Inviabilidades: 0 
FO: 70450.493687
Tempo total:25.580
######################## FIM ###################

 ######################## 500 ###################

Vetor de solucoes: 
0 0 0 2 0 2 1 0 0 1 2 0 2 1 0 1 1 0 0 1 2 2 2 2 2 0 0 2 1 0 1 1 0 1 0 0 0 0 0 0 0 2 0 0 0 1 0 0 0 0 0 0 0 0 1 1 1 0 1 0 0 1 1 0 1 1 1 1 1 1 2 2 2 2 1 1 2 0 1 1 1 1 1 1 1 1 1 1 1 1 1 1 1 1 1 1 1 1 1 1 2 1 1 1 1 1 1 1 1 1 1 1 1 1 1 1 2 1 1 1 1 1 2 2 2 2 1 1 1 2 2 1 1 1 1 1 2 2 1 1 1 2 2 2 2 2 2 2 2 2 2 1 1 1 1 2 2 1 2 2 0 2 2 1 2 1 0 0 2 0 2 2 2 2 2 2 2 1 1 0 

 Inviabilidades: 0 
FO: 70237.147364
Tempo total:25.527
######################## FIM ###################

 ######################## 500 ###################

Vetor de solucoes: 
2 2 2 0 2 0 1 2 2 1 2 0 0 1 2 1 1 2 2 1 0 0 0 0 0 2 2 0 1 2 1 1 2 1 2 2 2 2 2 2 2 0 2 2 2 1 2 2 2 2 2 2 2 2 1 1 1 2 1 2 2 1 1 2 1 1 1 1 1 1 0 0 0 0 1 1 0 2 1 1 1 1 1 1 1 1 1 1 1 1 1 1 1 1 1 1 1 1 1 1 0 1 1 1 1 1 1 1 1 1 1 1 1 1 1 1 0 1 1 1 1 1 0 0 0 0 1 1 1 0 0 1 1 1 1 1 0 0 1 1 1 0 0 0 0 0 0 0 0 0 0 1 1 1 1 0 0 1 0 0 2 0 0 1 0 1 0 2 0 2 0 0 0 0 0 0 0 1 1 2 

 Inviabilidades: 1 
FO: 70100.851964
Tempo total:25.244
######################## FIM ###################

 ######################## 500 ###################

Vetor de solucoes: 
0 0 0 1 0 1 2 1 0 2 1 1 1 2 0 2 2 0 0 2 1 1 1 1 1 0 0 1 2 0 2 2 0 2 0 0 0 0 0 0 0 1 0 0 0 2 0 0 0 0 0 0 0 0 2 2 2 0 2 0 0 2 2 0 2 2 2 2 2 2 1 1 1 1 2 2 1 0 2 2 2 2 2 2 2 2 2 2 2 2 2 2 2 2 2 2 2 2 2 2 1 2 2 2 2 2 2 2 2 2 2 2 2 2 2 2 1 2 2 2 2 2 1 1 1 1 2 2 2 1 1 2 2 2 2 2 1 1 2 2 2 1 1 1 1 1 1 1 1 1 1 2 2 2 2 1 1 2 1 1 0 1 1 2 1 2 1 0 1 1 1 1 1 1 1 1 1 2 2 0 

 Inviabilidades: 1 
FO: 70128.855318
Tempo total:25.579
######################## FIM ###################

 ######################## 500 ###################

Vetor de solucoes: 
0 0 0 2 0 2 1 0 0 1 0 2 2 1 0 1 1 0 0 1 2 2 2 2 2 0 0 2 1 0 1 1 0 1 0 0 0 0 0 0 0 2 0 0 0 1 0 0 0 0 0 0 0 0 1 1 1 0 1 0 0 1 1 0 1 1 1 1 1 1 2 2 2 2 1 1 2 0 1 1 1 1 1 1 1 1 1 1 1 1 1 1 1 1 1 1 1 1 1 1 2 1 1 1 1 1 1 1 1 1 1 1 1 1 1 1 2 1 1 1 1 1 2 2 2 2 1 1 1 2 2 1 1 1 1 1 2 2 1 1 1 2 2 2 2 2 2 2 2 2 2 1 1 1 1 2 2 1 2 2 0 2 2 1 2 1 2 0 2 0 2 2 2 2 2 2 2 1 1 0 

 Inviabilidades: 1 
FO: 70100.851964
Tempo total:25.298
######################## FIM ###################

 ######################## 500 ###################

Vetor de solucoes: 
1 1 1 0 1 0 2 0 1 2 0 0 0 2 1 2 2 1 1 2 0 0 0 0 0 1 1 0 2 1 2 2 1 2 1 1 1 1 1 1 1 0 1 1 1 2 1 1 1 1 1 1 1 1 2 2 2 1 2 1 1 2 2 1 2 2 2 2 2 2 0 0 0 0 2 2 0 1 2 2 2 2 2 2 2 2 2 2 2 2 2 2 2 2 2 2 2 2 2 2 0 2 2 2 2 2 2 2 2 2 2 2 2 2 2 2 0 2 2 2 2 2 0 0 0 0 2 2 2 0 0 2 2 2 2 2 0 0 2 2 2 0 0 0 0 0 0 0 0 0 0 2 2 2 2 0 0 2 0 0 1 0 0 2 0 2 0 1 0 0 0 0 0 0 0 0 0 2 2 1 

 Inviabilidades: 1 
FO: 70128.855318
Tempo total:24.767
######################## FIM ###################

 ######################## 500 ###################

Vetor de solucoes: 
2 2 2 1 2 1 0 2 2 0 1 2 1 0 2 0 0 2 2 0 1 1 1 1 1 2 2 1 0 2 0 0 2 0 2 2 2 2 2 2 2 1 2 2 2 0 2 2 2 2 2 2 2 2 0 0 0 2 0 2 2 0 0 2 0 0 0 0 0 0 1 1 1 1 0 0 1 2 0 0 0 0 0 0 0 0 0 0 0 0 0 0 0 0 0 0 0 0 0 0 1 0 0 0 0 0 0 0 0 0 0 0 0 0 0 0 1 0 0 0 0 0 1 1 1 1 0 0 0 1 1 0 0 0 0 0 1 1 0 0 0 1 1 1 1 1 1 1 1 1 1 0 0 0 0 1 1 0 1 1 2 1 1 0 1 0 2 2 1 2 1 1 1 1 1 1 1 0 0 2 

 Inviabilidades: 0 
FO: 70237.147364
Tempo total:27.310
######################## FIM ###################

 ######################## 500 ###################

Vetor de solucoes: 
1 1 1 2 1 2 0 1 1 0 1 1 2 0 1 0 0 1 1 0 2 2 2 2 2 1 1 2 0 1 0 0 1 0 1 1 1 1 1 1 1 2 1 1 1 0 1 1 1 1 1 1 1 1 0 0 0 1 0 1 1 0 0 1 0 0 0 0 0 0 2 2 2 2 0 0 2 1 0 0 0 0 0 0 0 0 0 0 0 0 0 0 0 0 0 0 0 0 0 0 2 0 0 0 0 0 0 0 0 0 0 0 0 0 0 0 2 0 0 0 0 0 2 2 2 2 0 0 0 2 2 0 0 0 0 0 2 2 0 0 0 2 2 2 2 2 2 2 2 2 2 0 0 0 0 2 2 0 2 2 1 2 2 0 2 0 1 1 2 1 2 2 2 2 2 2 2 0 0 1 

 Inviabilidades: 0 
FO: 70191.266238
Tempo total:24.736
######################## FIM ###################

 ######################## 500 ###################

Vetor de solucoes: 
0 0 0 1 0 1 2 1 0 2 1 1 1 2 0 2 2 0 0 2 1 1 1 1 1 0 0 1 2 0 2 2 0 2 0 0 0 0 0 0 0 1 0 0 0 2 0 0 0 0 0 0 0 0 2 2 2 0 2 0 0 2 2 0 2 2 2 2 2 2 1 1 1 1 2 2 1 0 2 2 2 2 2 2 2 2 2 2 2 2 2 2 2 2 2 2 2 2 2 2 1 2 2 2 2 2 2 2 2 2 2 2 2 2 2 2 1 2 2 2 2 2 1 1 1 1 2 2 2 1 1 2 2 2 2 2 1 1 2 2 2 1 1 1 1 1 1 1 1 1 1 2 2 2 2 1 1 2 1 1 0 1 1 2 1 2 1 0 1 1 1 1 1 1 1 1 1 2 2 0 

 Inviabilidades: 1 
FO: 70128.855318
Tempo total:26.430
######################## FIM ###################

 ######################## 500 ###################

Vetor de solucoes: 
0 0 0 1 0 1 2 0 0 2 0 0 1 2 0 2 2 0 0 2 1 1 1 1 1 0 0 1 2 0 2 2 0 2 0 0 0 0 0 0 0 1 0 0 0 2 0 0 0 0 0 0 0 0 2 2 2 0 2 0 0 2 2 0 2 2 2 2 2 2 1 1 1 1 2 2 1 0 2 2 2 2 2 2 2 2 2 2 2 2 2 2 2 2 2 2 2 2 2 2 1 2 2 2 2 2 2 2 2 2 2 2 2 2 2 2 1 2 2 2 2 2 1 1 1 1 2 2 2 1 1 2 2 2 2 2 1 1 2 2 2 1 1 1 1 1 1 1 1 1 1 2 2 2 2 1 1 2 1 1 0 1 1 2 1 2 0 0 1 0 1 1 1 1 1 1 1 2 2 0 

 Inviabilidades: 0 
FO: 70191.266238
Tempo total:25.346
######################## FIM ###################

 ######################## 500 ###################

Vetor de solucoes: 
2 2 2 0 2 0 1 0 2 1 2 2 0 1 2 1 1 2 2 1 0 0 0 0 0 2 2 0 1 2 1 1 0 1 2 2 2 2 2 2 2 0 2 2 2 1 2 2 2 2 2 2 2 2 1 1 1 2 1 2 2 1 1 2 1 1 1 1 1 1 0 0 0 0 1 1 0 2 1 1 1 1 1 1 1 1 1 1 1 1 1 1 1 1 1 1 1 1 1 1 0 1 1 1 1 1 1 1 1 1 1 1 1 1 1 1 0 1 1 1 1 1 0 0 0 0 1 1 1 0 0 1 1 1 1 1 0 0 1 1 1 0 0 0 0 0 0 0 0 0 0 1 1 1 1 0 0 1 0 0 2 0 0 1 0 1 2 2 0 2 0 0 0 0 0 0 2 1 1 2 

 Inviabilidades: 0 
FO: 70450.493687
Tempo total:25.214
######################## FIM ###################

 ######################## 500 ###################

Vetor de solucoes: 
1 1 1 2 1 2 0 1 1 0 2 1 2 0 1 0 0 1 1 0 2 2 2 2 2 1 1 2 0 1 0 0 1 0 1 1 1 1 1 1 1 2 1 1 1 0 1 1 1 1 1 1 1 1 0 0 0 1 0 1 1 0 0 1 0 0 0 0 0 0 2 2 2 2 0 0 2 1 0 0 0 0 0 0 0 0 0 0 0 0 0 0 0 0 0 0 0 0 0 0 2 0 0 0 0 0 0 0 0 0 0 0 0 0 0 0 2 0 0 0 0 0 2 2 2 2 0 0 0 2 2 0 0 0 0 0 2 2 0 0 0 2 2 2 2 2 2 2 2 2 2 0 0 0 0 2 2 0 2 2 1 2 2 0 2 0 1 1 0 1 2 2 2 2 2 2 2 0 0 1 

 Inviabilidades: 0 
FO: 70514.082101
Tempo total:24.909
######################## FIM ###################

 ######################## 500 ###################

Vetor de solucoes: 
2 2 2 1 2 1 0 1 2 0 2 2 1 0 2 0 0 2 2 0 1 1 1 1 1 2 2 1 0 2 0 0 1 0 2 2 2 2 2 2 2 1 2 2 2 0 2 2 2 2 2 2 2 2 0 0 0 2 0 2 2 0 0 2 0 0 0 0 0 0 1 1 1 1 0 0 1 2 0 0 0 0 0 0 0 0 0 0 0 0 0 0 0 0 0 0 0 0 0 0 1 0 0 0 0 0 0 0 0 0 0 0 0 0 0 0 1 0 0 0 0 0 1 1 1 1 0 0 0 1 1 0 0 0 0 0 1 1 0 0 0 1 1 1 1 1 1 1 1 1 1 0 0 0 0 1 1 0 1 1 2 1 1 0 1 0 2 2 1 2 1 1 1 1 1 1 2 0 0 2 

 Inviabilidades: 0 
FO: 70450.493687
Tempo total:24.295
######################## FIM ###################

 ######################## 500 ###################

Vetor de solucoes: 
2 2 2 0 2 0 1 0 2 1 0 0 0 1 2 1 1 2 2 1 0 0 0 0 0 2 2 0 1 2 1 1 2 1 2 2 2 2 2 2 2 0 2 2 2 1 2 2 2 2 2 2 2 2 1 1 1 2 1 2 2 1 1 2 1 1 1 1 1 1 0 0 0 0 1 1 0 2 1 1 1 1 1 1 1 1 1 1 1 1 1 1 1 1 1 1 1 1 1 1 0 1 1 1 1 1 1 1 1 1 1 1 1 1 1 1 0 1 1 1 1 1 0 0 0 0 1 1 1 0 0 1 1 1 1 1 0 0 1 1 1 0 0 0 0 0 0 0 0 0 0 1 1 1 1 0 0 1 0 0 2 0 0 1 0 1 0 2 0 0 0 0 0 0 0 0 0 1 1 2 

 Inviabilidades: 1 
FO: 70128.855318
Tempo total:24.673
######################## FIM ###################

 ######################## 500 ###################

Vetor de solucoes: 
2 2 2 1 2 1 0 1 2 0 2 2 1 0 2 0 0 2 2 0 1 1 1 1 1 2 2 1 0 2 0 0 1 0 2 2 2 2 2 2 2 1 2 2 2 0 2 2 2 2 2 2 2 2 0 0 0 2 0 2 2 0 0 2 0 0 0 0 0 0 1 1 1 1 0 0 1 2 0 0 0 0 0 0 0 0 0 0 0 0 0 0 0 0 0 0 0 0 0 0 1 0 0 0 0 0 0 0 0 0 0 0 0 0 0 0 1 0 0 0 0 0 1 1 1 1 0 0 0 1 1 0 0 0 0 0 1 1 0 0 0 1 1 1 1 1 1 1 1 1 1 0 0 0 0 1 1 0 1 1 2 1 1 0 1 0 2 2 1 2 1 1 1 1 1 1 2 0 0 2 

 Inviabilidades: 0 
FO: 70450.493687
Tempo total:25.907
######################## FIM ###################
