
 ######################## 400 ###################

Vetor de solucoes: 
1 1 1 0 1 0 2 1 1 2 1 1 0 2 1 2 2 1 1 2 0 0 0 0 2 1 1 0 2 1 2 2 1 2 1 1 1 1 1 1 1 0 1 1 1 2 1 1 1 1 1 1 1 1 2 2 2 1 2 1 1 2 2 1 2 2 2 2 2 2 0 0 0 0 2 2 0 1 2 2 2 2 2 2 2 2 2 2 2 2 2 2 2 2 2 2 2 2 2 2 0 2 2 2 2 2 2 2 2 2 2 2 2 2 2 2 0 2 2 2 2 2 0 0 0 0 2 2 2 0 0 2 2 2 2 2 0 0 2 2 2 0 0 0 0 0 0 0 0 0 0 2 2 2 2 0 0 2 0 0 1 0 0 2 0 2 1 1 0 1 0 0 0 0 0 0 0 2 2 1 

 Inviabilidades: 0 
FO: 70210.312859
Tempo total:26.383
######################## FIM ###################

 ######################## 400 ###################

Vetor de solucoes: 
2 2 2 0 2 0 1 2 2 1 2 2 0 1 2 1 1 2 2 1 0 0 0 0 1 2 2 0 1 2 1 1 2 1 2 2 2 2 2 2 2 0 2 2 2 1 2 2 2 2 2 2 2 2 1 1 1 2 1 2 2 1 1 2 1 1 1 1 1 1 0 0 0 0 1 1 0 2 1 1 1 1 1 1 1 1 1 1 1 1 1 1 1 1 1 1 1 1 1 1 0 1 1 1 1 1 1 1 1 1 1 1 1 1 1 1 0 1 1 1 1 1 0 0 0 0 1 1 1 0 0 1 1 1 1 1 0 0 1 1 1 0 0 0 0 0 0 0 0 0 0 1 1 1 1 0 0 1 0 0 2 0 0 1 0 1 2 2 0 2 0 0 0 0 0 0 0 1 1 2 

 Inviabilidades: 0 
FO: 70210.312859
Tempo total:24.026
######################## FIM ###################

 ######################## 400 ###################

Vetor de solucoes: 
0 0 0 1 0 1 2 0 0 2 0 0 1 2 0 2 2 0 0 2 1 1 1 1 2 0 0 1 2 0 2 2 0 2 0 0 0 0 0 0 0 1 0 0 0 2 0 0 0 0 0 0 0 0 2 2 2 0 2 0 0 2 2 0 2 2 2 2 2 2 1 1 1 1 2 2 1 0 2 2 2 2 2 2 2 2 2 2 2 2 2 2 2 2 2 2 2 2 2 2 1 2 2 2 2 2 2 2 2 2 2 2 2 2 2 2 1 2 2 2 2 2 1 1 1 1 2 2 2 1 1 2 2 2 2 2 1 1 2 2 2 1 1 1 1 1 1 1 1 1 1 2 2 2 2 1 1 2 1 1 0 1 1 2 1 2 0 0 1 0 1 1 1 1 1 1 1 2 2 0 

 Inviabilidades: 0 
FO: 70210.312859
Tempo total:24.908
######################## FIM ###################

 ######################## 400 ###################

Vetor de solucoes: 
1 1 1 0 1 0 2 1 1 2 0 1 0 2 1 2 2 1 1 2 0 0 0 0 0 1 0 0 2 1 2 2 1 2 1 1 1 1 1 1 1 0 1 1 1 2 1 1 1 1 1 1 1 1 2 2 2 1 2 1 1 2 2 1 2 2 2 2 2 2 0 0 0 0 2 2 0 1 2 2 2 2 2 2 2 2 2 2 2 2 2 2 2 2 2 2 2 2 2 2 0 2 2 2 2 2 2 2 2 2 2 2 2 2 2 2 0 2 2 2 2 2 0 0 0 0 2 2 2 0 0 2 2 2 2 2 0 0 2 2 2 0 0 0 0 0 0 0 0 0 0 2 2 2 2 0 0 2 0 0 1 0 0 2 0 2 1 1 0 1 0 0 0 0 0 0 0 2 2 1 

 Inviabilidades: 0 
FO: 70400.830284
Tempo total:23.482
######################## FIM ###################

 ######################## 400 ###################

Vetor de solucoes: 
1 1 1 0 1 0 2 1 1 2 1 1 0 2 1 2 2 1 1 2 0 0 0 0 2 1 1 0 2 1 2 2 1 2 1 1 1 1 1 1 1 0 1 1 1 2 1 1 1 1 1 1 1 1 2 2 2 1 2 1 1 2 2 1 2 2 2 2 2 2 0 0 0 0 2 2 0 1 2 2 2 2 2 2 2 2 2 2 2 2 2 2 2 2 2 2 2 2 2 2 0 2 2 2 2 2 2 2 2 2 2 2 2 2 2 2 0 2 2 2 2 2 0 0 0 0 2 2 2 0 0 2 2 2 2 2 0 0 2 2 2 0 0 0 0 0 0 0 0 0 0 2 2 2 2 0 0 2 0 0 1 0 0 2 0 2 1 1 0 1 0 0 0 0 0 0 0 2 2 1 

 Inviabilidades: 0 
FO: 70210.312859
Tempo total:24.044
######################## FIM ###################

 ######################## 400 ###################

Vetor de solucoes: 
0 0 0 1 0 1 2 0 0 2 0 0 1 2 0 2 2 0 0 2 1 1 1 1 2 0 0 1 2 0 2 2 0 2 0 0 0 0 0 0 0 1 0 0 0 2 0 0 0 0 0 0 0 0 2 2 2 0 2 0 0 2 2 0 2 2 2 2 2 2 1 1 1 1 2 2 1 0 2 2 2 2 2 2 2 2 2 2 2 2 2 2 2 2 2 2 2 2 2 2 1 2 2 2 2 2 2 2 2 2 2 2 2 2 2 2 1 2 2 2 2 2 1 1 1 1 2 2 2 1 1 2 2 2 2 2 1 1 2 2 2 1 1 1 1 1 1 1 1 1 1 2 2 2 2 1 1 2 1 1 0 1 1 2 1 2 0 0 1 0 1 1 1 1 1 1 1 2 2 0 

 Inviabilidades: 0 
FO: 70210.312859
Tempo total:23.611
######################## FIM ###################

 ######################## 400 ###################

Vetor de solucoes: 
0 0 0 1 0 1 2 0 0 2 0 0 1 2 0 2 2 0 0 2 1 1 1 1 2 0 0 1 2 0 2 2 0 2 0 0 0 0 0 0 0 1 0 0 0 2 0 0 0 0 0 0 0 0 2 2 2 0 2 0 0 2 2 0 2 2 2 2 2 2 1 1 1 1 2 2 1 0 2 2 2 2 2 2 2 2 2 2 2 2 2 2 2 2 2 2 2 2 2 2 1 2 2 2 2 2 2 2 2 2 2 2 2 2 2 2 1 2 2 2 2 2 1 1 1 1 2 2 2 1 1 2 2 2 2 2 1 1 2 2 2 1 1 1 1 1 1 1 1 1 1 2 2 2 2 1 1 2 1 1 0 1 1 2 1 2 0 0 1 0 1 1 1 1 1 1 1 2 2 0 

 Inviabilidades: 0 
FO: 70210.312859
Tempo total:23.569
######################## FIM ###################

 ######################## 400 ###################

Vetor de solucoes: 
0 0 0 2 0 2 1 0 0 1 0 0 2 1 0 1 1 0 0 1 2 2 2 2 1 0 0 2 1 0 1 1 0 1 0 0 0 0 0 0 0 2 0 0 0 1 0 0 0 0 0 0 0 0 1 1 1 0 1 0 0 1 1 0 1 1 1 1 1 1 2 2 2 2 1 1 2 0 1 1 1 1 1 1 1 1 1 1 1 1 1 1 1 1 1 1 1 1 1 1 2 1 1 1 1 1 1 1 1 1 1 1 1 1 1 1 2 1 1 1 1 1 2 2 2 2 1 1 1 2 2 1 1 1 1 1 2 2 1 1 1 2 2 2 2 2 2 2 2 2 2 1 1 1 1 2 2 1 2 2 0 2 2 1 2 1 0 0 2 0 2 2 2 2 2 2 2 1 1 0 

 Inviabilidades: 0 
FO: 70210.312859
Tempo total:23.475
######################## FIM ###################

 ######################## 400 ###################

Vetor de solucoes: 
2 2 2 0 2 0 1 2 2 1 2 2 0 1 2 1 1 2 2 1 0 0 0 0 1 2 2 0 1 2 1 1 2 1 2 2 2 2 2 2 2 0 2 2 2 1 2 2 2 2 2 2 2 2 1 1 1 2 1 2 2 1 1 2 1 1 1 1 1 1 0 0 0 0 1 1 0 2 1 1 1 1 1 1 1 1 1 1 1 1 1 1 1 1 1 1 1 1 1 1 0 1 1 1 1 1 1 1 1 1 1 1 1 1 1 1 0 1 1 1 1 1 0 0 0 0 1 1 1 0 0 1 1 1 1 1 0 0 1 1 1 0 0 0 0 0 0 0 0 0 0 1 1 1 1 0 0 1 0 0 2 0 0 1 0 1 2 2 0 2 0 0 0 0 0 0 0 1 1 2 

 Inviabilidades: 0 
FO: 70210.312859
Tempo total:25.356
######################## FIM ###################

 ######################## 400 ###################

Vetor de solucoes: 
2 2 2 0 2 0 1 2 2 1 2 2 0 1 2 1 1 2 2 1 0 0 0 0 1 2 2 0 1 2 1 1 2 1 2 2 2 2 2 2 2 0 2 2 2 1 2 2 2 2 2 2 2 2 1 1 1 2 1 2 2 1 1 2 1 1 1 1 1 1 0 0 0 0 1 1 0 2 1 1 1 1 1 1 1 1 1 1 1 1 1 1 1 1 1 1 1 1 1 1 0 1 1 1 1 1 1 1 1 1 1 1 1 1 1 1 0 1 1 1 1 1 0 0 0 0 1 1 1 0 0 1 1 1 1 1 0 0 1 1 1 0 0 0 0 0 0 0 0 0 0 1 1 1 1 0 0 1 0 0 2 0 0 1 0 1 2 2 0 2 0 0 0 0 0 0 0 1 1 2 

 Inviabilidades: 0 
FO: 70210.312859
Tempo total:23.911
######################## FIM ###################

 ######################## 400 ###################

Vetor de solucoes: 
0 0 0 1 0 1 2 0 0 2 0 0 1 2 0 2 2 0 0 2 1 1 1 1 2 0 0 1 2 0 2 2 0 2 0 0 0 0 0 0 0 1 0 0 0 2 0 0 0 0 0 0 0 0 2 2 2 0 2 0 0 2 2 0 2 2 2 2 2 2 1 1 1 1 2 2 1 0 2 2 2 2 2 2 2 2 2 2 2 2 2 2 2 2 2 2 2 2 2 2 1 2 2 2 2 2 2 2 2 2 2 2 2 2 2 2 1 2 2 2 2 2 1 1 1 1 2 2 2 1 1 2 2 2 2 2 1 1 2 2 2 1 1 1 1 1 1 1 1 1 1 2 2 2 2 1 1 2 1 1 0 1 1 2 1 2 0 0 1 0 1 1 1 1 1 1 1 2 2 0 

 Inviabilidades: 0 
FO: 70210.312859
Tempo total:24.292
######################## FIM ###################

 ######################## 400 ###################

Vetor de solucoes: 
1 1 1 2 1 2 0 1 1 0 1 1 2 0 1 0 0 1 1 0 2 2 2 2 0 1 1 2 0 1 0 0 1 0 1 1 1 1 1 1 1 2 1 1 1 0 1 1 1 1 1 1 1 1 0 0 0 1 0 1 1 0 0 1 0 0 0 0 0 0 2 2 2 2 0 0 2 1 0 0 0 0 0 0 0 0 0 0 0 0 0 0 0 0 0 0 0 0 0 0 2 0 0 0 0 0 0 0 0 0 0 0 0 0 0 0 2 0 0 0 0 0 2 2 2 2 0 0 0 2 2 0 0 0 0 0 2 2 0 0 0 2 2 2 2 2 2 2 2 2 2 0 0 0 0 2 2 0 2 2 1 2 2 0 2 0 1 1 2 1 2 2 2 2 2 2 2 0 0 1 

 Inviabilidades: 0 
FO: 70210.312859
Tempo total:24.842
######################## FIM ###################

 ######################## 400 ###################

Vetor de solucoes: 
1 1 1 0 1 0 2 1 1 2 1 1 0 2 1 2 2 1 1 2 0 0 0 0 2 1 1 0 2 1 2 2 1 2 1 1 1 1 1 1 1 0 1 1 1 2 1 1 1 1 1 1 1 1 2 2 2 1 2 1 1 2 2 1 2 2 2 2 2 2 0 0 0 0 2 2 0 1 2 2 2 2 2 2 2 2 2 2 2 2 2 2 2 2 2 2 2 2 2 2 0 2 2 2 2 2 2 2 2 2 2 2 2 2 2 2 0 2 2 2 2 2 0 0 0 0 2 2 2 0 0 2 2 2 2 2 0 0 2 2 2 0 0 0 0 0 0 0 0 0 0 2 2 2 2 0 0 2 0 0 1 0 0 2 0 2 1 1 0 1 0 0 0 0 0 0 0 2 2 1 

 Inviabilidades: 0 
FO: 70210.312859
Tempo total:26.310
######################## FIM ###################

 ######################## 400 ###################

Vetor de solucoes: 
2 2 2 1 2 1 0 2 2 0 2 2 1 0 2 0 0 2 2 0 1 1 1 1 0 2 2 1 0 2 0 0 2 0 2 2 2 2 2 2 2 1 2 2 2 0 2 2 2 2 2 2 2 2 0 0 0 2 0 2 2 0 0 2 0 0 0 0 0 0 1 1 1 1 0 0 1 2 0 0 0 0 0 0 0 0 0 0 0 0 0 0 0 0 0 0 0 0 0 0 1 0 0 0 0 0 0 0 0 0 0 0 0 0 0 0 1 0 0 0 0 0 1 1 1 1 0 0 0 1 1 0 0 0 0 0 1 1 0 0 0 1 1 1 1 1 1 1 1 1 1 0 0 0 0 1 1 0 1 1 2 1 1 0 1 0 2 2 1 2 1 1 1 1 1 1 1 0 0 2 

 Inviabilidades: 0 
FO: 70210.312859
Tempo total:24.570
######################## FIM ###################

 ######################## 400 ###################

Vetor de solucoes: 
2 2 2 1 2 1 0 2 2 0 2 2 1 0 2 0 0 2 2 0 1 1 1 1 0 2 2 1 0 2 0 0 2 0 2 2 2 2 2 2 2 1 2 2 2 0 2 2 2 2 2 2 2 2 0 0 0 2 0 2 2 0 0 2 0 0 0 0 0 0 1 1 1 1 0 0 1 2 0 0 0 0 0 0 0 0 0 0 0 0 0 0 0 0 0 0 0 0 0 0 1 0 0 0 0 0 0 0 0 0 0 0 0 0 0 0 1 0 0 0 0 0 1 1 1 1 0 0 0 1 1 0 0 0 0 0 1 1 0 0 0 1 1 1 1 1 1 1 1 1 1 0 0 0 0 1 1 0 1 1 2 1 1 0 1 0 2 2 1 2 1 1 1 1 1 1 1 0 0 2 

 Inviabilidades: 0 
FO: 70210.312859
Tempo total:23.616
######################## FIM ###################

 ######################## 400 ###################

Vetor de solucoes: 
2 2 2 1 2 1 0 2 2 0 2 2 1 0 2 0 0 2 2 0 1 1 1 1 0 2 2 1 0 2 0 0 2 0 2 2 2 2 2 2 2 1 2 2 2 0 2 2 2 2 2 2 2 2 0 0 0 2 0 2 2 0 0 2 0 0 0 0 0 0 1 1 1 1 0 0 1 2 0 0 0 0 0 0 0 0 0 0 0 0 0 0 0 0 0 0 0 0 0 0 1 0 0 0 0 0 0 0 0 0 0 0 0 0 0 0 1 0 0 0 0 0 1 1 1 1 0 0 0 1 1 0 0 0 0 0 1 1 0 0 0 1 1 1 1 1 1 1 1 1 1 0 0 0 0 1 1 0 1 1 2 1 1 0 1 0 2 2 1 2 1 1 1 1 1 1 1 0 0 2 

 Inviabilidades: 0 
FO: 70210.312859
Tempo total:24.302
######################## FIM ###################

 ######################## 400 ###################

Vetor de solucoes: 
1 1 1 2 1 2 0 1 1 0 1 1 2 0 1 0 0 1 1 0 2 2 2 2 0 1 1 2 0 1 0 0 1 0 1 1 1 1 1 1 1 2 1 1 1 0 1 1 1 1 1 1 1 1 0 0 0 1 0 1 1 0 0 1 0 0 0 0 0 0 2 2 2 2 0 0 2 1 0 0 0 0 0 0 0 0 0 0 0 0 0 0 0 0 0 0 0 0 0 0 2 0 0 0 0 0 0 0 0 0 0 0 0 0 0 0 2 0 0 0 0 0 2 2 2 2 0 0 0 2 2 0 0 0 0 0 2 2 0 0 0 2 2 2 2 2 2 2 2 2 2 0 0 0 0 2 2 0 2 2 1 2 2 0 2 0 1 1 2 1 2 2 2 2 2 2 2 0 0 1 

 Inviabilidades: 0 
FO: 70210.312859
Tempo total:23.617
######################## FIM ###################

 ######################## 400 ###################

Vetor de solucoes: 
1 1 1 0 1 0 2 1 1 2 1 1 0 2 1 2 2 1 1 2 0 0 0 0 2 1 1 0 2 1 2 2 1 2 1 1 1 1 1 1 1 0 1 1 1 2 1 1 1 1 1 1 1 1 2 2 2 1 2 1 1 2 2 1 2 2 2 2 2 2 0 0 0 0 2 2 0 1 2 2 2 2 2 2 2 2 2 2 2 2 2 2 2 2 2 2 2 2 2 2 0 2 2 2 2 2 2 2 2 2 2 2 2 2 2 2 0 2 2 2 2 2 0 0 0 0 2 2 2 0 0 2 2 2 2 2 0 0 2 2 2 0 0 0 0 0 0 0 0 0 0 2 2 2 2 0 0 2 0 0 1 0 0 2 0 2 1 1 0 1 0 0 0 0 0 0 0 2 2 1 

 Inviabilidades: 0 
FO: 70210.312859
Tempo total:24.183
######################## FIM ###################

 ######################## 400 ###################

Vetor de solucoes: 
0 0 0 2 0 2 1 0 0 1 0 0 2 1 0 1 1 0 0 1 2 2 2 2 1 0 0 2 1 0 1 1 0 1 0 0 0 0 0 0 0 2 0 0 0 1 0 0 0 0 0 0 0 0 1 1 1 0 1 0 0 1 1 0 1 1 1 1 1 1 2 2 2 2 1 1 2 0 1 1 1 1 1 1 1 1 1 1 1 1 1 1 1 1 1 1 1 1 1 1 2 1 1 1 1 1 1 1 1 1 1 1 1 1 1 1 2 1 1 1 1 1 2 2 2 2 1 1 1 2 2 1 1 1 1 1 2 2 1 1 1 2 2 2 2 2 2 2 2 2 2 1 1 1 1 2 2 1 2 2 0 2 2 1 2 1 0 0 2 0 2 2 2 2 2 2 2 1 1 0 

 Inviabilidades: 0 
FO: 70210.312859
Tempo total:23.907
######################## FIM ###################

 ######################## 400 ###################

Vetor de solucoes: 
0 0 0 1 0 1 2 0 0 2 0 0 1 2 0 2 2 0 0 2 1 1 1 1 2 0 0 1 2 0 2 2 0 2 0 0 0 0 0 0 0 1 0 0 0 2 0 0 0 0 0 0 0 0 2 2 2 0 2 0 0 2 2 0 2 2 2 2 2 2 1 1 1 1 2 2 1 0 2 2 2 2 2 2 2 2 2 2 2 2 2 2 2 2 2 2 2 2 2 2 1 2 2 2 2 2 2 2 2 2 2 2 2 2 2 2 1 2 2 2 2 2 1 1 1 1 2 2 2 1 1 2 2 2 2 2 1 1 2 2 2 1 1 1 1 1 1 1 1 1 1 2 2 2 2 1 1 2 1 1 0 1 1 2 1 2 0 0 1 0 1 1 1 1 1 1 1 2 2 0 

 Inviabilidades: 0 
FO: 70210.312859
Tempo total:23.896
######################## FIM ###################

 ######################## 400 ###################

Vetor de solucoes: 
1 1 1 0 1 0 2 1 1 2 1 1 0 2 1 2 2 1 1 2 0 0 0 0 2 1 1 0 2 1 2 2 1 2 1 1 1 1 1 1 1 0 1 1 1 2 1 1 1 1 1 1 1 1 2 2 2 1 2 1 1 2 2 1 2 2 2 2 2 2 0 0 0 0 2 2 0 1 2 2 2 2 2 2 2 2 2 2 2 2 2 2 2 2 2 2 2 2 2 2 0 2 2 2 2 2 2 2 2 2 2 2 2 2 2 2 0 2 2 2 2 2 0 0 0 0 2 2 2 0 0 2 2 2 2 2 0 0 2 2 2 0 0 0 0 0 0 0 0 0 0 2 2 2 2 0 0 2 0 0 1 0 0 2 0 2 1 1 0 1 0 0 0 0 0 0 0 2 2 1 

 Inviabilidades: 0 
FO: 70210.312859
Tempo total:26.316
######################## FIM ###################

 ######################## 400 ###################

Vetor de solucoes: 
2 2 2 0 2 0 1 2 2 1 2 2 0 1 2 1 1 2 2 1 0 0 0 0 1 2 2 0 1 2 1 1 2 1 2 2 2 2 2 2 2 0 2 2 2 1 2 2 2 2 2 2 2 2 1 1 1 2 1 2 2 1 1 2 1 1 1 1 1 1 0 0 0 0 1 1 0 2 1 1 1 1 1 1 1 1 1 1 1 1 1 1 1 1 1 1 1 1 1 1 0 1 1 1 1 1 1 1 1 1 1 1 1 1 1 1 0 1 1 1 1 1 0 0 0 0 1 1 1 0 0 1 1 1 1 1 0 0 1 1 1 0 0 0 0 0 0 0 0 0 0 1 1 1 1 0 0 1 0 0 2 0 0 1 0 1 2 2 0 2 0 0 0 0 0 0 0 1 1 2 

 Inviabilidades: 0 
FO: 70210.312859
Tempo total:25.705
######################## FIM ###################

 ######################## 400 ###################

Vetor de solucoes: 
1 1 1 0 1 0 2 1 1 2 1 1 0 2 1 2 2 1 1 2 0 0 0 0 2 1 1 0 2 1 2 2 1 2 1 1 1 1 1 1 1 0 1 1 1 2 1 1 1 1 1 1 1 1 2 2 2 1 2 1 1 2 2 1 2 2 2 2 2 2 0 0 0 0 2 2 0 1 2 2 2 2 2 2 2 2 2 2 2 2 2 2 2 2 2 2 2 2 2 2 0 2 2 2 2 2 2 2 2 2 2 2 2 2 2 2 0 2 2 2 2 2 0 0 0 0 2 2 2 0 0 2 2 2 2 2 0 0 2 2 2 0 0 0 0 0 0 0 0 0 0 2 2 2 2 0 0 2 0 0 1 0 0 2 0 2 1 1 0 1 0 0 0 0 0 0 0 2 2 1 

 Inviabilidades: 0 
FO: 70210.312859
Tempo total:25.495
######################## FIM ###################

 ######################## 400 ###################

Vetor de solucoes: 
1 1 1 2 1 2 0 1 1 0 1 1 2 0 1 0 0 1 1 0 2 2 2 2 0 1 1 2 0 1 0 0 1 0 1 1 1 1 1 1 1 2 1 1 1 0 1 1 1 1 1 1 1 1 0 0 0 1 0 1 1 0 0 1 0 0 0 0 0 0 2 2 2 2 0 0 2 1 0 0 0 0 0 0 0 0 0 0 0 0 0 0 0 0 0 0 0 0 0 0 2 0 0 0 0 0 0 0 0 0 0 0 0 0 0 0 2 0 0 0 0 0 2 2 2 2 0 0 0 2 2 0 0 0 0 0 2 2 0 0 0 2 2 2 2 2 2 2 2 2 2 0 0 0 0 2 2 0 2 2 1 2 2 0 2 0 1 1 2 1 2 2 2 2 2 2 2 0 0 1 

 Inviabilidades: 0 
FO: 70210.312859
Tempo total:24.090
######################## FIM ###################

 ######################## 400 ###################

Vetor de solucoes: 
1 1 1 0 1 0 2 1 1 2 1 1 0 2 1 2 2 1 1 2 0 0 0 0 2 1 1 0 2 1 2 2 1 2 1 1 1 1 1 1 1 0 1 1 1 2 1 1 1 1 1 1 1 1 2 2 2 1 2 1 1 2 2 1 2 2 2 2 2 2 0 0 0 0 2 2 0 1 2 2 2 2 2 2 2 2 2 2 2 2 2 2 2 2 2 2 2 2 2 2 0 2 2 2 2 2 2 2 2 2 2 2 2 2 2 2 0 2 2 2 2 2 0 0 0 0 2 2 2 0 0 2 2 2 2 2 0 0 2 2 2 0 0 0 0 0 0 0 0 0 0 2 2 2 2 0 0 2 0 0 1 0 0 2 0 2 1 1 0 1 0 0 0 0 0 0 0 2 2 1 

 Inviabilidades: 0 
FO: 70210.312859
Tempo total:25.410
######################## FIM ###################

 ######################## 400 ###################

Vetor de solucoes: 
0 0 0 1 0 1 2 0 0 2 0 0 1 2 0 2 2 0 0 2 1 1 1 1 2 0 0 1 2 0 2 2 0 2 0 0 0 0 0 0 0 1 0 0 0 2 0 0 0 0 0 0 0 0 2 2 2 0 2 0 0 2 2 0 2 2 2 2 2 2 1 1 1 1 2 2 1 0 2 2 2 2 2 2 2 2 2 2 2 2 2 2 2 2 2 2 2 2 2 2 1 2 2 2 2 2 2 2 2 2 2 2 2 2 2 2 1 2 2 2 2 2 1 1 1 1 2 2 2 1 1 2 2 2 2 2 1 1 2 2 2 1 1 1 1 1 1 1 1 1 1 2 2 2 2 1 1 2 1 1 0 1 1 2 1 2 0 0 1 0 1 1 1 1 1 1 1 2 2 0 

 Inviabilidades: 0 
FO: 70210.312859
Tempo total:24.391
######################## FIM ###################

 ######################## 400 ###################

Vetor de solucoes: 
0 0 0 2 0 2 1 0 0 1 2 0 2 1 0 1 1 0 0 1 2 2 2 2 2 0 2 2 1 0 1 1 0 1 0 0 0 0 0 0 0 2 0 0 0 1 0 0 0 0 0 0 0 0 1 1 1 0 1 0 0 1 1 0 1 1 1 1 1 1 2 2 2 2 1 1 2 0 1 1 1 1 1 1 1 1 1 1 1 1 1 1 1 1 1 1 1 1 1 1 2 1 1 1 1 1 1 1 1 1 1 1 1 1 1 1 2 1 1 1 1 1 2 2 2 2 1 1 1 2 2 1 1 1 1 1 2 2 1 1 1 2 2 2 2 2 2 2 2 2 2 1 1 1 1 2 2 1 2 2 0 2 2 1 2 1 2 0 2 0 2 2 2 2 2 2 2 1 1 0 

 Inviabilidades: 0 
FO: 70329.344257
Tempo total:23.787
######################## FIM ###################

 ######################## 400 ###################

Vetor de solucoes: 
2 2 2 0 2 0 1 2 2 1 2 2 0 1 2 1 1 2 2 1 0 0 0 0 1 2 2 0 1 2 1 1 2 1 2 2 2 2 2 2 2 0 2 2 2 1 2 2 2 2 2 2 2 2 1 1 1 2 1 2 2 1 1 2 1 1 1 1 1 1 0 0 0 0 1 1 0 2 1 1 1 1 1 1 1 1 1 1 1 1 1 1 1 1 1 1 1 1 1 1 0 1 1 1 1 1 1 1 1 1 1 1 1 1 1 1 0 1 1 1 1 1 0 0 0 0 1 1 1 0 0 1 1 1 1 1 0 0 1 1 1 0 0 0 0 0 0 0 0 0 0 1 1 1 1 0 0 1 0 0 2 0 0 1 0 1 2 2 0 2 0 0 0 0 0 0 0 1 1 2 

 Inviabilidades: 0 
FO: 70210.312859
Tempo total:23.929
######################## FIM ###################

 ######################## 400 ###################

Vetor de solucoes: 
1 1 1 2 1 2 0 1 1 0 2 1 2 0 1 0 0 1 1 0 2 2 2 2 2 1 2 2 0 1 0 0 1 0 1 1 1 1 1 1 1 2 1 1 1 0 1 1 1 1 1 1 1 1 0 0 0 1 0 1 1 0 0 1 0 0 0 0 0 0 2 2 2 2 0 0 2 1 0 0 0 0 0 0 0 0 0 0 0 0 0 0 0 0 0 0 0 0 0 0 2 0 0 0 0 0 0 0 0 0 0 0 0 0 0 0 2 0 0 0 0 0 2 2 2 2 0 0 0 2 2 0 0 0 0 0 2 2 0 0 0 2 2 2 2 2 2 2 2 2 2 0 0 0 0 2 2 0 2 2 1 2 2 0 2 0 1 1 2 1 2 2 2 2 2 2 2 0 0 1 

 Inviabilidades: 0 
FO: 70400.830284
Tempo total:23.717
######################## FIM ###################

 ######################## 400 ###################

Vetor de solucoes: 
1 1 1 2 1 2 0 1 1 0 2 1 2 0 1 0 0 1 1 0 2 2 2 2 2 1 2 2 0 1 0 0 1 0 1 1 1 1 1 1 1 2 1 1 1 0 1 1 1 1 1 1 1 1 0 0 0 1 0 1 1 0 0 1 0 0 0 0 0 0 2 2 2 2 0 0 2 1 0 0 0 0 0 0 0 0 0 0 0 0 0 0 0 0 0 0 0 0 0 0 2 0 0 0 0 0 0 0 0 0 0 0 0 0 0 0 2 0 0 0 0 0 2 2 2 2 0 0 0 2 2 0 0 0 0 0 2 2 0 0 0 2 2 2 2 2 2 2 2 2 2 0 0 0 0 2 2 0 2 2 1 2 2 0 2 0 1 1 2 1 2 2 2 2 2 2 2 0 0 1 

 Inviabilidades: 0 
FO: 70400.830284
Tempo total:23.715
######################## FIM ###################

 ######################## 400 ###################

Vetor de solucoes: 
2 2 2 1 2 1 0 2 2 0 2 2 1 0 2 0 0 2 2 0 1 1 1 1 0 2 2 1 0 2 0 0 2 0 2 2 2 2 2 2 2 1 2 2 2 0 2 2 2 2 2 2 2 2 0 0 0 2 0 2 2 0 0 2 0 0 0 0 0 0 1 1 1 1 0 0 1 2 0 0 0 0 0 0 0 0 0 0 0 0 0 0 0 0 0 0 0 0 0 0 1 0 0 0 0 0 0 0 0 0 0 0 0 0 0 0 1 0 0 0 0 0 1 1 1 1 0 0 0 1 1 0 0 0 0 0 1 1 0 0 0 1 1 1 1 1 1 1 1 1 1 0 0 0 0 1 1 0 1 1 2 1 1 0 1 0 2 2 1 2 1 1 1 1 1 1 1 0 0 2 

 Inviabilidades: 0 
FO: 70210.312859
Tempo total:23.683
######################## FIM ###################

 ######################## 400 ###################

Vetor de solucoes: 
2 2 2 1 2 1 0 2 2 0 2 2 1 0 2 0 0 2 2 0 1 1 1 1 0 2 2 1 0 2 0 0 2 0 2 2 2 2 2 2 2 1 2 2 2 0 2 2 2 2 2 2 2 2 0 0 0 2 0 2 2 0 0 2 0 0 0 0 0 0 1 1 1 1 0 0 1 2 0 0 0 0 0 0 0 0 0 0 0 0 0 0 0 0 0 0 0 0 0 0 1 0 0 0 0 0 0 0 0 0 0 0 0 0 0 0 1 0 0 0 0 0 1 1 1 1 0 0 0 1 1 0 0 0 0 0 1 1 0 0 0 1 1 1 1 1 1 1 1 1 1 0 0 0 0 1 1 0 1 1 2 1 1 0 1 0 2 2 1 2 1 1 1 1 1 1 1 0 0 2 

 Inviabilidades: 0 
FO: 70210.312859
Tempo total:24.765
######################## FIM ###################

 ######################## 400 ###################

Vetor de solucoes: 
2 2 2 0 2 0 1 2 2 1 2 2 0 1 2 1 1 2 2 1 0 0 0 0 1 2 2 0 1 2 1 1 2 1 2 2 2 2 2 2 2 0 2 2 2 1 2 2 2 2 2 2 2 2 1 1 1 2 1 2 2 1 1 2 1 1 1 1 1 1 0 0 0 0 1 1 0 2 1 1 1 1 1 1 1 1 1 1 1 1 1 1 1 1 1 1 1 1 1 1 0 1 1 1 1 1 1 1 1 1 1 1 1 1 1 1 0 1 1 1 1 1 0 0 0 0 1 1 1 0 0 1 1 1 1 1 0 0 1 1 1 0 0 0 0 0 0 0 0 0 0 1 1 1 1 0 0 1 0 0 2 0 0 1 0 1 2 2 0 2 0 0 0 0 0 0 0 1 1 2 

 Inviabilidades: 0 
FO: 70210.312859
Tempo total:24.079
######################## FIM ###################

 ######################## 400 ###################

Vetor de solucoes: 
0 0 0 2 0 2 1 0 0 1 0 0 2 1 0 1 1 0 0 1 2 2 2 2 1 0 0 2 1 0 1 1 0 1 0 0 0 0 0 0 0 2 0 0 0 1 0 0 0 0 0 0 0 0 1 1 1 0 1 0 0 1 1 0 1 1 1 1 1 1 2 2 2 2 1 1 2 0 1 1 1 1 1 1 1 1 1 1 1 1 1 1 1 1 1 1 1 1 1 1 2 1 1 1 1 1 1 1 1 1 1 1 1 1 1 1 2 1 1 1 1 1 2 2 2 2 1 1 1 2 2 1 1 1 1 1 2 2 1 1 1 2 2 2 2 2 2 2 2 2 2 1 1 1 1 2 2 1 2 2 0 2 2 1 2 1 0 0 2 0 2 2 2 2 2 2 2 1 1 0 

 Inviabilidades: 0 
FO: 70210.312859
Tempo total:24.422
######################## FIM ###################

 ######################## 400 ###################

Vetor de solucoes: 
0 0 0 2 0 2 1 0 0 1 2 0 2 1 0 1 1 0 0 1 2 2 2 2 2 0 2 2 1 0 1 1 0 1 0 0 0 0 0 0 0 2 0 0 0 1 0 0 0 0 0 0 0 0 1 1 1 0 1 0 0 1 1 0 1 1 1 1 1 1 2 2 2 2 1 1 2 0 1 1 1 1 1 1 1 1 1 1 1 1 1 1 1 1 1 1 1 1 1 1 2 1 1 1 1 1 1 1 1 1 1 1 1 1 1 1 2 1 1 1 1 1 2 2 2 2 1 1 1 2 2 1 1 1 1 1 2 2 1 1 1 2 2 2 2 2 2 2 2 2 2 1 1 1 1 2 2 1 2 2 0 2 2 1 2 1 2 0 2 0 2 2 2 2 2 2 2 1 1 0 

 Inviabilidades: 0 
FO: 70329.344257
Tempo total:24.121
######################## FIM ###################

 ######################## 400 ###################

Vetor de solucoes: 
1 1 1 2 1 2 0 1 1 0 1 1 2 0 1 0 0 1 1 0 2 2 2 2 0 1 2 2 0 1 0 0 1 0 1 1 1 1 1 1 1 2 1 1 1 0 1 1 1 1 1 1 1 1 0 0 0 1 0 1 1 0 0 1 0 0 0 0 0 0 2 2 2 2 0 0 2 1 0 0 0 0 0 0 0 0 0 0 0 0 0 0 0 0 0 0 0 0 0 0 2 0 0 0 0 0 0 0 0 0 0 0 0 0 0 0 2 0 0 0 0 0 2 2 2 2 0 0 0 2 2 0 0 0 0 0 2 2 0 0 0 2 2 2 2 2 2 2 2 2 2 0 0 0 0 2 2 0 2 2 1 2 2 0 2 0 1 1 2 1 2 2 2 2 2 2 2 0 0 1 

 Inviabilidades: 0 
FO: 70378.312107
Tempo total:24.521
######################## FIM ###################

 ######################## 400 ###################

Vetor de solucoes: 
0 0 0 1 0 1 2 0 0 2 0 0 1 2 0 2 2 0 0 2 1 1 1 1 2 0 0 1 2 0 2 2 0 2 0 0 0 0 0 0 0 1 0 0 0 2 0 0 0 0 0 0 0 0 2 2 2 0 2 0 0 2 2 0 2 2 2 2 2 2 1 1 1 1 2 2 1 0 2 2 2 2 2 2 2 2 2 2 2 2 2 2 2 2 2 2 2 2 2 2 1 2 2 2 2 2 2 2 2 2 2 2 2 2 2 2 1 2 2 2 2 2 1 1 1 1 2 2 2 1 1 2 2 2 2 2 1 1 2 2 2 1 1 1 1 1 1 1 1 1 1 2 2 2 2 1 1 2 1 1 0 1 1 2 1 2 0 0 1 0 1 1 1 1 1 1 1 2 2 0 

 Inviabilidades: 0 
FO: 70210.312859
Tempo total:25.923
######################## FIM ###################

 ######################## 400 ###################

Vetor de solucoes: 
0 0 0 1 0 1 2 0 0 2 0 0 1 2 0 2 2 0 0 2 1 1 1 1 2 0 0 1 2 0 2 2 0 2 0 0 0 0 0 0 0 1 0 0 0 2 0 0 0 0 0 0 0 0 2 2 2 0 2 0 0 2 2 0 2 2 2 2 2 2 1 1 1 1 2 2 1 0 2 2 2 2 2 2 2 2 2 2 2 2 2 2 2 2 2 2 2 2 2 2 1 2 2 2 2 2 2 2 2 2 2 2 2 2 2 2 1 2 2 2 2 2 1 1 1 1 2 2 2 1 1 2 2 2 2 2 1 1 2 2 2 1 1 1 1 1 1 1 1 1 1 2 2 2 2 1 1 2 1 1 0 1 1 2 1 2 0 0 1 0 1 1 1 1 1 1 1 2 2 0 

 Inviabilidades: 0 
FO: 70210.312859
Tempo total:24.238
######################## FIM ###################

 ######################## 400 ###################

Vetor de solucoes: 
2 2 2 1 2 1 0 2 2 0 2 2 1 0 2 0 0 2 2 0 1 1 1 1 0 2 2 1 0 2 0 0 2 0 2 2 2 2 2 2 2 1 2 2 2 0 2 2 2 2 2 2 2 2 0 0 0 2 0 2 2 0 0 2 0 0 0 0 0 0 1 1 1 1 0 0 1 2 0 0 0 0 0 0 0 0 0 0 0 0 0 0 0 0 0 0 0 0 0 0 1 0 0 0 0 0 0 0 0 0 0 0 0 0 0 0 1 0 0 0 0 0 1 1 1 1 0 0 0 1 1 0 0 0 0 0 1 1 0 0 0 1 1 1 1 1 1 1 1 1 1 0 0 0 0 1 1 0 1 1 2 1 1 0 1 0 2 2 1 2 1 1 1 1 1 1 1 0 0 2 

 Inviabilidades: 0 
FO: 70210.312859
Tempo total:24.696
######################## FIM ###################

 ######################## 400 ###################

Vetor de solucoes: 
1 1 1 2 1 2 0 1 1 0 1 1 2 0 1 0 0 1 1 0 2 2 2 2 0 1 1 2 0 1 0 0 1 0 1 1 1 1 1 1 1 2 1 1 1 0 1 1 1 1 1 1 1 1 0 0 0 1 0 1 1 0 0 1 0 0 0 0 0 0 2 2 2 2 0 0 2 1 0 0 0 0 0 0 0 0 0 0 0 0 0 0 0 0 0 0 0 0 0 0 2 0 0 0 0 0 0 0 0 0 0 0 0 0 0 0 2 0 0 0 0 0 2 2 2 2 0 0 0 2 2 0 0 0 0 0 2 2 0 0 0 2 2 2 2 2 2 2 2 2 2 0 0 0 0 2 2 0 2 2 1 2 2 0 2 0 1 1 2 1 2 2 2 2 2 2 2 0 0 1 

 Inviabilidades: 0 
FO: 70210.312859
Tempo total:23.865
######################## FIM ###################

 ######################## 400 ###################

Vetor de solucoes: 
0 0 0 1 0 1 2 0 0 2 0 0 1 2 0 2 2 0 0 2 1 1 1 1 2 0 0 1 2 0 2 2 0 2 0 0 0 0 0 0 0 1 0 0 0 2 0 0 0 0 0 0 0 0 2 2 2 0 2 0 0 2 2 0 2 2 2 2 2 2 1 1 1 1 2 2 1 0 2 2 2 2 2 2 2 2 2 2 2 2 2 2 2 2 2 2 2 2 2 2 1 2 2 2 2 2 2 2 2 2 2 2 2 2 2 2 1 2 2 2 2 2 1 1 1 1 2 2 2 1 1 2 2 2 2 2 1 1 2 2 2 1 1 1 1 1 1 1 1 1 1 2 2 2 2 1 1 2 1 1 0 1 1 2 1 2 0 0 1 0 1 1 1 1 1 1 1 2 2 0 

 Inviabilidades: 0 
FO: 70210.312859
Tempo total:24.987
######################## FIM ###################

 ######################## 400 ###################

Vetor de solucoes: 
1 1 1 2 1 2 0 1 1 0 2 1 2 0 1 0 0 1 1 0 2 2 2 2 2 1 2 2 0 1 0 0 1 0 1 1 1 1 1 1 1 2 1 1 1 0 1 1 1 1 1 1 1 1 0 0 0 1 0 1 1 0 0 1 0 0 0 0 0 0 2 2 2 2 0 0 2 1 0 0 0 0 0 0 0 0 0 0 0 0 0 0 0 0 0 0 0 0 0 0 2 0 0 0 0 0 0 0 0 0 0 0 0 0 0 0 2 0 0 0 0 0 2 2 2 2 0 0 0 2 2 0 0 0 0 0 2 2 0 0 0 2 2 2 2 2 2 2 2 2 2 0 0 0 0 2 2 0 2 2 1 2 2 0 2 0 1 1 2 1 2 2 2 2 2 2 2 0 0 1 

 Inviabilidades: 0 
FO: 70400.830284
Tempo total:23.624
######################## FIM ###################

 ######################## 400 ###################

Vetor de solucoes: 
1 1 1 0 1 0 2 1 1 2 1 1 0 2 1 2 2 1 1 2 0 0 0 0 2 1 1 0 2 1 2 2 1 2 1 1 1 1 1 1 1 0 1 1 1 2 1 1 1 1 1 1 1 1 2 2 2 1 2 1 1 2 2 1 2 2 2 2 2 2 0 0 0 0 2 2 0 1 2 2 2 2 2 2 2 2 2 2 2 2 2 2 2 2 2 2 2 2 2 2 0 2 2 2 2 2 2 2 2 2 2 2 2 2 2 2 0 2 2 2 2 2 0 0 0 0 2 2 2 0 0 2 2 2 2 2 0 0 2 2 2 0 0 0 0 0 0 0 0 0 0 2 2 2 2 0 0 2 0 0 1 0 0 2 0 2 1 1 0 1 0 0 0 0 0 0 0 2 2 1 

 Inviabilidades: 0 
FO: 70210.312859
Tempo total:23.511
######################## FIM ###################

 ######################## 400 ###################

Vetor de solucoes: 
0 0 0 2 0 2 1 0 0 1 0 0 2 1 0 1 1 0 0 1 2 2 2 2 1 0 2 2 1 0 1 1 0 1 0 0 0 0 0 0 0 2 0 0 0 1 0 0 0 0 0 0 0 0 1 1 1 0 1 0 0 1 1 0 1 1 1 1 1 1 2 2 2 2 1 1 2 0 1 1 1 1 1 1 1 1 1 1 1 1 1 1 1 1 1 1 1 1 1 1 2 1 1 1 1 1 1 1 1 1 1 1 1 1 1 1 2 1 1 1 1 1 2 2 2 2 1 1 1 2 2 1 1 1 1 1 2 2 1 1 1 2 2 2 2 2 2 2 2 2 2 1 1 1 1 2 2 1 2 2 0 2 2 1 2 1 0 0 2 0 2 2 2 2 2 2 2 1 1 0 

 Inviabilidades: 0 
FO: 70378.312107
Tempo total:24.036
######################## FIM ###################

 ######################## 400 ###################

Vetor de solucoes: 
2 2 2 1 2 1 0 2 2 0 2 2 1 0 2 0 0 2 2 0 1 1 1 1 0 2 2 1 0 2 0 0 2 0 2 2 2 2 2 2 2 1 2 2 2 0 2 2 2 2 2 2 2 2 0 0 0 2 0 2 2 0 0 2 0 0 0 0 0 0 1 1 1 1 0 0 1 2 0 0 0 0 0 0 0 0 0 0 0 0 0 0 0 0 0 0 0 0 0 0 1 0 0 0 0 0 0 0 0 0 0 0 0 0 0 0 1 0 0 0 0 0 1 1 1 1 0 0 0 1 1 0 0 0 0 0 1 1 0 0 0 1 1 1 1 1 1 1 1 1 1 0 0 0 0 1 1 0 1 1 2 1 1 0 1 0 2 2 1 2 1 1 1 1 1 1 1 0 0 2 

 Inviabilidades: 0 
FO: 70210.312859
Tempo total:24.064
######################## FIM ###################

 ######################## 400 ###################

Vetor de solucoes: 
1 1 1 0 1 0 2 1 1 2 1 1 0 2 1 2 2 1 1 2 0 0 0 0 0 1 0 0 2 1 2 2 1 2 1 1 1 1 1 1 1 0 1 1 1 2 1 1 1 1 1 1 1 1 2 2 2 1 2 1 1 2 2 1 2 2 2 2 2 2 0 0 0 0 2 2 0 1 2 2 2 2 2 2 2 2 2 2 2 2 2 2 2 2 2 2 2 2 2 2 0 2 2 2 2 2 2 2 2 2 2 2 2 2 2 2 0 2 2 2 2 2 0 0 0 0 2 2 2 0 0 2 2 2 2 2 0 0 2 2 2 0 0 0 0 0 0 0 0 0 0 2 2 2 2 0 0 2 0 0 1 0 0 2 0 2 1 1 1 1 0 0 0 0 0 0 0 2 2 1 

 Inviabilidades: 0 
FO: 70457.897740
Tempo total:24.444
######################## FIM ###################

 ######################## 400 ###################

Vetor de solucoes: 
1 1 1 2 1 2 0 1 1 0 1 1 2 0 1 0 0 1 1 0 2 2 2 2 0 1 1 2 0 1 0 0 1 0 1 1 1 1 1 1 1 2 1 1 1 0 1 1 1 1 1 1 1 1 0 0 0 1 0 1 1 0 0 1 0 0 0 0 0 0 2 2 2 2 0 0 2 1 0 0 0 0 0 0 0 0 0 0 0 0 0 0 0 0 0 0 0 0 0 0 2 0 0 0 0 0 0 0 0 0 0 0 0 0 0 0 2 0 0 0 0 0 2 2 2 2 0 0 0 2 2 0 0 0 0 0 2 2 0 0 0 2 2 2 2 2 2 2 2 2 2 0 0 0 0 2 2 0 2 2 1 2 2 0 2 0 1 1 2 1 2 2 2 2 2 2 2 0 0 1 

 Inviabilidades: 0 
FO: 70210.312859
Tempo total:23.594
######################## FIM ###################

 ######################## 400 ###################

Vetor de solucoes: 
0 0 0 1 0 1 2 0 0 2 0 0 1 2 0 2 2 0 0 2 1 1 1 1 2 0 0 1 2 0 2 2 0 2 0 0 0 0 0 0 0 1 0 0 0 2 0 0 0 0 0 0 0 0 2 2 2 0 2 0 0 2 2 0 2 2 2 2 2 2 1 1 1 1 2 2 1 0 2 2 2 2 2 2 2 2 2 2 2 2 2 2 2 2 2 2 2 2 2 2 1 2 2 2 2 2 2 2 2 2 2 2 2 2 2 2 1 2 2 2 2 2 1 1 1 1 2 2 2 1 1 2 2 2 2 2 1 1 2 2 2 1 1 1 1 1 1 1 1 1 1 2 2 2 2 1 1 2 1 1 0 1 1 2 1 2 0 0 1 0 1 1 1 1 1 1 1 2 2 0 

 Inviabilidades: 0 
FO: 70210.312859
Tempo total:23.933
######################## FIM ###################

 ######################## 400 ###################

Vetor de solucoes: 
0 0 0 1 0 1 2 0 0 2 0 0 1 2 0 2 2 0 0 2 1 1 1 1 2 0 0 1 2 0 2 2 0 2 0 0 0 0 0 0 0 1 0 0 0 2 0 0 0 0 0 0 0 0 2 2 2 0 2 0 0 2 2 0 2 2 2 2 2 2 1 1 1 1 2 2 1 0 2 2 2 2 2 2 2 2 2 2 2 2 2 2 2 2 2 2 2 2 2 2 1 2 2 2 2 2 2 2 2 2 2 2 2 2 2 2 1 2 2 2 2 2 1 1 1 1 2 2 2 1 1 2 2 2 2 2 1 1 2 2 2 1 1 1 1 1 1 1 1 1 1 2 2 2 2 1 1 2 1 1 0 1 1 2 1 2 0 0 1 0 1 1 1 1 1 1 1 2 2 0 

 Inviabilidades: 0 
FO: 70210.312859
Tempo total:24.426
######################## FIM ###################

 ######################## 400 ###################

Vetor de solucoes: 
1 1 1 0 1 0 2 1 1 2 1 1 0 2 1 2 2 1 1 2 0 0 0 0 2 1 1 0 2 1 2 2 1 2 1 1 1 1 1 1 1 0 1 1 1 2 1 1 1 1 1 1 1 1 2 2 2 1 2 1 1 2 2 1 2 2 2 2 2 2 0 0 0 0 2 2 0 1 2 2 2 2 2 2 2 2 2 2 2 2 2 2 2 2 2 2 2 2 2 2 0 2 2 2 2 2 2 2 2 2 2 2 2 2 2 2 0 2 2 2 2 2 0 0 0 0 2 2 2 0 0 2 2 2 2 2 0 0 2 2 2 0 0 0 0 0 0 0 0 0 0 2 2 2 2 0 0 2 0 0 1 0 0 2 0 2 1 1 0 1 0 0 0 0 0 0 0 2 2 1 

 Inviabilidades: 0 
FO: 70210.312859
Tempo total:24.664
######################## FIM ###################
