
 ######################## 50 ###################

Vetor de solucoes: 
0 0 0 2 0 2 0 0 2 1 0 2 2 0 0 0 0 0 2 2 2 0 2 2 0 0 2 0 2 2 0 0 0 0 0 0 0 0 0 0 0 2 0 0 2 2 0 0 0 0 0 0 0 2 0 0 0 2 0 0 0 2 1 2 0 0 0 0 0 0 1 0 0 0 0 0 2 2 2 2 2 2 2 2 2 2 2 2 2 2 2 0 2 2 2 2 0 0 

 Inviabilidades: 0 
FO: 86370.890971
Tempo total:4.011
######################## FIM ###################

 ######################## 50 ###################

Vetor de solucoes: 
0 0 0 1 0 1 0 0 1 2 0 1 1 0 0 0 0 0 1 1 1 0 1 1 0 0 1 0 1 1 0 0 0 0 0 0 0 0 0 0 0 1 0 0 1 1 0 0 0 0 0 0 0 1 0 0 0 1 0 0 0 1 2 1 0 0 0 0 0 0 2 0 0 0 0 0 1 1 1 1 1 1 1 1 1 1 1 1 1 1 1 0 1 1 1 1 0 0 

 Inviabilidades: 0 
FO: 86370.890971
Tempo total:3.879
######################## FIM ###################

 ######################## 50 ###################

Vetor de solucoes: 
2 2 2 1 2 1 2 2 1 0 2 1 1 2 2 2 2 2 1 1 1 2 1 1 2 2 1 2 1 1 2 2 2 2 2 2 2 2 2 2 2 1 2 2 1 1 2 2 2 2 2 2 2 1 2 2 2 1 2 2 2 1 0 1 2 2 2 2 2 2 0 2 2 2 2 2 1 1 1 1 1 1 1 1 1 1 1 1 1 1 1 2 1 1 1 1 2 2 

 Inviabilidades: 0 
FO: 86370.890971
Tempo total:4.623
######################## FIM ###################

 ######################## 50 ###################

Vetor de solucoes: 
0 0 0 2 0 2 0 0 2 1 0 0 2 0 0 0 0 0 2 2 2 0 2 2 0 2 2 0 2 2 2 2 0 0 0 0 0 0 0 0 0 2 0 0 2 2 0 0 0 0 0 0 0 2 0 0 0 2 0 0 0 2 1 2 0 0 0 0 0 0 1 0 0 0 0 0 2 2 2 2 2 2 2 2 2 2 2 2 2 2 2 0 2 2 2 2 0 0 

 Inviabilidades: 0 
FO: 86427.341876
Tempo total:3.910
######################## FIM ###################

 ######################## 50 ###################

Vetor de solucoes: 
0 0 0 1 0 1 0 0 1 2 0 1 1 0 0 0 0 0 1 1 1 0 1 1 0 0 1 0 1 1 0 0 0 0 0 0 0 0 0 0 0 1 0 0 1 1 0 0 0 0 0 0 0 1 0 0 0 1 0 0 0 1 2 1 0 0 0 0 0 0 2 0 0 0 0 0 1 1 1 1 1 1 1 1 1 1 1 1 1 1 1 0 1 1 1 1 0 0 

 Inviabilidades: 0 
FO: 86370.890971
Tempo total:3.765
######################## FIM ###################

 ######################## 50 ###################

Vetor de solucoes: 
0 0 0 1 0 1 0 0 1 2 0 1 1 0 0 0 0 0 1 1 1 0 1 1 0 0 1 0 1 1 0 0 0 0 0 0 0 0 0 0 0 1 0 0 1 1 0 0 0 0 0 0 0 1 0 0 0 1 0 0 0 1 2 1 0 0 0 0 0 0 2 0 0 0 0 0 1 1 1 1 1 1 1 1 1 1 1 1 1 1 1 0 1 1 1 1 0 0 

 Inviabilidades: 0 
FO: 86370.890971
Tempo total:3.714
######################## FIM ###################

 ######################## 50 ###################

Vetor de solucoes: 
1 1 1 0 1 0 1 1 0 2 1 0 0 1 1 1 1 1 0 0 0 1 0 0 1 1 0 1 0 0 1 1 1 1 1 1 1 1 1 1 1 0 1 1 0 0 1 1 1 1 1 1 1 0 1 1 1 0 1 1 1 0 2 0 1 1 1 1 1 1 2 1 1 1 1 1 0 0 0 0 0 0 0 0 0 0 0 0 0 0 0 1 0 0 0 0 1 1 

 Inviabilidades: 0 
FO: 86370.890971
Tempo total:3.906
######################## FIM ###################

 ######################## 50 ###################

Vetor de solucoes: 
2 2 2 1 2 1 2 2 1 0 2 1 1 2 2 2 2 2 1 1 1 2 1 1 2 2 1 2 1 1 2 2 2 2 2 2 2 2 2 2 2 1 2 2 1 1 2 2 2 2 2 2 2 1 2 2 2 1 2 2 2 1 0 1 2 2 2 2 2 2 0 2 2 2 2 2 1 1 1 1 1 1 1 1 1 1 1 1 1 1 1 2 1 1 1 1 2 2 

 Inviabilidades: 0 
FO: 86370.890971
Tempo total:4.674
######################## FIM ###################

 ######################## 50 ###################

Vetor de solucoes: 
0 0 0 1 0 1 0 0 1 2 0 1 1 0 0 0 0 0 1 1 1 0 1 1 0 0 1 0 1 1 0 0 0 0 0 0 0 0 0 0 0 1 0 0 1 1 0 0 0 0 0 0 0 1 0 0 0 1 0 0 0 1 2 1 0 0 0 0 0 0 2 0 0 0 0 0 1 1 1 1 1 1 1 1 1 1 1 1 1 1 1 0 1 1 1 1 0 0 

 Inviabilidades: 0 
FO: 86370.890971
Tempo total:3.850
######################## FIM ###################

 ######################## 50 ###################

Vetor de solucoes: 
0 0 0 2 0 2 0 0 2 1 0 2 2 0 0 0 0 0 2 2 2 0 2 2 0 0 2 0 2 2 0 0 0 0 0 0 0 0 0 0 0 2 0 0 2 2 0 0 0 0 0 0 0 2 0 0 0 2 0 0 0 2 1 2 0 0 0 0 0 0 1 0 0 0 0 0 2 2 2 2 2 2 2 2 2 2 2 2 2 2 2 0 2 2 2 2 0 0 

 Inviabilidades: 0 
FO: 86370.890971
Tempo total:3.890
######################## FIM ###################

 ######################## 50 ###################

Vetor de solucoes: 
1 1 1 2 1 2 1 1 2 0 1 2 2 1 1 1 1 1 2 2 2 1 2 2 1 1 2 1 2 2 1 1 1 1 1 1 1 1 1 1 1 2 1 1 2 2 1 1 1 1 1 1 1 2 1 1 1 2 1 1 1 2 0 2 1 1 1 1 1 1 0 1 1 1 1 1 2 2 2 2 2 2 2 2 2 2 2 2 2 2 2 1 2 2 2 2 1 1 

 Inviabilidades: 0 
FO: 86370.890971
Tempo total:4.591
######################## FIM ###################

 ######################## 50 ###################

Vetor de solucoes: 
2 2 2 0 2 0 2 2 0 1 2 0 0 2 2 2 2 2 0 0 0 2 0 0 2 2 0 2 0 0 2 2 2 2 2 2 2 2 2 2 2 0 2 2 0 0 2 2 2 2 2 2 2 0 2 2 2 0 2 2 2 0 1 0 2 2 2 2 2 2 1 2 2 2 2 2 0 0 0 0 0 0 0 0 0 0 0 0 0 0 0 2 0 0 0 0 2 2 

 Inviabilidades: 0 
FO: 86370.890971
Tempo total:4.021
######################## FIM ###################

 ######################## 50 ###################

Vetor de solucoes: 
2 2 2 0 2 0 2 2 0 1 2 0 0 2 2 2 2 2 0 0 0 0 0 0 2 2 0 2 0 0 0 2 2 2 2 2 2 0 2 2 2 0 2 2 0 0 2 2 2 2 2 2 2 0 2 2 2 0 2 2 2 0 1 0 2 2 2 2 2 2 2 2 2 2 2 2 0 0 0 0 0 0 1 0 0 0 0 0 0 0 0 2 0 0 0 0 2 2 

 Inviabilidades: 0 
FO: 86837.793607
Tempo total:4.082
######################## FIM ###################

 ######################## 50 ###################

Vetor de solucoes: 
2 2 2 1 2 1 2 2 1 0 2 1 1 2 2 2 2 2 1 1 1 2 1 1 2 2 1 2 1 1 2 2 2 2 2 2 2 2 2 2 2 1 2 2 1 1 2 2 2 2 2 2 2 1 2 2 2 1 2 2 2 1 0 1 2 2 2 2 2 2 0 2 2 2 2 2 1 1 1 1 1 1 1 1 1 1 1 1 1 1 1 2 1 1 1 1 2 2 

 Inviabilidades: 0 
FO: 86370.890971
Tempo total:4.577
######################## FIM ###################

 ######################## 50 ###################

Vetor de solucoes: 
0 0 0 1 0 1 0 0 1 2 0 1 1 0 0 0 0 0 1 1 1 0 1 1 0 0 1 0 1 1 0 0 0 0 0 0 0 0 0 0 0 1 0 0 1 1 0 0 0 0 0 0 0 1 0 0 0 1 0 0 0 1 2 1 0 0 0 0 0 0 2 0 0 0 0 0 1 1 1 1 1 1 1 1 1 1 1 1 1 1 1 0 1 1 1 1 0 0 

 Inviabilidades: 0 
FO: 86370.890971
Tempo total:4.498
######################## FIM ###################

 ######################## 50 ###################

Vetor de solucoes: 
0 0 0 2 0 2 0 0 2 1 0 2 2 0 0 0 0 0 2 2 2 0 2 2 0 0 2 0 2 2 0 0 0 0 0 0 0 0 0 0 0 2 0 0 2 2 0 0 0 0 0 0 0 2 0 0 0 2 0 0 0 2 1 2 0 0 0 0 0 0 1 0 0 0 0 0 2 2 2 2 2 2 2 2 2 2 2 2 2 2 2 0 2 2 2 2 0 0 

 Inviabilidades: 0 
FO: 86370.890971
Tempo total:3.897
######################## FIM ###################

 ######################## 50 ###################

Vetor de solucoes: 
1 1 1 0 1 0 1 1 0 2 1 0 0 1 1 1 1 1 0 0 0 1 0 0 1 1 0 1 0 0 1 1 1 1 1 1 1 1 1 1 1 0 1 1 0 0 1 1 1 1 1 1 1 0 1 1 1 0 1 1 1 0 2 0 1 1 1 1 1 1 2 1 1 1 1 1 0 0 0 0 0 0 0 0 0 0 0 0 0 0 0 1 0 0 0 0 1 1 

 Inviabilidades: 0 
FO: 86370.890971
Tempo total:3.942
######################## FIM ###################

 ######################## 50 ###################

Vetor de solucoes: 
0 0 0 1 0 1 0 0 1 2 0 1 1 0 0 0 0 0 1 1 1 0 1 1 0 0 1 0 1 1 0 0 0 0 0 0 0 0 0 0 0 1 0 0 1 1 0 0 0 0 0 0 0 1 0 0 0 1 0 0 0 1 2 1 0 0 0 0 0 0 2 0 0 0 0 0 1 1 1 1 1 1 1 1 1 1 1 1 1 1 1 0 1 1 1 1 0 0 

 Inviabilidades: 0 
FO: 86370.890971
Tempo total:3.757
######################## FIM ###################

 ######################## 50 ###################

Vetor de solucoes: 
0 0 0 2 0 2 0 0 2 1 0 2 2 0 0 0 0 0 2 2 2 0 2 2 0 0 2 0 2 2 0 0 0 0 0 0 0 0 0 0 0 2 0 0 2 2 0 0 0 0 0 0 0 2 0 0 0 2 0 0 0 2 1 2 0 0 0 0 0 0 1 0 0 0 0 0 2 2 2 2 2 2 2 2 2 2 2 2 2 2 2 0 2 2 2 2 0 0 

 Inviabilidades: 0 
FO: 86370.890971
Tempo total:3.916
######################## FIM ###################

 ######################## 50 ###################

Vetor de solucoes: 
0 0 0 1 0 1 0 0 1 2 0 1 1 0 0 0 0 0 1 1 1 0 1 1 0 0 1 0 1 1 0 0 0 0 0 0 0 0 0 0 0 1 0 0 1 1 0 0 0 0 0 0 0 1 0 0 0 1 0 0 0 1 2 1 0 0 0 0 0 0 2 0 0 0 0 0 1 1 1 1 1 1 1 1 1 1 1 1 1 1 1 0 1 1 1 1 0 0 

 Inviabilidades: 0 
FO: 86370.890971
Tempo total:3.725
######################## FIM ###################

 ######################## 50 ###################

Vetor de solucoes: 
1 1 1 0 1 0 1 1 0 2 1 0 0 1 1 1 1 1 0 0 0 1 0 0 1 1 0 1 0 0 1 1 1 1 1 1 1 1 1 1 1 0 1 1 0 0 1 1 1 1 1 1 1 0 1 1 1 0 1 1 1 0 2 0 1 1 1 1 1 1 2 1 1 1 1 1 0 0 0 0 0 0 0 0 0 0 0 0 0 0 0 1 0 0 0 0 1 1 

 Inviabilidades: 0 
FO: 86370.890971
Tempo total:3.889
######################## FIM ###################

 ######################## 50 ###################

Vetor de solucoes: 
1 1 1 2 1 2 1 1 2 0 1 2 2 1 1 1 1 1 2 2 2 1 2 2 1 1 2 1 2 2 1 1 1 1 1 1 1 1 1 1 1 2 1 1 2 2 1 1 1 1 1 1 1 2 1 1 1 2 1 1 1 2 0 2 1 1 1 1 1 1 0 1 1 1 1 1 2 2 2 2 2 2 2 2 2 2 2 2 2 2 2 1 2 2 2 2 1 1 

 Inviabilidades: 0 
FO: 86370.890971
Tempo total:4.522
######################## FIM ###################

 ######################## 50 ###################

Vetor de solucoes: 
1 1 1 2 1 2 1 1 2 0 1 2 2 1 1 1 1 1 2 2 2 1 2 2 1 1 2 1 2 2 1 1 1 1 1 1 1 1 1 1 1 2 1 1 2 2 1 1 1 1 1 1 1 2 1 1 1 2 1 1 1 2 0 2 1 1 1 1 1 1 0 1 1 1 1 1 2 2 2 2 2 2 2 2 2 2 2 2 2 2 2 1 2 2 2 2 1 1 

 Inviabilidades: 0 
FO: 86370.890971
Tempo total:4.431
######################## FIM ###################

 ######################## 50 ###################

Vetor de solucoes: 
2 2 2 1 2 1 2 2 1 0 2 1 1 2 2 2 2 2 1 1 1 2 1 1 2 2 1 2 1 1 2 2 2 2 2 2 2 2 2 2 2 1 2 2 1 1 2 2 2 2 2 2 2 1 2 2 2 1 2 2 2 1 0 1 2 2 2 2 2 2 0 2 2 2 2 2 1 1 1 1 1 1 1 1 1 1 1 1 1 1 1 2 1 1 1 1 2 2 

 Inviabilidades: 0 
FO: 86370.890971
Tempo total:4.229
######################## FIM ###################

 ######################## 50 ###################

Vetor de solucoes: 
2 2 2 1 2 1 2 2 1 0 2 1 1 2 2 2 2 2 1 1 1 2 1 1 2 2 1 2 1 1 2 2 2 2 2 2 2 2 2 2 2 1 2 2 1 1 2 2 2 2 2 2 2 1 2 2 2 1 2 2 2 1 0 1 2 2 2 2 2 2 0 2 2 2 2 2 1 1 1 1 1 1 1 1 1 1 1 1 1 1 1 2 1 1 1 1 2 2 

 Inviabilidades: 0 
FO: 86370.890971
Tempo total:4.647
######################## FIM ###################

 ######################## 50 ###################

Vetor de solucoes: 
2 2 2 0 2 0 2 2 0 1 2 0 0 2 2 2 2 2 0 0 0 2 0 0 2 2 0 2 0 0 2 2 2 2 2 2 2 2 2 2 2 0 2 2 0 0 2 2 2 2 2 2 2 0 2 2 2 0 2 2 2 0 1 0 2 2 2 2 2 2 1 2 2 2 2 2 0 0 0 0 0 0 0 0 0 0 0 0 0 0 0 2 0 0 0 0 2 2 

 Inviabilidades: 0 
FO: 86370.890971
Tempo total:4.129
######################## FIM ###################

 ######################## 50 ###################

Vetor de solucoes: 
1 1 1 2 1 2 1 1 2 0 1 2 2 1 1 1 1 1 2 2 2 1 2 2 1 1 2 1 2 2 1 1 1 1 1 1 1 1 1 1 1 2 1 1 2 2 1 1 1 1 1 1 1 2 1 1 1 2 1 1 1 2 0 2 1 1 1 1 1 1 0 1 1 1 1 1 2 2 2 2 2 2 2 2 2 2 2 2 2 2 2 1 2 2 2 2 1 1 

 Inviabilidades: 0 
FO: 86370.890971
Tempo total:4.457
######################## FIM ###################

 ######################## 50 ###################

Vetor de solucoes: 
1 1 1 0 1 0 1 1 0 2 1 1 0 1 1 1 1 1 0 0 0 1 0 0 1 0 0 1 0 0 0 0 1 1 1 1 1 1 1 1 1 0 1 1 0 0 1 1 1 1 1 1 1 0 1 1 1 0 1 1 1 0 2 0 1 1 1 1 1 1 2 1 1 1 1 1 0 0 0 0 0 0 0 0 0 0 0 0 0 0 0 1 0 0 0 0 1 1 

 Inviabilidades: 0 
FO: 86427.341876
Tempo total:3.876
######################## FIM ###################

 ######################## 50 ###################

Vetor de solucoes: 
2 2 2 1 2 1 2 2 1 0 2 1 1 2 2 2 2 2 1 1 1 2 1 1 2 2 1 2 1 1 2 2 2 2 2 2 2 2 2 2 2 1 2 2 1 1 2 2 2 2 2 2 2 1 2 2 2 1 2 2 2 1 0 1 2 2 2 2 2 2 0 2 2 2 2 2 1 1 1 1 1 1 1 1 1 1 1 1 1 1 1 2 1 1 1 1 2 2 

 Inviabilidades: 0 
FO: 86370.890971
Tempo total:4.628
######################## FIM ###################

 ######################## 50 ###################

Vetor de solucoes: 
2 2 2 1 2 1 2 2 1 0 2 1 1 2 2 2 2 2 1 1 1 2 1 1 2 2 1 2 1 1 2 2 2 2 2 2 2 2 2 2 2 1 2 2 1 1 2 2 2 2 2 2 2 1 2 2 2 1 2 2 2 1 0 1 2 2 2 2 2 2 0 2 2 2 2 2 1 1 1 1 1 1 1 1 1 1 1 1 1 1 1 2 1 1 1 1 2 2 

 Inviabilidades: 0 
FO: 86370.890971
Tempo total:4.641
######################## FIM ###################

 ######################## 50 ###################

Vetor de solucoes: 
1 1 1 0 1 0 1 1 0 2 1 1 0 1 1 1 1 1 0 0 0 1 0 0 1 0 0 1 0 0 0 0 1 1 1 1 1 1 1 1 1 0 1 1 0 0 1 1 1 1 1 1 1 0 1 1 1 0 1 1 1 0 2 0 1 1 1 1 1 1 2 1 1 1 1 1 0 0 0 0 0 0 0 0 0 0 0 0 0 0 0 1 0 0 0 0 1 1 

 Inviabilidades: 0 
FO: 86427.341876
Tempo total:3.884
######################## FIM ###################

 ######################## 50 ###################

Vetor de solucoes: 
0 0 0 2 0 2 0 0 2 1 0 2 2 0 0 0 0 0 2 2 2 0 2 2 0 0 2 0 2 2 0 0 0 0 0 0 0 0 0 0 0 2 0 0 2 2 0 0 0 0 0 0 0 2 0 0 0 2 0 0 0 2 1 2 0 0 0 0 0 0 1 0 0 0 0 0 2 2 2 2 2 2 2 2 2 2 2 2 2 2 2 0 2 2 2 2 0 0 

 Inviabilidades: 0 
FO: 86370.890971
Tempo total:3.859
######################## FIM ###################

 ######################## 50 ###################

Vetor de solucoes: 
0 0 0 2 0 2 0 0 2 1 0 2 2 0 0 0 0 0 2 2 2 0 2 2 0 0 2 0 2 2 0 0 0 0 0 0 0 0 0 0 0 2 0 0 2 2 0 0 0 0 0 0 0 2 0 0 0 2 0 0 0 2 1 2 0 0 0 0 0 0 1 0 0 0 0 0 2 2 2 2 2 2 2 2 2 2 2 2 2 2 2 0 2 2 2 2 0 0 

 Inviabilidades: 0 
FO: 86370.890971
Tempo total:3.877
######################## FIM ###################

 ######################## 50 ###################

Vetor de solucoes: 
1 1 1 2 1 2 1 1 2 0 1 2 2 1 1 1 1 1 2 2 2 1 2 2 1 1 2 1 2 2 1 1 1 1 1 1 1 1 1 1 1 2 1 1 2 2 1 1 1 1 1 1 1 2 1 1 1 2 1 1 1 2 0 2 1 1 1 1 1 1 0 1 1 1 1 1 2 2 2 2 2 2 2 2 2 2 2 2 2 2 2 1 2 2 2 2 1 1 

 Inviabilidades: 0 
FO: 86370.890971
Tempo total:4.523
######################## FIM ###################

 ######################## 50 ###################

Vetor de solucoes: 
0 0 0 1 0 1 0 0 1 2 0 1 1 0 0 0 0 0 1 1 1 0 1 1 0 0 1 0 1 1 0 0 0 0 0 0 0 0 0 0 0 1 0 0 1 1 0 0 0 0 0 0 0 1 0 0 0 1 0 0 0 1 2 1 0 0 0 0 0 0 2 0 0 0 0 0 1 1 1 1 1 1 1 1 1 1 1 1 1 1 1 0 1 1 1 1 0 0 

 Inviabilidades: 0 
FO: 86370.890971
Tempo total:3.745
######################## FIM ###################

 ######################## 50 ###################

Vetor de solucoes: 
0 0 0 1 0 1 0 0 1 2 0 1 1 0 0 0 0 0 1 1 1 0 1 1 0 0 1 0 1 1 0 0 0 0 0 0 0 0 0 0 0 1 0 0 1 1 0 0 0 0 0 0 0 1 0 0 0 1 0 0 0 1 2 1 0 0 0 0 0 0 2 0 0 0 0 0 1 1 1 1 1 1 1 1 1 1 1 1 1 1 1 0 1 1 1 1 0 0 

 Inviabilidades: 0 
FO: 86370.890971
Tempo total:3.701
######################## FIM ###################

 ######################## 50 ###################

Vetor de solucoes: 
0 0 0 2 0 2 0 0 2 1 0 2 2 0 0 0 0 0 2 2 2 0 2 2 0 0 2 0 2 2 0 0 0 0 0 0 0 0 0 0 0 2 0 0 2 2 0 0 0 0 0 0 0 2 0 0 0 2 0 0 0 2 1 2 0 0 0 0 0 0 1 0 0 0 0 0 2 2 2 2 2 2 2 2 2 2 2 2 2 2 2 0 2 2 2 2 0 0 

 Inviabilidades: 0 
FO: 86370.890971
Tempo total:3.866
######################## FIM ###################

 ######################## 50 ###################

Vetor de solucoes: 
0 0 0 2 0 2 0 0 2 1 0 2 2 0 0 0 0 0 2 2 2 0 2 2 0 0 2 0 2 2 0 0 0 0 0 0 0 0 0 0 0 2 0 0 2 2 0 0 0 0 0 0 0 2 0 0 0 2 0 0 0 2 1 2 0 0 0 0 0 0 1 0 0 0 0 0 2 2 2 2 2 2 2 2 2 2 2 2 2 2 2 0 2 2 2 2 0 0 

 Inviabilidades: 0 
FO: 86370.890971
Tempo total:3.905
######################## FIM ###################

 ######################## 50 ###################

Vetor de solucoes: 
1 1 1 0 1 0 1 1 0 2 1 0 0 1 1 1 1 1 0 0 0 1 0 0 1 1 0 1 0 0 1 1 1 1 1 1 1 1 1 1 1 0 1 1 0 0 1 1 1 1 1 1 1 0 1 1 1 0 1 1 1 0 2 0 1 1 1 1 1 1 2 1 1 1 1 1 0 0 0 0 0 0 0 0 0 0 0 0 0 0 0 1 0 0 0 0 1 1 

 Inviabilidades: 0 
FO: 86370.890971
Tempo total:3.898
######################## FIM ###################

 ######################## 50 ###################

Vetor de solucoes: 
0 0 0 1 0 1 0 0 1 2 0 0 1 0 0 0 0 0 1 1 1 0 1 1 0 1 1 0 1 1 1 1 0 0 0 0 0 0 0 0 0 1 0 0 1 1 0 0 0 0 0 0 0 1 0 0 0 1 0 0 0 1 2 1 0 0 0 0 0 0 2 0 0 0 0 0 1 1 1 1 1 1 1 1 1 1 1 1 1 1 1 0 1 1 1 1 0 0 

 Inviabilidades: 0 
FO: 86427.341876
Tempo total:4.451
######################## FIM ###################

 ######################## 50 ###################

Vetor de solucoes: 
0 0 0 2 0 2 0 0 2 1 0 2 2 0 0 0 0 0 2 2 2 0 2 2 0 0 2 0 2 2 0 0 0 0 0 0 0 0 0 0 0 2 0 0 2 2 0 0 0 0 0 0 0 2 0 0 0 2 0 0 0 2 1 2 0 0 0 0 0 0 1 0 0 0 0 0 2 2 2 2 2 2 2 2 2 2 2 2 2 2 2 0 2 2 2 2 0 0 

 Inviabilidades: 0 
FO: 86370.890971
Tempo total:3.857
######################## FIM ###################

 ######################## 50 ###################

Vetor de solucoes: 
0 0 0 2 0 2 0 0 2 1 0 2 2 0 0 0 0 0 2 2 2 0 2 2 0 0 2 0 2 2 0 0 0 0 0 0 0 0 0 0 0 2 0 0 2 2 0 0 0 0 0 0 0 2 0 0 0 2 0 0 0 2 1 2 0 0 0 0 0 0 1 0 0 0 0 0 2 2 2 2 2 2 2 2 2 2 2 2 2 2 2 0 2 2 2 2 0 0 

 Inviabilidades: 0 
FO: 86370.890971
Tempo total:3.887
######################## FIM ###################

 ######################## 50 ###################

Vetor de solucoes: 
1 1 1 2 1 2 1 1 2 0 1 2 2 1 1 1 1 1 2 2 2 1 2 2 1 1 2 1 2 2 1 1 1 1 1 1 1 1 1 1 1 2 1 1 2 2 1 1 1 1 1 1 1 2 1 1 1 2 1 1 1 2 0 2 1 1 1 1 1 1 0 1 1 1 1 1 2 2 2 2 2 2 2 2 2 2 2 2 2 2 2 1 2 2 2 2 1 1 

 Inviabilidades: 0 
FO: 86370.890971
Tempo total:4.094
######################## FIM ###################

 ######################## 50 ###################

Vetor de solucoes: 
2 2 2 1 2 1 2 2 1 0 2 1 1 2 2 2 2 2 1 1 1 2 1 1 2 2 1 2 1 1 2 2 2 2 2 2 2 2 2 2 2 1 2 2 1 1 2 2 2 2 2 2 2 1 2 2 2 1 2 2 2 1 0 1 2 2 2 2 2 2 0 2 2 2 2 2 1 1 1 1 1 1 1 1 1 1 1 1 1 1 1 2 1 1 1 1 2 2 

 Inviabilidades: 0 
FO: 86370.890971
Tempo total:4.482
######################## FIM ###################

 ######################## 50 ###################

Vetor de solucoes: 
0 0 0 2 0 2 0 0 2 1 0 2 2 0 0 0 0 0 2 2 2 0 2 2 0 0 2 0 2 2 0 0 0 0 0 0 0 0 0 0 0 2 0 0 2 2 0 0 0 0 0 0 0 2 0 0 0 2 0 0 0 2 1 2 0 0 0 0 0 0 1 0 0 0 0 0 2 2 2 2 2 2 2 2 2 2 2 2 2 2 2 0 2 2 2 2 0 0 

 Inviabilidades: 0 
FO: 86370.890971
Tempo total:3.907
######################## FIM ###################

 ######################## 50 ###################

Vetor de solucoes: 
2 2 2 0 2 0 2 2 0 1 2 0 0 2 2 2 2 2 0 0 0 2 0 0 2 2 0 2 0 0 2 2 2 2 2 2 2 2 2 2 2 0 2 2 0 0 2 2 2 2 2 2 2 0 2 2 2 0 2 2 2 0 1 0 2 2 2 2 2 2 1 2 2 2 2 2 0 0 0 0 0 0 0 0 0 0 0 0 0 0 0 2 0 0 0 0 2 2 

 Inviabilidades: 0 
FO: 86370.890971
Tempo total:3.784
######################## FIM ###################

 ######################## 50 ###################

Vetor de solucoes: 
1 1 1 0 1 0 1 1 0 2 1 0 0 1 1 1 1 1 0 0 0 1 0 0 1 1 0 1 0 0 1 1 1 1 1 1 1 1 1 1 1 0 1 1 0 0 1 1 1 1 1 1 1 0 1 1 1 0 1 1 1 0 2 0 1 1 1 1 1 1 2 1 1 1 1 1 0 0 0 0 0 0 0 0 0 0 0 0 0 0 0 1 0 0 0 0 1 1 

 Inviabilidades: 0 
FO: 86370.890971
Tempo total:3.957
######################## FIM ###################

 ######################## 50 ###################

Vetor de solucoes: 
1 1 1 0 1 0 1 1 0 2 1 0 0 1 1 1 1 1 0 0 0 1 0 0 1 1 0 1 0 0 1 1 1 1 1 1 1 1 1 1 1 0 1 1 0 0 1 1 1 1 1 1 1 0 1 1 1 0 1 1 1 0 2 0 1 1 1 1 1 1 2 1 1 1 1 1 0 0 0 0 0 0 0 0 0 0 0 0 0 0 0 1 0 0 0 0 1 1 

 Inviabilidades: 0 
FO: 86370.890971
Tempo total:3.907
######################## FIM ###################

 ######################## 50 ###################

Vetor de solucoes: 
0 0 0 2 0 2 0 0 2 1 0 2 2 0 0 0 0 0 2 2 2 0 2 2 0 0 2 0 2 2 0 0 0 0 0 0 0 0 0 0 0 2 0 0 2 2 0 0 0 0 0 0 0 2 0 0 0 2 0 0 0 2 1 2 0 0 0 0 0 0 1 0 0 0 0 0 2 2 2 2 2 2 2 2 2 2 2 2 2 2 2 0 2 2 2 2 0 0 

 Inviabilidades: 0 
FO: 86370.890971
Tempo total:3.835
######################## FIM ###################

 ######################## 50 ###################

Vetor de solucoes: 
1 1 1 2 1 2 1 1 2 0 1 1 2 1 1 1 1 1 2 2 2 1 2 2 1 2 2 1 2 2 2 2 1 1 1 1 1 1 1 1 1 2 1 1 2 2 1 1 1 1 1 1 1 2 1 1 1 2 1 1 1 2 0 2 1 1 1 1 1 1 0 1 1 1 1 1 2 2 2 2 2 2 2 2 2 2 2 2 2 2 2 1 2 2 2 2 1 1 

 Inviabilidades: 0 
FO: 86427.341876
Tempo total:4.449
######################## FIM ###################
