
######################## 350 ###################

Vetor de solucoes: 
1 1 1 2 1 1 0 1 1 0 1 1 2 0 1 0 0 1 1 0 2 2 2 2 0 1 1 2 0 1 0 0 1 0 1 1 1 1 1 1 1 2 1 1 1 0 1 1 1 1 1 1 1 1 0 0 0 1 0 1 1 0 0 1 0 0 0 0 0 0 2 2 2 2 0 0 2 1 0 0 0 0 0 0 0 0 0 0 0 0 0 0 0 0 0 0 0 0 0 0 2 0 0 0 0 0 0 0 0 0 0 0 0 0 0 0 2 0 0 0 0 0 2 2 2 2 0 0 0 2 2 0 0 0 0 0 2 2 0 0 0 2 2 2 2 2 2 2 2 2 2 0 0 0 0 2 2 0 2 2 1 2 2 0 2 0 1 1 2 1 2 2 1 2 2 2 2 0 0 1 

 Inviabilidades: 2 
FO: 70318.977477
Tempo total:25.620
######################## FIM ###################

######################## 350 ###################

Vetor de solucoes: 
1 1 1 0 1 0 2 0 1 2 0 1 0 2 1 2 2 1 1 2 0 0 0 0 0 1 1 1 2 1 2 2 1 2 1 1 1 1 1 1 1 0 1 1 1 2 1 1 1 1 1 1 1 1 2 2 2 1 2 1 1 2 2 1 2 2 2 2 2 2 0 0 0 0 2 2 0 1 2 2 2 2 2 2 2 2 2 2 2 2 2 2 2 2 2 2 2 2 2 2 0 2 2 2 2 2 2 2 2 2 2 2 2 2 2 2 0 2 2 2 2 2 0 0 0 0 2 2 2 1 1 2 2 2 2 2 0 0 2 2 2 0 1 0 0 0 0 0 0 0 0 2 2 2 2 0 0 2 0 0 1 0 0 2 0 2 1 1 1 1 0 0 0 0 0 1 0 2 2 1 

 Inviabilidades: 1 
FO: 70651.033118
Tempo total:27.018
######################## FIM ###################

######################## 350 ###################

Vetor de solucoes: 
1 2 1 0 1 1 2 1 1 2 1 1 0 2 1 2 2 1 1 2 0 0 0 0 2 1 1 1 2 1 2 2 1 2 1 1 1 1 1 1 1 0 1 1 1 2 1 1 1 1 1 1 1 1 2 2 2 1 2 1 1 2 2 1 2 2 2 2 2 2 0 0 0 2 2 2 0 1 2 2 2 2 2 2 2 2 2 2 2 2 2 2 2 2 2 2 2 2 2 2 0 2 2 2 2 2 2 2 2 2 2 2 2 2 2 2 0 2 2 2 2 2 0 0 0 0 2 2 2 0 0 2 2 2 2 2 0 0 2 2 2 0 0 0 0 0 0 0 0 0 0 2 2 2 2 0 0 2 0 0 1 0 0 2 0 2 1 1 0 1 0 0 1 0 0 0 0 2 2 1 

 Inviabilidades: 1 
FO: 70467.461216
Tempo total:26.130
######################## FIM ###################
