
 ######################## 350 ###################

Vetor de solucoes: 
1 1 1 2 1 1 0 1 1 0 1 1 2 0 1 0 0 1 1 0 2 2 2 2 0 1 1 2 0 1 0 0 1 0 1 1 1 1 1 1 1 2 1 1 1 0 1 1 1 1 1 1 1 1 0 0 0 1 0 1 1 0 0 1 0 0 0 0 0 0 2 2 2 2 0 0 2 1 0 0 0 0 0 0 0 0 0 0 0 0 0 0 0 0 0 0 0 0 0 0 2 0 0 0 0 0 0 0 0 0 0 0 0 0 0 0 2 0 0 0 0 0 2 2 2 2 0 0 0 2 2 0 0 0 0 0 2 2 0 0 0 2 2 2 2 2 2 2 2 2 2 0 0 0 0 2 2 0 2 2 1 2 2 0 2 0 1 1 2 1 2 2 1 2 2 2 2 0 0 1 

 Inviabilidades: 2 
FO: 70318.977477
Tempo total:25.620
######################## FIM ###################

 ######################## 350 ###################

Vetor de solucoes: 
1 1 1 0 1 0 2 0 1 2 0 1 0 2 1 2 2 1 1 2 0 0 0 0 0 1 1 1 2 1 2 2 1 2 1 1 1 1 1 1 1 0 1 1 1 2 1 1 1 1 1 1 1 1 2 2 2 1 2 1 1 2 2 1 2 2 2 2 2 2 0 0 0 0 2 2 0 1 2 2 2 2 2 2 2 2 2 2 2 2 2 2 2 2 2 2 2 2 2 2 0 2 2 2 2 2 2 2 2 2 2 2 2 2 2 2 0 2 2 2 2 2 0 0 0 0 2 2 2 1 1 2 2 2 2 2 0 0 2 2 2 0 1 0 0 0 0 0 0 0 0 2 2 2 2 0 0 2 0 0 1 0 0 2 0 2 1 1 1 1 0 0 0 0 0 1 0 2 2 1 

 Inviabilidades: 1 
FO: 70651.033118
Tempo total:27.018
######################## FIM ###################

 ######################## 350 ###################

Vetor de solucoes: 
1 1 1 0 1 1 2 1 1 2 1 1 0 2 1 2 2 1 1 2 0 0 0 0 2 1 1 1 2 1 2 2 1 2 1 1 1 1 1 1 1 0 1 1 1 2 1 1 1 1 1 1 1 1 2 2 2 1 2 1 1 2 2 1 2 2 2 2 2 2 0 0 0 2 2 2 0 1 2 2 2 2 2 2 2 2 2 2 2 2 2 2 2 2 2 2 2 2 2 2 0 2 2 2 2 2 2 2 2 2 2 2 2 2 2 2 0 2 2 2 2 2 0 0 0 0 2 2 2 1 1 2 2 2 2 2 0 0 2 2 2 0 1 0 0 0 0 0 1 0 0 2 2 2 2 0 0 2 0 0 1 0 0 2 0 2 1 1 1 1 0 0 1 0 0 1 0 2 2 1 

 Inviabilidades: 2 
FO: 71188.956757
Tempo total:27.521
######################## FIM ###################

 ######################## 350 ###################

Vetor de solucoes: 
1 2 1 0 1 1 2 1 1 2 1 1 0 2 1 2 2 1 1 2 0 0 0 0 2 1 1 1 2 1 2 2 1 2 1 1 1 1 1 1 1 0 1 1 1 2 1 1 1 1 1 1 1 1 2 2 2 1 2 1 1 2 2 1 2 2 2 2 2 2 0 0 0 2 2 2 0 1 2 2 2 2 2 2 2 2 2 2 2 2 2 2 2 2 2 2 2 2 2 2 0 2 2 2 2 2 2 2 2 2 2 2 2 2 2 2 0 2 2 2 2 2 0 0 0 0 2 2 2 0 0 2 2 2 2 2 0 0 2 2 2 0 0 0 0 0 0 0 0 0 0 2 2 2 2 0 0 2 0 0 1 0 0 2 0 2 1 1 0 1 0 0 1 0 0 0 0 2 2 1 

 Inviabilidades: 1 
FO: 70467.461216
Tempo total:26.130
######################## FIM ###################

 ######################## 350 ###################

Vetor de solucoes: 
1 1 1 2 1 1 0 1 1 0 1 1 2 0 1 0 0 1 1 0 2 2 2 2 0 1 1 2 0 1 0 0 1 0 1 1 1 1 1 1 1 2 1 1 1 0 1 1 1 1 1 1 1 1 0 0 0 1 0 1 1 0 0 1 0 0 0 0 0 0 2 2 2 2 0 0 2 1 0 0 0 0 0 0 0 0 0 0 0 0 0 0 0 0 0 0 0 0 0 0 2 0 0 0 0 0 0 0 0 0 0 0 0 0 0 0 2 0 0 0 0 0 2 2 2 2 0 0 0 2 2 0 0 0 0 0 2 2 0 0 0 2 2 2 2 2 2 2 2 2 2 0 0 0 0 2 2 0 2 2 1 2 2 0 2 0 1 1 2 1 2 2 1 2 2 2 2 0 0 1 

 Inviabilidades: 2 
FO: 70318.977477
Tempo total:24.345
######################## FIM ###################

 ######################## 350 ###################

Vetor de solucoes: 
2 2 2 0 2 2 1 2 2 1 2 2 0 1 2 1 1 2 2 1 0 0 0 0 1 2 2 0 1 2 1 1 2 1 2 2 2 2 2 2 2 0 2 2 2 1 2 2 2 2 2 2 2 2 1 1 1 2 1 2 2 1 1 2 1 1 1 1 1 1 0 0 0 0 1 1 0 2 1 1 1 1 1 1 1 1 1 1 1 1 1 1 1 1 1 1 1 1 1 1 0 1 1 1 1 1 1 1 1 1 1 1 1 1 1 1 0 1 1 1 1 1 0 0 0 0 1 1 1 0 0 1 1 1 1 1 0 0 1 1 1 0 0 0 0 0 0 0 0 0 0 1 1 1 1 0 0 1 0 0 2 0 0 1 0 1 2 2 0 2 0 0 2 0 0 0 0 1 1 2 

 Inviabilidades: 2 
FO: 70318.977477
Tempo total:24.229
######################## FIM ###################

 ######################## 350 ###################

Vetor de solucoes: 
1 1 1 0 1 1 2 1 1 2 1 1 0 2 1 2 2 1 1 2 0 0 0 0 2 1 1 0 2 1 2 2 1 2 1 1 1 1 1 1 1 0 1 1 1 2 1 1 1 1 1 1 1 1 2 2 2 1 2 1 1 2 2 1 2 2 2 2 2 2 0 0 0 0 2 2 0 1 2 2 2 2 2 2 2 2 2 2 2 2 2 2 2 2 2 2 2 2 2 2 0 2 2 2 2 2 2 2 2 2 2 2 2 2 2 2 0 2 2 2 2 2 0 0 0 0 2 2 2 0 0 2 2 2 2 2 0 0 2 2 2 0 0 0 0 0 0 0 0 0 0 2 2 2 2 0 0 2 0 0 1 0 0 2 0 2 1 1 0 1 0 0 1 0 0 0 0 2 2 1 

 Inviabilidades: 2 
FO: 70318.977477
Tempo total:25.347
######################## FIM ###################

 ######################## 350 ###################

Vetor de solucoes: 
0 0 0 1 0 1 2 1 0 2 1 0 1 2 0 2 2 0 0 2 1 1 1 1 1 0 0 0 2 0 2 2 0 2 0 0 0 0 0 0 0 1 0 0 0 2 0 0 0 0 0 0 0 0 2 2 2 0 2 0 0 2 2 0 2 2 2 2 2 2 1 1 1 1 2 2 1 0 2 2 2 2 2 2 2 2 2 2 2 2 2 2 2 2 2 2 2 2 2 2 1 2 2 2 2 2 2 2 2 2 2 2 2 2 2 2 1 2 2 2 2 2 1 1 1 1 2 2 2 0 0 2 2 2 2 2 1 1 2 2 2 1 0 1 1 1 1 1 1 1 1 2 2 2 2 1 1 2 1 1 0 1 1 2 1 2 0 0 0 0 1 1 1 1 1 0 1 2 2 0 

 Inviabilidades: 1 
FO: 70651.033118
Tempo total:25.261
######################## FIM ###################

 ######################## 350 ###################

Vetor de solucoes: 
0 0 0 2 0 2 1 2 0 1 2 0 2 1 0 1 1 0 0 1 2 2 2 2 2 0 0 0 1 0 1 1 0 1 0 0 0 0 0 0 0 2 0 0 0 1 0 0 0 0 0 0 0 0 1 1 1 0 1 0 0 1 1 0 1 1 1 1 1 1 2 2 2 2 1 1 2 0 1 1 1 1 1 1 1 1 1 1 1 1 1 1 1 1 1 1 1 1 1 1 2 1 1 1 1 1 1 1 1 1 1 1 1 1 1 1 2 1 1 1 1 1 2 2 2 2 1 1 1 0 0 1 1 1 1 1 2 2 1 1 1 2 0 2 2 2 2 2 2 2 2 1 1 1 1 2 2 1 2 2 0 2 2 1 2 1 0 0 0 0 2 2 2 2 2 0 2 1 1 0 

 Inviabilidades: 1 
FO: 70651.033118
Tempo total:23.116
######################## FIM ###################

 ######################## 350 ###################

Vetor de solucoes: 
0 1 0 2 0 0 1 0 0 1 0 0 2 1 0 1 1 0 0 1 2 2 2 2 1 0 0 0 1 0 1 1 0 1 0 0 0 0 0 0 0 2 0 0 0 1 0 0 0 0 0 0 0 0 1 1 1 0 1 0 0 1 1 0 1 1 1 1 1 1 2 2 2 1 1 1 2 0 1 1 1 1 1 1 1 1 1 1 1 1 1 1 1 1 1 1 1 1 1 1 2 1 1 1 1 1 1 1 1 1 1 1 1 1 1 1 2 1 1 1 1 1 2 2 2 2 1 1 1 2 2 1 1 1 1 1 2 2 1 1 1 2 2 2 2 2 2 2 2 2 2 1 1 1 1 2 2 1 2 2 0 2 2 1 2 1 0 0 2 0 2 2 0 2 2 2 2 1 1 0 

 Inviabilidades: 1 
FO: 70467.461216
Tempo total:23.451
######################## FIM ###################

 ######################## 350 ###################

Vetor de solucoes: 
1 1 1 0 1 1 2 1 1 2 1 1 0 2 1 2 2 1 1 2 0 0 0 0 2 1 1 0 2 1 2 2 1 2 1 1 1 1 1 1 1 0 1 1 1 2 1 1 1 1 1 1 1 1 2 2 2 1 2 1 1 2 2 1 2 2 2 2 2 2 0 0 0 0 2 2 0 1 2 2 2 2 2 2 2 2 2 2 2 2 2 2 2 2 2 2 2 2 2 2 0 2 2 2 2 2 2 2 2 2 2 2 2 2 2 2 0 2 2 2 2 2 0 0 0 0 2 2 2 0 0 2 2 2 2 2 0 0 2 2 2 0 0 0 0 0 0 0 0 0 0 2 2 2 2 0 0 2 0 0 1 0 0 2 0 2 1 1 0 1 0 0 1 0 0 0 0 2 2 1 

 Inviabilidades: 2 
FO: 70318.977477
Tempo total:27.639
######################## FIM ###################

 ######################## 350 ###################

Vetor de solucoes: 
1 1 1 2 1 1 0 1 1 0 1 1 2 0 1 0 0 1 1 0 2 2 2 2 0 1 1 2 0 1 0 0 1 0 1 1 1 1 1 1 1 2 1 1 1 0 1 1 1 1 1 1 1 1 0 0 0 1 0 1 1 0 0 1 0 0 0 0 0 0 2 2 2 2 0 0 2 1 0 0 0 0 0 0 0 0 0 0 0 0 0 0 0 0 0 0 0 0 0 0 2 0 0 0 0 0 0 0 0 0 0 0 0 0 0 0 2 0 0 0 0 0 2 2 2 2 0 0 0 2 2 0 0 0 0 0 2 2 0 0 0 2 2 2 2 2 2 2 2 2 2 0 0 0 0 2 2 0 2 2 1 2 2 0 2 0 1 1 2 1 2 2 1 2 2 2 2 0 0 1 

 Inviabilidades: 2 
FO: 70318.977477
Tempo total:27.017
######################## FIM ###################

 ######################## 350 ###################

Vetor de solucoes: 
1 1 1 2 1 1 0 1 1 0 1 1 2 0 1 0 0 1 1 0 2 2 2 2 0 1 1 2 0 1 0 0 1 0 1 1 1 1 1 1 1 2 1 1 1 0 1 1 1 1 1 1 1 1 0 0 0 1 0 1 1 0 0 1 0 0 0 0 0 0 2 2 2 2 0 0 2 1 0 0 0 0 0 0 0 0 0 0 0 0 0 0 0 0 0 0 0 0 0 0 2 0 0 0 0 0 0 0 0 0 0 0 0 0 0 0 2 0 0 0 0 0 2 2 2 2 0 0 0 2 2 0 0 0 0 0 2 2 0 0 0 2 2 2 2 2 2 2 2 2 2 0 0 0 0 2 2 0 2 2 1 2 2 0 2 0 1 1 2 1 2 2 1 2 2 2 2 0 0 1 

 Inviabilidades: 2 
FO: 70318.977477
Tempo total:24.724
######################## FIM ###################

 ######################## 350 ###################

Vetor de solucoes: 
2 2 2 0 2 2 1 2 2 1 2 2 0 1 2 1 1 2 2 1 0 0 0 0 1 2 2 0 1 2 1 1 2 1 2 2 2 2 2 2 2 0 2 2 2 1 2 2 2 2 2 2 2 2 1 1 1 2 1 2 2 1 1 2 1 1 1 1 1 1 0 0 0 0 1 1 0 2 1 1 1 1 1 1 1 1 1 1 1 1 1 1 1 1 1 1 1 1 1 1 0 1 1 1 1 1 1 1 1 1 1 1 1 1 1 1 0 1 1 1 1 1 0 0 0 0 1 1 1 0 0 1 1 1 1 1 0 0 1 1 1 0 0 0 0 0 0 0 0 0 0 1 1 1 1 0 0 1 0 0 2 0 0 1 0 1 2 2 0 2 0 0 2 0 0 0 0 1 1 2 

 Inviabilidades: 2 
FO: 70318.977477
Tempo total:24.543
######################## FIM ###################

 ######################## 350 ###################

Vetor de solucoes: 
2 2 2 0 2 0 1 0 2 1 0 2 0 1 2 1 1 2 2 1 0 0 0 0 0 2 2 2 1 2 1 1 2 1 2 2 2 2 2 2 2 0 2 2 2 1 2 2 2 2 2 2 2 2 1 1 1 2 1 2 2 1 1 2 1 1 1 1 1 1 0 0 0 0 1 1 0 2 1 1 1 1 1 1 1 1 1 1 1 1 1 1 1 1 1 1 1 1 1 1 0 1 1 1 1 1 1 1 1 1 1 1 1 1 1 1 0 1 1 1 1 1 0 0 0 0 1 1 1 2 2 1 1 1 1 1 0 0 1 1 1 0 2 0 0 0 0 0 0 0 0 1 1 1 1 0 0 1 0 0 2 0 0 1 0 1 2 2 2 2 0 0 0 0 0 2 0 1 1 2 

 Inviabilidades: 1 
FO: 70651.033118
Tempo total:24.795
######################## FIM ###################

 ######################## 350 ###################

Vetor de solucoes: 
2 2 2 0 2 2 1 2 2 1 2 2 0 1 2 1 1 2 2 1 0 0 0 0 1 2 2 0 1 2 1 1 2 1 2 2 2 2 2 2 2 0 2 2 2 1 2 2 2 2 2 2 2 2 1 1 1 2 1 2 2 1 1 2 1 1 1 1 1 1 0 0 0 0 1 1 0 2 1 1 1 1 1 1 1 1 1 1 1 1 1 1 1 1 1 1 1 1 1 1 0 1 1 1 1 1 1 1 1 1 1 1 1 1 1 1 0 1 1 1 1 1 0 0 0 0 1 1 1 0 0 1 1 1 1 1 0 0 1 1 1 0 0 0 0 0 0 0 0 0 0 1 1 1 1 0 0 1 0 0 2 0 0 1 0 1 2 2 0 2 0 0 2 0 0 0 0 1 1 2 

 Inviabilidades: 2 
FO: 70318.977477
Tempo total:24.570
######################## FIM ###################

 ######################## 350 ###################

Vetor de solucoes: 
2 0 2 1 2 2 0 2 2 0 2 2 1 0 2 0 0 2 2 0 1 1 1 1 0 2 2 2 0 2 0 0 2 0 2 2 2 2 2 2 2 1 2 2 2 0 2 2 2 2 2 2 2 2 0 0 0 2 0 2 2 0 0 2 0 0 0 0 0 0 1 1 1 0 0 0 1 2 0 0 0 0 0 0 0 0 0 0 0 0 0 0 0 0 0 0 0 0 0 0 1 0 0 0 0 0 0 0 0 0 0 0 0 0 0 0 1 0 0 0 0 0 1 1 1 1 0 0 0 1 1 0 0 0 0 0 1 1 0 0 0 1 1 1 1 1 1 1 1 1 1 0 0 0 0 1 1 0 1 1 2 1 1 0 1 0 2 2 1 2 1 1 2 1 1 1 1 0 0 2 

 Inviabilidades: 1 
FO: 70467.461216
Tempo total:24.237
######################## FIM ###################

 ######################## 350 ###################

Vetor de solucoes: 
0 1 0 2 0 0 1 0 0 1 0 0 2 1 0 1 1 0 0 1 2 2 2 2 1 0 0 0 1 0 1 1 0 1 0 0 0 0 0 0 0 2 0 0 0 1 0 0 0 0 0 0 0 0 1 1 1 0 1 0 0 1 1 0 1 1 1 1 1 1 2 2 2 1 1 1 2 0 1 1 1 1 1 1 1 1 1 1 1 1 1 1 1 1 1 1 1 1 1 1 2 1 1 1 1 1 1 1 1 1 1 1 1 1 1 1 2 1 1 1 1 1 2 2 2 2 1 1 1 2 2 1 1 1 1 1 2 2 1 1 1 2 2 2 2 2 2 2 2 2 2 1 1 1 1 2 2 1 2 2 0 2 2 1 2 1 0 0 2 0 2 2 0 2 2 2 2 1 1 0 

 Inviabilidades: 1 
FO: 70467.461216
Tempo total:24.543
######################## FIM ###################

 ######################## 350 ###################

Vetor de solucoes: 
1 0 1 2 1 1 0 1 1 0 1 1 2 0 1 0 0 1 1 0 2 2 2 2 0 1 1 1 0 1 0 0 1 0 1 1 1 1 1 1 1 2 1 1 1 0 1 1 1 1 1 1 1 1 0 0 0 1 0 1 1 0 0 1 0 0 0 0 0 0 2 2 2 0 0 0 2 1 0 0 0 0 0 0 0 0 0 0 0 0 0 0 0 0 0 0 0 0 0 0 2 0 0 0 0 0 0 0 0 0 0 0 0 0 0 0 2 0 0 0 0 0 2 2 2 2 0 0 0 2 2 0 0 0 0 0 2 2 0 0 0 2 2 2 2 2 2 2 2 2 2 0 0 0 0 2 2 0 2 2 1 2 2 0 2 0 1 1 2 1 2 2 1 2 2 2 2 0 0 1 

 Inviabilidades: 1 
FO: 70467.461216
Tempo total:24.115
######################## FIM ###################

 ######################## 350 ###################

Vetor de solucoes: 
1 1 1 0 1 1 2 1 1 2 1 1 0 2 1 2 2 1 1 2 0 0 0 0 2 1 1 0 2 1 2 2 1 2 1 1 1 1 1 1 1 0 1 1 1 2 1 1 1 1 1 1 1 1 2 2 2 1 2 1 1 2 2 1 2 2 2 2 2 2 0 0 0 0 2 2 0 1 2 2 2 2 2 2 2 2 2 2 2 2 2 2 2 2 2 2 2 2 2 2 0 2 2 2 2 2 2 2 2 2 2 2 2 2 2 2 0 2 2 2 2 2 0 0 0 0 2 2 2 0 0 2 2 2 2 2 0 0 2 2 2 0 0 0 0 0 0 0 0 0 0 2 2 2 2 0 0 2 0 0 1 0 0 2 0 2 1 1 0 1 0 0 1 0 0 0 0 2 2 1 

 Inviabilidades: 2 
FO: 70318.977477
Tempo total:24.630
######################## FIM ###################

 ######################## 350 ###################

Vetor de solucoes: 
1 0 0 1 0 1 2 1 0 2 1 0 1 2 0 2 2 1 0 2 1 1 1 1 1 0 0 0 2 0 2 2 0 2 0 0 0 0 0 0 0 1 0 0 0 2 0 0 0 0 0 0 0 0 2 2 2 0 2 0 0 2 2 0 2 2 2 2 2 2 1 1 1 1 2 2 1 0 2 2 2 2 2 2 2 2 2 2 2 2 2 2 2 2 2 2 2 2 2 2 1 2 2 2 2 2 2 2 2 2 2 2 2 2 2 2 1 2 2 2 2 2 1 1 1 1 2 2 2 1 1 2 2 2 2 2 1 1 2 2 2 1 1 1 1 1 1 1 1 1 1 2 2 2 2 1 1 2 1 0 0 1 1 2 1 2 0 0 1 0 1 1 1 1 1 1 1 2 2 0 

 Inviabilidades: 2 
FO: 70354.892356
Tempo total:24.153
######################## FIM ###################

 ######################## 350 ###################

Vetor de solucoes: 
2 2 2 1 2 2 0 2 2 0 2 2 1 0 2 0 0 2 2 0 1 1 1 1 0 2 2 1 0 2 0 0 2 0 2 2 2 2 2 2 2 1 2 2 2 0 2 2 2 2 2 2 2 2 0 0 0 2 0 2 2 0 0 2 0 0 0 0 0 0 1 1 1 1 0 0 1 2 0 0 0 0 0 0 0 0 0 0 0 0 0 0 0 0 0 0 0 0 0 0 1 0 0 0 0 0 0 0 0 0 0 0 0 0 0 0 1 0 0 0 0 0 1 1 1 1 0 0 0 1 1 0 0 0 0 0 1 1 0 0 0 1 1 1 1 1 1 1 1 1 1 0 0 0 0 1 1 0 1 1 2 1 1 0 1 0 2 2 1 2 1 1 2 1 1 1 1 0 0 2 

 Inviabilidades: 2 
FO: 70318.977477
Tempo total:23.856
######################## FIM ###################

 ######################## 350 ###################

Vetor de solucoes: 
1 1 1 0 1 0 2 0 1 2 0 1 0 2 1 2 2 1 1 2 0 0 0 0 0 1 1 1 2 1 2 2 1 2 1 1 1 1 1 1 1 0 1 1 1 2 1 1 1 1 1 1 1 1 2 2 2 1 2 1 1 2 2 1 2 2 2 2 2 2 0 0 0 0 2 2 0 1 2 2 2 2 2 2 2 2 2 2 2 2 2 2 2 2 2 2 2 2 2 2 0 2 2 2 2 2 2 2 2 2 2 2 2 2 2 2 0 2 2 2 2 2 0 0 0 0 2 2 2 1 1 2 2 2 2 2 0 0 2 2 2 0 1 0 0 0 0 0 0 0 0 2 2 2 2 0 0 2 0 0 1 0 0 2 0 2 1 1 1 1 0 0 0 0 0 1 0 2 2 1 

 Inviabilidades: 1 
FO: 70651.033118
Tempo total:24.140
######################## FIM ###################

 ######################## 350 ###################

Vetor de solucoes: 
0 0 0 1 0 0 2 0 0 2 0 0 1 2 0 2 2 0 0 2 1 1 1 1 2 0 0 0 2 0 2 2 0 2 0 0 0 0 0 0 0 1 0 0 0 2 0 0 0 0 0 0 0 0 2 2 2 0 2 0 0 2 2 0 2 2 2 2 2 2 1 1 1 2 2 2 1 0 2 2 2 2 2 2 2 2 2 2 2 2 2 2 2 2 2 2 2 2 2 2 1 2 2 2 2 2 2 2 2 2 2 2 2 2 2 2 1 2 2 2 2 2 1 1 1 1 2 2 2 0 0 2 2 2 2 2 1 1 2 2 2 1 0 1 1 1 1 1 0 1 1 2 2 2 2 1 1 2 1 1 0 1 1 2 1 2 0 0 0 0 1 1 0 1 1 0 1 2 2 0 

 Inviabilidades: 2 
FO: 71188.956757
Tempo total:24.333
######################## FIM ###################

 ######################## 350 ###################

Vetor de solucoes: 
0 0 0 1 0 1 2 1 0 2 1 0 1 2 0 2 2 0 0 2 1 1 1 1 1 0 0 0 2 0 2 2 0 2 0 0 0 0 0 0 0 1 0 0 0 2 0 0 0 0 0 0 0 0 2 2 2 0 2 0 0 2 2 0 2 2 2 2 2 2 1 1 1 1 2 2 1 0 2 2 2 2 2 2 2 2 2 2 2 2 2 2 2 2 2 2 2 2 2 2 1 2 2 2 2 2 2 2 2 2 2 2 2 2 2 2 1 2 2 2 2 2 1 1 1 1 2 2 2 0 0 2 2 2 2 2 1 1 2 2 2 1 0 1 1 1 1 1 1 1 1 2 2 2 2 1 1 2 1 1 0 1 1 2 1 2 0 0 0 0 1 1 1 1 1 0 1 2 2 0 

 Inviabilidades: 1 
FO: 70651.033118
Tempo total:24.286
######################## FIM ###################

 ######################## 350 ###################

Vetor de solucoes: 
2 2 2 1 2 2 0 2 2 0 2 2 1 0 2 0 0 2 2 0 1 1 1 1 0 2 0 2 0 2 0 0 2 0 2 2 2 2 2 2 2 1 2 2 2 0 2 2 2 2 2 2 2 2 0 0 0 2 0 2 2 0 0 2 0 0 0 0 0 0 1 1 1 1 0 0 1 2 0 0 0 0 0 0 0 0 0 0 0 0 0 0 0 0 0 0 0 0 0 0 1 0 0 0 0 0 0 0 0 0 0 0 0 0 0 0 1 0 0 0 0 0 1 1 1 1 0 0 0 1 1 2 0 0 0 0 1 1 0 0 0 1 1 1 1 1 1 1 1 1 1 0 0 0 0 1 1 0 1 1 2 1 1 0 1 0 2 2 1 2 1 1 2 1 1 1 1 0 0 2 

 Inviabilidades: 2 
FO: 70463.555570
Tempo total:23.566
######################## FIM ###################

 ######################## 350 ###################

Vetor de solucoes: 
1 0 1 2 1 1 0 1 1 0 1 1 2 0 1 0 0 1 1 0 2 2 2 2 0 1 1 1 0 1 0 0 1 0 1 1 1 1 1 1 1 2 1 1 1 0 1 1 1 1 1 1 1 1 0 0 0 1 0 1 1 0 0 1 0 0 0 0 0 0 2 2 2 0 0 0 2 1 0 0 0 0 0 0 0 0 0 0 0 0 0 0 0 0 0 0 0 0 0 0 2 0 0 0 0 0 0 0 0 0 0 0 0 0 0 0 2 0 0 0 0 0 2 2 2 2 0 0 0 2 2 0 0 0 0 0 2 2 0 0 0 2 2 2 2 2 2 2 2 2 2 0 0 0 0 2 2 0 2 2 1 2 2 0 2 0 1 1 2 1 2 2 1 2 2 2 2 0 0 1 

 Inviabilidades: 1 
FO: 70467.461216
Tempo total:22.958
######################## FIM ###################

 ######################## 350 ###################

Vetor de solucoes: 
1 2 1 0 1 1 2 1 1 2 1 1 0 2 1 2 2 1 1 2 0 0 0 0 2 1 1 1 2 1 2 2 1 2 1 1 1 1 1 1 1 0 1 1 1 2 1 1 1 1 1 1 1 1 2 2 2 1 2 1 1 2 2 1 2 2 2 2 2 2 0 0 0 2 2 2 0 1 2 2 2 2 2 2 2 2 2 2 2 2 2 2 2 2 2 2 2 2 2 2 0 2 2 2 2 2 2 2 2 2 2 2 2 2 2 2 0 2 2 2 2 2 0 0 0 0 2 2 2 0 0 2 2 2 2 2 0 0 2 2 2 0 0 0 0 0 0 0 0 0 0 2 2 2 2 0 0 2 0 0 1 0 0 2 0 2 1 1 0 1 0 0 1 0 0 0 0 2 2 1 

 Inviabilidades: 1 
FO: 70467.461216
Tempo total:25.164
######################## FIM ###################

 ######################## 350 ###################

Vetor de solucoes: 
0 0 0 2 0 0 1 0 0 1 0 0 2 1 0 1 1 0 0 1 2 2 2 2 1 0 0 2 1 0 1 1 0 1 0 0 0 0 0 0 0 2 0 0 0 1 0 0 0 0 0 0 0 0 1 1 1 0 1 0 0 1 1 0 1 1 1 1 1 1 2 2 2 2 1 1 2 0 1 1 1 1 1 1 1 1 1 1 1 1 1 1 1 1 1 1 1 1 1 1 2 1 1 1 1 1 1 1 1 1 1 1 1 1 1 1 2 1 1 1 1 1 2 2 2 2 1 1 1 2 2 1 1 1 1 1 2 2 1 1 1 2 2 2 2 2 2 2 2 2 2 1 1 1 1 2 2 1 2 2 0 2 2 1 2 1 0 0 2 0 2 2 0 2 2 2 2 1 1 0 

 Inviabilidades: 2 
FO: 70318.977477
Tempo total:23.526
######################## FIM ###################

 ######################## 350 ###################

Vetor de solucoes: 
1 2 2 1 2 1 0 1 2 0 1 2 1 0 2 0 0 1 2 0 1 1 1 1 1 2 2 2 0 2 0 0 2 0 2 2 2 2 2 2 2 1 2 2 2 0 2 2 2 2 2 2 2 2 0 0 0 2 0 2 2 0 0 2 0 0 0 0 0 0 1 1 1 1 0 0 1 2 0 0 0 0 0 0 0 0 0 0 0 0 0 0 0 0 0 0 0 0 0 0 1 0 0 0 0 0 0 0 0 0 0 0 0 0 0 0 1 0 0 0 0 0 1 1 1 1 0 0 0 1 1 0 0 0 0 0 1 1 0 0 0 1 1 1 1 1 1 1 1 1 1 0 0 0 0 1 1 0 1 2 2 1 1 0 1 0 2 2 1 2 1 1 1 1 1 1 1 0 0 2 

 Inviabilidades: 2 
FO: 70354.892356
Tempo total:23.593
######################## FIM ###################

 ######################## 350 ###################

Vetor de solucoes: 
1 1 1 2 1 1 0 1 1 0 1 1 2 0 1 0 0 1 1 0 2 2 2 2 0 1 1 2 0 1 0 0 1 0 1 1 1 1 1 1 1 2 1 1 1 0 1 1 1 1 1 1 1 1 0 0 0 1 0 1 1 0 0 1 0 0 0 0 0 0 2 2 2 2 0 0 2 1 0 0 0 0 0 0 0 0 0 0 0 0 0 0 0 0 0 0 0 0 0 0 2 0 0 0 0 0 0 0 0 0 0 0 0 0 0 0 2 0 0 0 0 0 2 2 2 2 0 0 0 2 2 0 0 0 0 0 2 2 0 0 0 2 2 2 2 2 2 2 2 2 2 0 0 0 0 2 2 0 2 2 1 2 2 0 2 0 1 1 2 1 2 2 1 2 2 2 2 0 0 1 

 Inviabilidades: 2 
FO: 70318.977477
Tempo total:23.504
######################## FIM ###################

 ######################## 350 ###################

Vetor de solucoes: 
0 0 0 1 0 0 2 0 0 2 0 0 1 2 0 2 2 0 0 2 1 1 1 1 2 0 0 1 2 0 2 2 0 2 0 0 0 0 0 0 0 1 0 0 0 2 0 0 0 0 0 0 0 0 2 2 2 0 2 0 0 2 2 0 2 2 2 2 2 2 1 1 1 1 2 2 1 0 2 2 2 2 2 2 2 2 2 2 2 2 2 2 2 2 2 2 2 2 2 2 1 2 2 2 2 2 2 2 2 2 2 2 2 2 2 2 1 2 2 2 2 2 1 1 1 1 2 2 2 1 1 2 2 2 2 2 1 1 2 2 2 1 1 1 1 1 1 1 1 1 1 2 2 2 2 1 1 2 1 1 0 1 1 2 1 2 0 0 1 0 1 1 0 1 1 1 1 2 2 0 

 Inviabilidades: 2 
FO: 70318.977477
Tempo total:24.327
######################## FIM ###################

 ######################## 350 ###################

Vetor de solucoes: 
0 0 0 1 0 0 2 0 0 2 0 0 1 2 0 2 2 0 0 2 1 1 1 1 2 0 0 1 2 0 2 2 0 2 0 0 0 0 0 0 0 1 0 0 0 2 0 0 0 0 0 0 0 0 2 2 2 0 2 0 0 2 2 0 2 2 2 2 2 2 1 1 1 1 2 2 1 0 2 2 2 2 2 2 2 2 2 2 2 2 2 2 2 2 2 2 2 2 2 2 1 2 2 2 2 2 2 2 2 2 2 2 2 2 2 2 1 2 2 2 2 2 1 1 1 1 2 2 2 1 1 2 2 2 2 2 1 1 2 2 2 1 1 1 1 1 1 1 1 1 1 2 2 2 2 1 1 2 1 1 0 1 1 2 1 2 0 0 1 0 1 1 0 1 1 1 1 2 2 0 

 Inviabilidades: 2 
FO: 70318.977477
Tempo total:23.182
######################## FIM ###################

 ######################## 350 ###################

Vetor de solucoes: 
1 0 0 1 0 1 2 1 0 2 1 0 1 2 0 2 2 1 0 2 1 1 1 1 1 0 0 0 2 0 2 2 0 2 0 0 0 0 0 0 0 1 0 0 0 2 0 0 0 0 0 0 0 0 2 2 2 0 2 0 0 2 2 0 2 2 2 2 2 2 1 1 1 1 2 2 1 0 2 2 2 2 2 2 2 2 2 2 2 2 2 2 2 2 2 2 2 2 2 2 1 2 2 2 2 2 2 2 2 2 2 2 2 2 2 2 1 2 2 2 2 2 1 1 1 1 2 2 2 1 1 2 2 2 2 2 1 1 2 2 2 1 1 1 1 1 1 1 1 1 1 2 2 2 2 1 1 2 1 0 0 1 1 2 1 2 0 0 1 0 1 1 1 1 1 1 1 2 2 0 

 Inviabilidades: 2 
FO: 70354.892356
Tempo total:23.625
######################## FIM ###################

 ######################## 350 ###################

Vetor de solucoes: 
2 1 1 2 1 2 0 2 1 0 2 1 2 0 1 0 0 2 1 0 2 2 2 2 2 1 1 1 0 1 0 0 1 0 1 1 1 1 1 1 1 2 1 1 1 0 1 1 1 1 1 1 1 1 0 0 0 1 0 1 1 0 0 1 0 0 0 0 0 0 2 2 2 2 0 0 2 1 0 0 0 0 0 0 0 0 0 0 0 0 0 0 0 0 0 0 0 0 0 0 2 0 0 0 0 0 0 0 0 0 0 0 0 0 0 0 2 0 0 0 0 0 2 2 2 2 0 0 0 2 2 0 0 0 0 0 2 2 0 0 0 2 2 2 2 2 2 2 2 2 2 0 0 0 0 2 2 0 2 1 1 2 2 0 2 0 1 1 2 1 2 2 2 2 2 2 2 0 0 1 

 Inviabilidades: 2 
FO: 70354.892356
Tempo total:23.840
######################## FIM ###################

 ######################## 350 ###################

Vetor de solucoes: 
1 0 1 2 1 1 0 1 1 0 1 1 2 0 1 0 0 1 1 0 2 2 2 2 0 1 1 1 0 1 0 0 1 0 1 1 1 1 1 1 1 2 1 1 1 0 1 1 1 1 1 1 1 1 0 0 0 1 0 1 1 0 0 1 0 0 0 0 0 0 2 2 2 0 0 0 2 1 0 0 0 0 0 0 0 0 0 0 0 0 0 0 0 0 0 0 0 0 0 0 2 0 0 0 0 0 0 0 0 0 0 0 0 0 0 0 2 0 0 0 0 0 2 2 2 2 0 0 0 2 2 0 0 0 0 0 2 2 0 0 0 2 2 2 2 2 2 2 2 2 2 0 0 0 0 2 2 0 2 2 1 2 2 0 2 0 1 1 2 1 2 2 1 2 2 2 2 0 0 1 

 Inviabilidades: 1 
FO: 70467.461216
Tempo total:23.243
######################## FIM ###################

 ######################## 350 ###################

Vetor de solucoes: 
1 1 1 0 1 0 2 0 1 2 0 1 0 2 1 2 2 1 1 2 0 0 0 0 0 1 1 1 2 1 2 2 1 2 1 1 1 1 1 1 1 0 1 1 1 2 1 1 1 1 1 1 1 1 2 2 2 1 2 1 1 2 2 1 2 2 2 2 2 2 0 0 0 0 2 2 0 1 2 2 2 2 2 2 2 2 2 2 2 2 2 2 2 2 2 2 2 2 2 2 0 2 2 2 2 2 2 2 2 2 2 2 2 2 2 2 0 2 2 2 2 2 0 0 0 0 2 2 2 1 1 2 2 2 2 2 0 0 2 2 2 0 1 0 0 0 0 0 0 0 0 2 2 2 2 0 0 2 0 0 1 0 0 2 0 2 1 1 1 1 0 0 0 0 0 1 0 2 2 1 

 Inviabilidades: 1 
FO: 70651.033118
Tempo total:25.614
######################## FIM ###################

 ######################## 350 ###################

Vetor de solucoes: 
1 2 1 0 1 0 2 1 1 2 0 0 0 2 1 2 2 1 1 2 0 0 0 1 2 1 1 1 2 1 2 2 1 2 1 1 1 1 1 1 1 0 1 1 0 2 1 1 1 1 1 1 1 1 2 2 2 1 2 1 1 2 2 1 2 2 2 2 2 2 0 0 0 0 2 2 0 1 2 2 2 2 2 2 2 2 2 2 2 2 2 2 2 2 2 2 2 2 2 2 1 2 2 2 2 2 2 2 2 2 2 2 2 2 2 2 0 2 2 2 2 2 0 0 0 0 2 2 2 0 1 2 2 2 2 2 0 0 2 2 2 0 1 0 0 0 0 0 1 0 0 2 2 2 2 0 0 2 0 0 1 0 0 2 0 2 0 1 0 0 0 0 0 0 0 1 0 2 2 1 

 Inviabilidades: 3 
FO: 70611.798710
Tempo total:24.451
######################## FIM ###################

 ######################## 350 ###################

Vetor de solucoes: 
0 0 0 2 0 0 1 0 0 1 0 0 2 1 0 1 1 0 0 1 2 2 2 2 1 0 0 2 1 0 1 1 0 1 0 0 0 0 0 0 0 2 0 0 0 1 0 0 0 0 0 0 0 0 1 1 1 0 1 0 0 1 1 0 1 1 1 1 1 1 2 2 2 2 1 1 2 0 1 1 1 1 1 1 1 1 1 1 1 1 1 1 1 1 1 1 1 1 1 1 2 1 1 1 1 1 1 1 1 1 1 1 1 1 1 1 2 1 1 1 1 1 2 2 2 2 1 1 1 2 2 1 1 1 1 1 2 2 1 1 1 2 2 2 2 2 2 2 2 2 2 1 1 1 1 2 2 1 2 2 0 2 2 1 2 1 0 0 2 0 2 2 0 2 2 2 2 1 1 0 

 Inviabilidades: 2 
FO: 70318.977477
Tempo total:25.743
######################## FIM ###################

 ######################## 350 ###################

Vetor de solucoes: 
0 0 0 2 0 0 1 0 0 1 0 0 2 1 0 1 1 0 0 1 2 2 2 2 0 0 0 0 1 0 1 1 0 1 2 0 0 0 0 0 0 2 0 0 0 1 0 0 0 0 0 0 0 0 1 1 1 0 1 0 0 1 1 0 1 1 1 1 1 1 2 2 2 1 1 1 2 0 1 1 1 1 1 1 1 1 1 1 1 1 1 1 1 1 1 1 1 1 1 1 2 1 1 1 1 1 1 1 1 1 1 1 1 1 1 1 2 1 1 1 1 1 2 2 2 2 1 1 1 2 2 1 1 1 1 1 2 2 1 1 1 2 2 2 2 2 2 2 2 2 2 1 1 1 1 2 2 1 2 2 0 2 2 1 2 1 0 0 2 0 2 2 0 2 2 2 2 1 1 0 

 Inviabilidades: 2 
FO: 70464.464426
Tempo total:24.542
######################## FIM ###################

 ######################## 350 ###################

Vetor de solucoes: 
2 0 0 2 0 2 1 2 0 1 2 0 2 1 0 1 1 2 0 1 2 2 2 2 2 0 0 0 1 0 1 1 0 1 0 0 0 0 0 0 0 2 0 0 0 1 0 0 0 0 0 0 0 0 1 1 1 0 1 0 0 1 1 0 1 1 1 1 1 1 2 2 2 2 1 1 2 0 1 1 1 1 1 1 1 1 1 1 1 1 1 1 1 1 1 1 1 1 1 1 2 1 1 1 1 1 1 1 1 1 1 1 1 1 1 1 2 1 1 1 1 1 2 2 2 2 1 1 1 2 2 1 1 1 1 1 2 2 1 1 1 2 2 2 2 2 2 2 2 2 2 1 1 1 1 2 2 1 2 0 0 2 2 1 2 1 0 0 2 0 2 2 2 2 2 2 2 1 1 0 

 Inviabilidades: 2 
FO: 70354.892356
Tempo total:24.825
######################## FIM ###################

 ######################## 350 ###################

Vetor de solucoes: 
0 2 0 1 0 0 2 0 0 2 0 0 1 2 0 2 2 0 0 2 1 1 1 1 2 0 0 0 2 0 2 2 0 2 0 0 0 0 0 0 0 1 0 0 0 2 0 0 0 0 0 0 0 0 2 2 2 0 2 0 0 2 2 0 2 2 2 2 2 2 1 1 1 2 2 2 1 0 2 2 2 2 2 2 2 2 2 2 2 2 2 2 2 2 2 2 2 2 2 2 1 2 2 2 2 2 2 2 2 2 2 2 2 2 2 2 1 2 2 2 2 2 1 1 1 1 2 2 2 1 1 2 2 2 2 2 1 1 2 2 2 1 1 1 1 1 1 1 1 1 1 2 2 2 2 1 1 2 1 1 0 1 1 2 1 2 0 0 1 0 1 1 0 1 1 1 1 2 2 0 

 Inviabilidades: 1 
FO: 70467.461216
Tempo total:24.666
######################## FIM ###################

 ######################## 350 ###################

Vetor de solucoes: 
2 2 2 0 2 0 1 0 2 1 0 2 0 1 2 1 1 2 2 1 0 0 0 0 0 2 2 2 1 2 1 1 2 1 2 2 2 2 2 2 2 0 2 2 2 1 2 2 2 2 2 2 2 2 1 1 1 2 1 2 2 1 1 2 1 1 1 1 1 1 0 0 0 0 1 1 0 2 1 1 1 1 1 1 1 1 1 1 1 1 1 1 1 1 1 1 1 1 1 1 0 1 1 1 1 1 1 1 1 1 1 1 1 1 1 1 0 1 1 1 1 1 0 0 0 0 1 1 1 2 2 1 1 1 1 1 0 0 1 1 1 0 2 0 0 0 0 0 0 0 0 1 1 1 1 0 0 1 0 0 2 0 0 1 0 1 2 2 2 2 0 0 0 0 0 2 0 1 1 2 

 Inviabilidades: 1 
FO: 70651.033118
Tempo total:25.109
######################## FIM ###################

 ######################## 350 ###################

Vetor de solucoes: 
0 1 0 2 0 0 1 0 0 1 0 0 2 1 0 1 1 0 0 1 2 2 2 2 1 0 0 0 1 0 1 1 0 1 0 0 0 0 0 0 0 2 0 0 0 1 0 0 0 0 0 0 0 0 1 1 1 0 1 0 0 1 1 0 1 1 1 1 1 1 2 2 2 1 1 1 2 0 1 1 1 1 1 1 1 1 1 1 1 1 1 1 1 1 1 1 1 1 1 1 2 1 1 1 1 1 1 1 1 1 1 1 1 1 1 1 2 1 1 1 1 1 2 2 2 2 1 1 1 2 2 1 1 1 1 1 2 2 1 1 1 2 2 2 2 2 2 2 2 2 2 1 1 1 1 2 2 1 2 2 0 2 2 1 2 1 0 0 2 0 2 2 0 2 2 2 2 1 1 0 

 Inviabilidades: 1 
FO: 70467.461216
Tempo total:24.537
######################## FIM ###################

 ######################## 350 ###################

Vetor de solucoes: 
2 2 2 0 2 2 1 2 2 1 2 2 0 1 2 1 1 2 2 1 0 0 0 0 1 2 2 0 1 2 1 1 2 1 2 2 2 2 2 2 2 0 2 2 2 1 2 2 2 2 2 2 2 2 1 1 1 2 1 2 2 1 1 2 1 1 1 1 1 1 0 0 0 0 1 1 0 2 1 1 1 1 1 1 1 1 1 1 1 1 1 1 1 1 1 1 1 1 1 1 0 1 1 1 1 1 1 1 1 1 1 1 1 1 1 1 0 1 1 1 1 1 0 0 0 0 1 1 1 0 0 1 1 1 1 1 0 0 1 1 1 0 0 0 0 0 0 0 0 0 0 1 1 1 1 0 0 1 0 0 2 0 0 1 0 1 2 2 0 2 0 0 2 0 0 0 0 1 1 2 

 Inviabilidades: 2 
FO: 70318.977477
Tempo total:24.943
######################## FIM ###################

 ######################## 350 ###################

Vetor de solucoes: 
0 0 0 1 0 0 2 0 0 2 0 0 1 2 0 2 2 0 0 2 1 1 1 1 2 0 0 1 2 0 2 2 0 2 0 0 0 0 0 0 0 1 0 0 0 2 0 0 0 0 0 0 0 0 2 2 2 0 2 0 0 2 2 0 2 2 2 2 2 2 1 1 1 1 2 2 1 0 2 2 2 2 2 2 2 2 2 2 2 2 2 2 2 2 2 2 2 2 2 2 1 2 2 2 2 2 2 2 2 2 2 2 2 2 2 2 1 2 2 2 2 2 1 1 1 1 2 2 2 1 1 2 2 2 2 2 1 1 2 2 2 1 1 1 1 1 1 1 1 1 1 2 2 2 2 1 1 2 1 1 0 1 1 2 1 2 0 0 1 0 1 1 0 1 1 1 1 2 2 0 

 Inviabilidades: 2 
FO: 70318.977477
Tempo total:24.676
######################## FIM ###################

 ######################## 350 ###################

Vetor de solucoes: 
2 2 2 0 2 2 1 2 2 1 2 2 0 1 2 1 1 2 2 1 0 0 0 0 1 2 2 0 1 2 1 1 2 1 2 2 2 2 2 2 2 0 2 2 2 1 2 2 2 2 2 2 2 2 1 1 1 2 1 2 2 1 1 2 1 1 1 1 1 1 0 0 0 0 1 1 0 2 1 1 1 1 1 1 1 1 1 1 1 1 1 1 1 1 1 1 1 1 1 1 0 1 1 1 1 1 1 1 1 1 1 1 1 1 1 1 0 1 1 1 1 1 0 0 0 0 1 1 1 0 0 1 1 1 1 1 0 0 1 1 1 0 0 0 0 0 0 0 0 0 0 1 1 1 1 0 0 1 0 0 2 0 0 1 0 1 2 2 0 2 0 0 2 0 0 0 0 1 1 2 

 Inviabilidades: 2 
FO: 70318.977477
Tempo total:24.966
######################## FIM ###################

 ######################## 350 ###################

Vetor de solucoes: 
0 1 1 0 1 0 2 0 1 2 0 1 0 2 1 2 2 0 1 2 0 0 0 0 0 1 1 1 2 1 2 2 1 2 1 1 1 1 1 1 1 0 1 1 1 2 1 1 1 1 1 1 1 1 2 2 2 1 2 1 1 2 2 1 2 2 2 2 2 2 0 0 0 0 2 2 0 1 2 2 2 2 2 2 2 2 2 2 2 2 2 2 2 2 2 2 2 2 2 2 0 2 2 2 2 2 2 2 2 2 2 2 2 2 2 2 0 2 2 2 2 2 0 0 0 0 2 2 2 0 0 2 2 2 2 2 0 0 2 2 2 0 0 0 0 0 0 0 0 0 0 2 2 2 2 0 0 2 0 1 1 0 0 2 0 2 1 1 0 1 0 0 0 0 0 0 0 2 2 1 

 Inviabilidades: 2 
FO: 70354.892356
Tempo total:24.135
######################## FIM ###################

 ######################## 350 ###################

Vetor de solucoes: 
1 1 1 2 1 1 0 1 1 0 1 1 2 0 1 0 0 1 1 0 2 2 2 2 0 1 1 2 0 1 0 0 1 0 1 1 1 1 1 1 1 2 1 1 1 0 1 1 1 1 1 1 1 1 0 0 0 1 0 1 1 0 0 1 0 0 0 0 0 0 2 2 2 2 0 0 2 1 0 0 0 0 0 0 0 0 0 0 0 0 0 0 0 0 0 0 0 0 0 0 2 0 0 0 0 0 0 0 0 0 0 0 0 0 0 0 2 0 0 0 0 0 2 2 2 2 0 0 0 2 2 0 0 0 0 0 2 2 0 0 0 2 2 2 2 2 2 2 2 2 2 0 0 0 0 2 2 0 2 2 1 2 2 0 2 0 1 1 2 1 2 2 1 2 2 2 2 0 0 1 

 Inviabilidades: 2 
FO: 70318.977477
Tempo total:24.670
######################## FIM ###################

 ######################## 350 ###################

Vetor de solucoes: 
1 2 1 0 1 1 2 1 1 2 1 1 0 2 1 2 2 1 1 2 0 0 0 0 2 1 1 1 2 1 2 2 1 2 1 1 1 1 1 1 1 0 1 1 1 2 1 1 1 1 1 1 1 1 2 2 2 1 2 1 1 2 2 1 2 2 2 2 2 2 0 0 0 2 2 2 0 1 2 2 2 2 2 2 2 2 2 2 2 2 2 2 2 2 2 2 2 2 2 2 0 2 2 2 2 2 2 2 2 2 2 2 2 2 2 2 0 2 2 2 2 2 0 0 0 0 2 2 2 0 0 2 2 2 2 2 0 0 2 2 2 0 0 0 0 0 0 0 0 0 0 2 2 2 2 0 0 2 0 0 1 0 0 2 0 2 1 1 0 1 0 0 1 0 0 0 0 2 2 1 

 Inviabilidades: 1 
FO: 70467.461216
Tempo total:26.110
######################## FIM ###################
