
 ######################## 400 ###################

Vetor de solucoes: 
0 0 0 2 0 2 0 1 2 0 0 2 2 0 0 0 0 1 1 2 2 1 2 2 0 0 2 0 2 2 2 0 0 0 0 0 0 1 0 0 0 2 0 0 1 2 1 0 0 1 0 0 0 2 0 0 0 2 0 0 0 2 0 0 0 0 0 1 0 0 0 0 0 1 0 0 2 2 2 2 2 2 2 1 2 2 2 2 2 2 2 0 2 2 2 2 0 0 

 Inviabilidades: 0 
FO: 118937.181894
Tempo total:8.328
######################## FIM ###################

 ######################## 400 ###################

Vetor de solucoes: 
2 2 2 0 2 0 2 1 0 2 2 0 0 2 2 2 2 1 1 0 0 1 0 0 2 2 0 2 0 0 0 2 2 2 2 2 2 1 2 2 2 0 2 2 1 0 1 2 2 1 2 2 2 0 2 2 2 0 2 2 2 0 2 2 2 2 2 1 2 2 2 2 2 1 2 2 0 0 0 0 0 0 0 1 0 0 0 0 0 0 0 2 0 0 0 0 2 2 

 Inviabilidades: 0 
FO: 118937.181894
Tempo total:8.287
######################## FIM ###################

 ######################## 400 ###################

Vetor de solucoes: 
1 1 1 0 1 0 1 2 0 1 1 0 0 1 1 1 1 2 2 0 0 2 0 0 1 1 0 1 0 0 0 1 1 1 1 1 1 2 1 1 1 0 1 1 2 0 2 1 1 2 1 1 1 0 1 1 1 0 1 1 1 0 1 1 1 1 1 2 1 1 1 1 1 2 1 1 0 0 0 0 0 0 0 2 0 0 0 0 0 0 0 1 0 0 0 0 1 1 

 Inviabilidades: 0 
FO: 118937.181894
Tempo total:8.166
######################## FIM ###################

 ######################## 400 ###################

Vetor de solucoes: 
0 0 0 2 0 2 0 1 2 0 0 2 2 0 0 0 0 1 1 2 2 1 2 2 0 0 2 0 2 2 2 0 0 0 0 0 0 1 0 0 0 2 0 0 1 2 1 0 0 1 0 0 0 2 0 0 0 2 0 0 0 2 0 0 0 0 0 1 0 0 0 0 0 1 0 0 2 2 2 2 2 2 2 1 2 2 2 2 2 2 2 0 2 2 2 2 0 0 

 Inviabilidades: 0 
FO: 118937.181894
Tempo total:8.463
######################## FIM ###################

 ######################## 400 ###################

Vetor de solucoes: 
2 2 2 0 2 0 2 1 0 2 2 0 0 2 2 2 2 1 1 0 0 1 0 0 2 2 0 2 0 0 0 2 2 2 2 2 2 1 2 2 2 0 2 2 1 0 1 2 2 1 2 2 2 0 2 2 2 0 2 2 2 0 2 2 2 2 2 1 2 2 2 2 2 1 2 2 0 0 0 0 0 0 0 1 0 0 0 0 0 0 0 2 0 0 0 0 2 2 

 Inviabilidades: 0 
FO: 118937.181894
Tempo total:8.720
######################## FIM ###################

 ######################## 400 ###################

Vetor de solucoes: 
1 1 1 2 1 2 1 0 2 1 1 2 2 1 1 1 1 0 0 2 2 0 2 2 1 1 2 1 2 2 2 1 1 1 1 1 1 0 1 1 1 2 1 1 0 2 0 1 1 0 1 1 1 2 1 1 1 2 1 1 1 2 1 1 1 1 1 0 1 1 1 1 1 0 1 1 2 2 2 2 2 2 2 0 2 2 2 2 2 2 2 1 2 2 2 2 1 1 

 Inviabilidades: 0 
FO: 118937.181894
Tempo total:8.268
######################## FIM ###################

 ######################## 400 ###################

Vetor de solucoes: 
0 0 0 2 0 2 0 1 2 0 0 2 2 0 0 0 0 1 1 2 2 1 2 2 0 0 2 0 2 2 2 0 0 0 0 0 0 1 0 0 0 2 0 0 1 2 1 0 0 1 0 0 0 2 0 0 0 2 0 0 0 2 0 0 0 0 0 1 0 0 0 0 0 1 0 0 2 2 2 2 2 2 2 1 2 2 2 2 2 2 2 0 2 2 2 2 0 0 

 Inviabilidades: 0 
FO: 118937.181894
Tempo total:8.329
######################## FIM ###################

 ######################## 400 ###################

Vetor de solucoes: 
2 2 2 1 2 1 2 0 1 2 2 1 1 2 2 2 2 0 0 1 1 0 1 1 2 2 1 2 1 1 1 2 2 2 2 2 2 0 2 2 2 1 2 2 0 1 0 2 2 0 2 2 2 1 2 2 2 1 2 2 2 1 2 2 2 2 2 0 2 2 2 2 2 0 2 2 1 1 1 1 1 1 1 0 1 1 1 1 1 1 1 2 1 1 1 1 2 2 

 Inviabilidades: 0 
FO: 118937.181894
Tempo total:8.115
######################## FIM ###################

 ######################## 400 ###################

Vetor de solucoes: 
1 1 1 0 1 0 1 2 0 1 1 0 0 1 1 1 1 2 2 0 0 2 0 0 1 1 0 1 0 0 0 1 1 1 1 1 1 2 1 1 1 0 1 1 2 0 2 1 1 2 1 1 1 0 1 1 1 0 1 1 1 0 1 1 1 1 1 2 1 1 1 1 1 2 1 1 0 0 0 0 0 0 0 2 0 0 0 0 0 0 0 1 0 0 0 0 1 1 

 Inviabilidades: 0 
FO: 118937.181894
Tempo total:8.226
######################## FIM ###################

 ######################## 400 ###################

Vetor de solucoes: 
1 1 1 0 1 0 1 2 0 1 1 0 0 1 1 1 1 2 2 0 0 2 0 0 1 1 0 1 0 0 0 1 1 1 1 1 1 2 1 1 1 0 1 1 2 0 2 1 1 2 1 1 1 0 1 1 1 0 1 1 1 0 1 1 1 1 1 2 1 1 1 1 1 2 1 1 0 0 0 0 0 0 0 2 0 0 0 0 0 0 0 1 0 0 0 0 1 1 

 Inviabilidades: 0 
FO: 118937.181894
Tempo total:8.216
######################## FIM ###################

 ######################## 400 ###################

Vetor de solucoes: 
0 0 0 1 0 1 0 2 1 0 0 1 1 0 0 0 0 2 2 1 1 2 1 1 0 0 1 0 1 1 1 0 0 0 0 0 0 2 0 0 0 1 0 0 2 1 2 0 0 2 0 0 0 1 0 0 0 1 0 0 0 1 0 0 0 0 0 2 0 0 0 0 0 2 0 0 1 1 1 1 1 1 1 2 1 1 1 1 1 1 1 0 1 1 1 1 0 0 

 Inviabilidades: 0 
FO: 118937.181894
Tempo total:8.335
######################## FIM ###################

 ######################## 400 ###################

Vetor de solucoes: 
1 1 1 2 1 2 1 0 2 1 1 2 2 1 1 1 1 0 0 2 2 0 2 2 1 1 2 1 2 2 2 1 1 1 1 1 1 0 1 1 1 2 1 1 0 2 0 1 1 0 1 1 1 2 1 1 1 2 1 1 1 2 1 1 1 1 1 0 1 1 1 1 1 0 1 1 2 2 2 2 2 2 2 0 2 2 2 2 2 2 2 1 2 2 2 2 1 1 

 Inviabilidades: 0 
FO: 118937.181894
Tempo total:8.290
######################## FIM ###################

 ######################## 400 ###################

Vetor de solucoes: 
2 2 2 1 2 1 2 0 1 2 2 1 1 2 2 2 2 0 0 1 1 0 1 1 2 2 1 2 1 1 1 2 2 2 2 2 2 0 2 2 2 1 2 2 0 1 0 2 2 0 2 2 2 1 2 2 2 1 2 2 2 1 2 2 2 2 2 0 2 2 2 2 2 0 2 2 1 1 1 1 1 1 1 0 1 1 1 1 1 1 1 2 1 1 1 1 2 2 

 Inviabilidades: 0 
FO: 118937.181894
Tempo total:8.377
######################## FIM ###################

 ######################## 400 ###################

Vetor de solucoes: 
0 0 0 2 0 2 0 1 2 0 0 2 2 0 0 0 0 1 1 2 2 1 2 2 0 0 2 0 2 2 2 0 0 0 0 0 0 1 0 0 0 2 0 0 1 2 1 0 0 1 0 0 0 2 0 0 0 2 0 0 0 2 0 0 0 0 0 1 0 0 0 0 0 1 0 0 2 2 2 2 2 2 2 1 2 2 2 2 2 2 2 0 2 2 2 2 0 0 

 Inviabilidades: 0 
FO: 118937.181894
Tempo total:8.303
######################## FIM ###################

 ######################## 400 ###################

Vetor de solucoes: 
0 0 0 2 0 2 0 1 2 0 0 2 2 0 0 0 0 1 1 2 2 1 2 2 0 0 2 0 2 2 2 0 0 0 0 0 0 1 0 0 0 2 0 0 1 2 1 0 0 1 0 0 0 2 0 0 0 2 0 0 0 2 0 0 0 0 0 1 0 0 0 0 0 1 0 0 2 2 2 2 2 2 2 1 2 2 2 2 2 2 2 0 2 2 2 2 0 0 

 Inviabilidades: 0 
FO: 118937.181894
Tempo total:8.275
######################## FIM ###################

 ######################## 400 ###################

Vetor de solucoes: 
2 2 2 1 2 1 2 0 1 2 2 1 1 2 2 2 2 0 0 1 1 0 1 1 2 2 1 2 1 1 1 2 2 2 2 2 2 0 2 2 2 1 2 2 0 1 0 2 2 0 2 2 2 1 2 2 2 1 2 2 2 1 2 2 2 2 2 0 2 2 2 2 2 0 2 2 1 1 1 1 1 1 1 0 1 1 1 1 1 1 1 2 1 1 1 1 2 2 

 Inviabilidades: 0 
FO: 118937.181894
Tempo total:8.271
######################## FIM ###################

 ######################## 400 ###################

Vetor de solucoes: 
1 1 1 0 1 0 1 2 0 1 1 0 0 1 1 1 1 2 2 0 0 2 0 0 1 1 0 1 0 0 0 1 1 1 1 1 1 2 1 1 1 0 1 1 2 0 2 1 1 2 1 1 1 0 1 1 1 0 1 1 1 0 1 1 1 1 1 2 1 1 1 1 1 2 1 1 0 0 0 0 0 0 0 2 0 0 0 0 0 0 0 1 0 0 0 0 1 1 

 Inviabilidades: 0 
FO: 118937.181894
Tempo total:8.389
######################## FIM ###################

 ######################## 400 ###################

Vetor de solucoes: 
2 2 2 1 2 1 2 0 1 2 2 1 1 2 2 2 2 0 0 1 1 0 1 1 2 2 1 2 1 1 1 2 2 2 2 2 2 0 2 2 2 1 2 2 0 1 0 2 2 0 2 2 2 1 2 2 2 1 2 2 2 1 2 2 2 2 2 0 2 2 2 2 2 0 2 2 1 1 1 1 1 1 1 0 1 1 1 1 1 1 1 2 1 1 1 1 2 2 

 Inviabilidades: 0 
FO: 118937.181894
Tempo total:8.103
######################## FIM ###################

 ######################## 400 ###################

Vetor de solucoes: 
0 0 0 1 0 1 0 2 1 0 0 1 1 0 0 0 0 2 2 1 1 2 1 1 0 0 1 0 1 1 1 0 0 0 0 0 0 2 0 0 0 1 0 0 2 1 2 0 0 2 0 0 0 1 0 0 0 1 0 0 0 1 0 0 0 0 0 2 0 0 0 0 0 2 0 0 1 1 1 1 1 1 1 2 1 1 1 1 1 1 1 0 1 1 1 1 0 0 

 Inviabilidades: 0 
FO: 118937.181894
Tempo total:8.361
######################## FIM ###################

 ######################## 400 ###################

Vetor de solucoes: 
2 2 2 1 2 1 2 0 1 2 2 1 1 2 2 2 2 0 0 1 1 0 1 1 2 2 1 2 1 1 1 2 2 2 2 2 2 0 2 2 2 1 2 2 0 1 0 2 2 0 2 2 2 1 2 2 2 1 2 2 2 1 2 2 2 2 2 0 2 2 2 2 2 0 2 2 1 1 1 1 1 1 1 0 1 1 1 1 1 1 1 2 1 1 1 1 2 2 

 Inviabilidades: 0 
FO: 118937.181894
Tempo total:8.186
######################## FIM ###################

 ######################## 400 ###################

Vetor de solucoes: 
0 0 0 2 0 2 0 1 2 0 0 2 2 0 0 0 0 1 1 2 2 1 2 2 0 0 2 0 2 2 2 0 0 0 0 0 0 1 0 0 0 2 0 0 1 2 1 0 0 1 0 0 0 2 0 0 0 2 0 0 0 2 0 0 0 0 0 1 0 0 0 0 0 1 0 0 2 2 2 2 2 2 2 1 2 2 2 2 2 2 2 0 2 2 2 2 0 0 

 Inviabilidades: 0 
FO: 118937.181894
Tempo total:8.155
######################## FIM ###################

 ######################## 400 ###################

Vetor de solucoes: 
2 2 2 1 2 1 2 0 1 2 2 1 1 2 2 2 2 0 0 1 1 0 1 1 2 2 1 2 1 1 1 2 2 2 2 2 2 0 2 2 2 1 2 2 0 1 0 2 2 0 2 2 2 1 2 2 2 1 2 2 2 1 2 2 2 2 2 0 2 2 2 2 2 0 2 2 1 1 1 1 1 1 1 0 1 1 1 1 1 1 1 2 1 1 1 1 2 2 

 Inviabilidades: 0 
FO: 118937.181894
Tempo total:8.396
######################## FIM ###################

 ######################## 400 ###################

Vetor de solucoes: 
1 1 1 0 1 0 1 2 0 1 1 0 0 1 1 1 1 2 2 0 0 2 0 0 1 1 0 1 0 0 0 1 1 1 1 1 1 2 1 1 1 0 1 1 2 0 2 1 1 2 1 1 1 0 1 1 1 0 1 1 1 0 1 1 1 1 1 2 1 1 1 1 1 2 1 1 0 0 0 0 0 0 0 2 0 0 0 0 0 0 0 1 0 0 0 0 1 1 

 Inviabilidades: 0 
FO: 118937.181894
Tempo total:8.362
######################## FIM ###################

 ######################## 400 ###################

Vetor de solucoes: 
0 0 0 2 0 2 0 1 2 0 0 2 2 0 0 0 0 1 1 2 2 1 2 2 0 0 2 0 2 2 2 0 0 0 0 0 0 1 0 0 0 2 0 0 1 2 1 0 0 1 0 0 0 2 0 0 0 2 0 0 0 2 0 0 0 0 0 1 0 0 0 0 0 1 0 0 2 2 2 2 2 2 2 1 2 2 2 2 2 2 2 0 2 2 2 2 0 0 

 Inviabilidades: 0 
FO: 118937.181894
Tempo total:7.992
######################## FIM ###################

 ######################## 400 ###################

Vetor de solucoes: 
0 0 0 2 0 2 0 1 2 0 0 2 2 0 0 0 0 1 1 2 2 1 2 2 0 0 2 0 2 2 2 0 0 0 0 0 0 1 0 0 0 2 0 0 1 2 1 0 0 1 0 0 0 2 0 0 0 2 0 0 0 2 0 0 0 0 0 1 0 0 0 0 0 1 0 0 2 2 2 2 2 2 2 1 2 2 2 2 2 2 2 0 2 2 2 2 0 0 

 Inviabilidades: 0 
FO: 118937.181894
Tempo total:8.345
######################## FIM ###################

 ######################## 400 ###################

Vetor de solucoes: 
2 2 2 0 2 0 2 1 0 2 2 0 0 2 2 2 2 1 1 0 0 1 0 0 2 2 0 2 0 0 0 2 2 2 2 2 2 1 2 2 2 0 2 2 1 0 1 2 2 1 2 2 2 0 2 2 2 0 2 2 2 0 2 2 2 2 2 1 2 2 2 2 2 1 2 2 0 0 0 0 0 0 0 1 0 0 0 0 0 0 0 2 0 0 0 0 2 2 

 Inviabilidades: 0 
FO: 118937.181894
Tempo total:8.260
######################## FIM ###################

 ######################## 400 ###################

Vetor de solucoes: 
0 0 0 2 0 2 0 1 2 0 0 2 2 0 0 0 0 1 1 2 2 1 2 2 0 0 2 0 2 2 2 0 0 0 0 0 0 1 0 0 0 2 0 0 1 2 1 0 0 1 0 0 0 2 0 0 0 2 0 0 0 2 0 0 0 0 0 1 0 0 0 0 0 1 0 0 2 2 2 2 2 2 2 1 2 2 2 2 2 2 2 0 2 2 2 2 0 0 

 Inviabilidades: 0 
FO: 118937.181894
Tempo total:8.437
######################## FIM ###################

 ######################## 400 ###################

Vetor de solucoes: 
1 1 1 0 1 0 1 2 0 1 1 0 0 1 1 1 1 2 2 0 0 2 0 0 1 1 0 1 0 0 0 1 1 1 1 1 1 2 1 1 1 0 1 1 2 0 2 1 1 2 1 1 1 0 1 1 1 0 1 1 1 0 1 1 1 1 1 2 1 1 1 1 1 2 1 1 0 0 0 0 0 0 0 2 0 0 0 0 0 0 0 1 0 0 0 0 1 1 

 Inviabilidades: 0 
FO: 118937.181894
Tempo total:8.306
######################## FIM ###################

 ######################## 400 ###################

Vetor de solucoes: 
1 1 1 0 1 0 1 2 0 1 1 0 0 1 1 1 1 2 2 0 0 2 0 0 1 1 0 1 0 0 0 1 1 1 1 1 1 2 1 1 1 0 1 1 2 0 2 1 1 2 1 1 1 0 1 1 1 0 1 1 1 0 1 1 1 1 1 2 1 1 1 1 1 2 1 1 0 0 0 0 0 0 0 2 0 0 0 0 0 0 0 1 0 0 0 0 1 1 

 Inviabilidades: 0 
FO: 118937.181894
Tempo total:8.133
######################## FIM ###################

 ######################## 400 ###################

Vetor de solucoes: 
1 1 1 0 1 0 1 2 0 1 1 0 0 1 1 1 1 2 2 0 0 2 0 0 1 1 0 1 0 0 0 1 1 1 1 1 1 2 1 1 1 0 1 1 2 0 2 1 1 2 1 1 1 0 1 1 1 0 1 1 1 0 1 1 1 1 1 2 1 1 1 1 1 2 1 1 0 0 0 0 0 0 0 2 0 0 0 0 0 0 0 1 0 0 0 0 1 1 

 Inviabilidades: 0 
FO: 118937.181894
Tempo total:8.360
######################## FIM ###################

 ######################## 400 ###################

Vetor de solucoes: 
0 0 0 1 0 1 0 2 1 0 0 1 1 0 0 0 0 2 2 1 1 2 1 1 0 0 1 0 1 1 1 0 0 0 0 0 0 2 0 0 0 1 0 0 2 1 2 0 0 2 0 0 0 1 0 0 0 1 0 0 0 1 0 0 0 0 0 2 0 0 0 0 0 2 0 0 1 1 1 1 1 1 1 2 1 1 1 1 1 1 1 0 1 1 1 1 0 0 

 Inviabilidades: 0 
FO: 118937.181894
Tempo total:8.091
######################## FIM ###################

 ######################## 400 ###################

Vetor de solucoes: 
1 1 1 2 1 2 1 0 2 1 1 2 2 1 1 1 1 0 0 2 2 0 2 2 1 1 2 1 2 2 2 1 1 1 1 1 1 0 1 1 1 2 1 1 0 2 0 1 1 0 1 1 1 2 1 1 1 2 1 1 1 2 1 1 1 1 1 0 1 1 1 1 1 0 1 1 2 2 2 2 2 2 2 0 2 2 2 2 2 2 2 1 2 2 2 2 1 1 

 Inviabilidades: 0 
FO: 118937.181894
Tempo total:8.224
######################## FIM ###################

 ######################## 400 ###################

Vetor de solucoes: 
0 0 0 1 0 1 0 2 1 0 0 1 1 0 0 0 0 2 2 1 1 2 1 1 0 0 1 0 1 1 1 0 0 0 0 0 0 2 0 0 0 1 0 0 2 1 2 0 0 2 0 0 0 1 0 0 0 1 0 0 0 1 0 0 0 0 0 2 0 0 0 0 0 2 0 0 1 1 1 1 1 1 1 2 1 1 1 1 1 1 1 0 1 1 1 1 0 0 

 Inviabilidades: 0 
FO: 118937.181894
Tempo total:8.518
######################## FIM ###################

 ######################## 400 ###################

Vetor de solucoes: 
0 0 0 1 0 1 0 2 1 0 0 1 1 0 0 0 0 2 2 1 1 2 1 1 0 0 1 0 1 1 1 0 0 0 0 0 0 2 0 0 0 1 0 0 2 1 2 0 0 2 0 0 0 1 0 0 0 1 0 0 0 1 0 0 0 0 0 2 0 0 0 0 0 2 0 0 1 1 1 1 1 1 1 2 1 1 1 1 1 1 1 0 1 1 1 1 0 0 

 Inviabilidades: 0 
FO: 118937.181894
Tempo total:8.480
######################## FIM ###################

 ######################## 400 ###################

Vetor de solucoes: 
2 2 2 0 2 0 2 1 0 2 2 0 0 2 2 2 2 1 1 0 0 1 0 0 2 2 0 2 0 0 0 2 2 2 2 2 2 1 2 2 2 0 2 2 1 0 1 2 2 1 2 2 2 0 2 2 2 0 2 2 2 0 2 2 2 2 2 1 2 2 2 2 2 1 2 2 0 0 0 0 0 0 0 1 0 0 0 0 0 0 0 2 0 0 0 0 2 2 

 Inviabilidades: 0 
FO: 118937.181894
Tempo total:7.958
######################## FIM ###################

 ######################## 400 ###################

Vetor de solucoes: 
0 0 0 1 0 1 0 2 1 0 0 1 1 0 0 0 0 2 2 1 1 2 1 1 0 0 1 0 1 1 1 0 0 0 0 0 0 2 0 0 0 1 0 0 2 1 2 0 0 2 0 0 0 1 0 0 0 1 0 0 0 1 0 0 0 0 0 2 0 0 0 0 0 2 0 0 1 1 1 1 1 1 1 2 1 1 1 1 1 1 1 0 1 1 1 1 0 0 

 Inviabilidades: 0 
FO: 118937.181894
Tempo total:8.351
######################## FIM ###################

 ######################## 400 ###################

Vetor de solucoes: 
2 2 2 0 2 0 2 1 0 2 2 0 0 2 2 2 2 1 1 0 0 1 0 0 2 2 0 2 0 0 0 2 2 2 2 2 2 1 2 2 2 0 2 2 1 0 1 2 2 1 2 2 2 0 2 2 2 0 2 2 2 0 2 2 2 2 2 1 2 2 2 2 2 1 2 2 0 0 0 0 0 0 0 1 0 0 0 0 0 0 0 2 0 0 0 0 2 2 

 Inviabilidades: 0 
FO: 118937.181894
Tempo total:8.408
######################## FIM ###################

 ######################## 400 ###################

Vetor de solucoes: 
1 1 1 2 1 2 1 0 2 1 1 2 2 1 1 1 1 0 0 2 2 0 2 2 1 1 2 1 2 2 2 1 1 1 1 1 1 0 1 1 1 2 1 1 0 2 0 1 1 0 1 1 1 2 1 1 1 2 1 1 1 2 1 1 1 1 1 0 1 1 1 1 1 0 1 1 2 2 2 2 2 2 2 0 2 2 2 2 2 2 2 1 2 2 2 2 1 1 

 Inviabilidades: 0 
FO: 118937.181894
Tempo total:8.427
######################## FIM ###################

 ######################## 400 ###################

Vetor de solucoes: 
2 2 2 0 2 0 2 1 0 2 2 0 0 2 2 2 2 1 1 0 0 1 0 0 2 2 0 2 0 0 0 2 2 2 2 2 2 1 2 2 2 0 2 2 1 0 1 2 2 1 2 2 2 0 2 2 2 0 2 2 2 0 2 2 2 2 2 1 2 2 2 2 2 1 2 2 0 0 0 0 0 0 0 1 0 0 0 0 0 0 0 2 0 0 0 0 2 2 

 Inviabilidades: 0 
FO: 118937.181894
Tempo total:8.281
######################## FIM ###################

 ######################## 400 ###################

Vetor de solucoes: 
2 2 2 0 2 0 2 1 0 2 2 0 0 2 2 2 2 1 1 0 0 1 0 0 2 2 0 2 0 0 0 2 2 2 2 2 2 1 2 2 2 0 2 2 1 0 1 2 2 1 2 2 2 0 2 2 2 0 2 2 2 0 2 2 2 2 2 1 2 2 2 2 2 1 2 2 0 0 0 0 0 0 0 1 0 0 0 0 0 0 0 2 0 0 0 0 2 2 

 Inviabilidades: 0 
FO: 118937.181894
Tempo total:8.400
######################## FIM ###################

 ######################## 400 ###################

Vetor de solucoes: 
1 1 1 0 1 0 1 2 0 1 1 0 0 1 1 1 1 2 2 0 0 2 0 0 1 1 0 1 0 0 0 1 1 1 1 1 1 2 1 1 1 0 1 1 2 0 2 1 1 2 1 1 1 0 1 1 1 0 1 1 1 0 1 1 1 1 1 2 1 1 1 1 1 2 1 1 0 0 0 0 0 0 0 2 0 0 0 0 0 0 0 1 0 0 0 0 1 1 

 Inviabilidades: 0 
FO: 118937.181894
Tempo total:8.188
######################## FIM ###################

 ######################## 400 ###################

Vetor de solucoes: 
2 2 2 0 2 0 2 1 0 2 2 0 0 2 2 2 2 1 1 0 0 1 0 0 2 2 0 2 0 0 0 2 2 2 2 2 2 1 2 2 2 0 2 2 1 0 1 2 2 1 2 2 2 0 2 2 2 0 2 2 2 0 2 2 2 2 2 1 2 2 2 2 2 1 2 2 0 0 0 0 0 0 0 1 0 0 0 0 0 0 0 2 0 0 0 0 2 2 

 Inviabilidades: 0 
FO: 118937.181894
Tempo total:8.439
######################## FIM ###################

 ######################## 400 ###################

Vetor de solucoes: 
1 1 1 0 1 0 1 2 0 1 1 0 0 1 1 1 1 2 2 0 0 2 0 0 1 1 0 1 0 0 0 1 1 1 1 1 1 2 1 1 1 0 1 1 2 0 2 1 1 2 1 1 1 0 1 1 1 0 1 1 1 0 1 1 1 1 1 2 1 1 1 1 1 2 1 1 0 0 0 0 0 0 0 2 0 0 0 0 0 0 0 1 0 0 0 0 1 1 

 Inviabilidades: 0 
FO: 118937.181894
Tempo total:8.375
######################## FIM ###################

 ######################## 400 ###################

Vetor de solucoes: 
1 1 1 2 1 2 1 0 2 1 1 2 2 1 1 1 1 0 0 2 2 0 2 2 1 1 2 1 2 2 2 1 1 1 1 1 1 0 1 1 1 2 1 1 0 2 0 1 1 0 1 1 1 2 1 1 1 2 1 1 1 2 1 1 1 1 1 0 1 1 1 1 1 0 1 1 2 2 2 2 2 2 2 0 2 2 2 2 2 2 2 1 2 2 2 2 1 1 

 Inviabilidades: 0 
FO: 118937.181894
Tempo total:8.447
######################## FIM ###################

 ######################## 400 ###################

Vetor de solucoes: 
0 0 0 1 0 1 0 2 1 0 0 1 1 0 0 0 0 2 2 1 1 2 1 1 0 0 1 0 1 1 1 0 0 0 0 0 0 2 0 0 0 1 0 0 2 1 2 0 0 2 0 0 0 1 0 0 0 1 0 0 0 1 0 0 0 0 0 2 0 0 0 0 0 2 0 0 1 1 1 1 1 1 1 2 1 1 1 1 1 1 1 0 1 1 1 1 0 0 

 Inviabilidades: 0 
FO: 118937.181894
Tempo total:8.427
######################## FIM ###################

 ######################## 400 ###################

Vetor de solucoes: 
2 2 2 0 2 0 2 1 0 2 2 0 0 2 2 2 2 1 1 0 0 1 0 0 2 2 0 2 0 0 0 2 2 2 2 2 2 1 2 2 2 0 2 2 1 0 1 2 2 1 2 2 2 0 2 2 2 0 2 2 2 0 2 2 2 2 2 1 2 2 2 2 2 1 2 2 0 0 0 0 0 0 0 1 0 0 0 0 0 0 0 2 0 0 0 0 2 2 

 Inviabilidades: 0 
FO: 118937.181894
Tempo total:8.312
######################## FIM ###################

 ######################## 400 ###################

Vetor de solucoes: 
1 1 1 0 1 0 1 2 0 1 1 0 0 1 1 1 1 2 2 0 0 2 0 0 1 1 0 1 0 0 0 1 1 1 1 1 1 2 1 1 1 0 1 1 2 0 2 1 1 2 1 1 1 0 1 1 1 0 1 1 1 0 1 1 1 1 1 2 1 1 1 1 1 2 1 1 0 0 0 0 0 0 0 2 0 0 0 0 0 0 0 1 0 0 0 0 1 1 

 Inviabilidades: 0 
FO: 118937.181894
Tempo total:8.294
######################## FIM ###################

 ######################## 400 ###################

Vetor de solucoes: 
2 2 2 0 2 0 2 1 0 2 2 0 0 2 2 2 2 1 1 0 0 1 0 0 2 2 0 2 0 0 0 2 2 2 2 2 2 1 2 2 2 0 2 2 1 0 1 2 2 1 2 2 2 0 2 2 2 0 2 2 2 0 2 2 2 2 2 1 2 2 2 2 2 1 2 2 0 0 0 0 0 0 0 1 0 0 0 0 0 0 0 2 0 0 0 0 2 2 

 Inviabilidades: 0 
FO: 118937.181894
Tempo total:8.061
######################## FIM ###################

 ######################## 400 ###################

Vetor de solucoes: 
2 2 2 1 2 1 2 0 1 2 2 1 1 2 2 2 2 0 0 1 1 0 1 1 2 2 1 2 1 1 1 2 2 2 2 2 2 0 2 2 2 1 2 2 0 1 0 2 2 0 2 2 2 1 2 2 2 1 2 2 2 1 2 2 2 2 2 0 2 2 2 2 2 0 2 2 1 1 1 1 1 1 1 0 1 1 1 1 1 1 1 2 1 1 1 1 2 2 

 Inviabilidades: 0 
FO: 118937.181894
Tempo total:8.362
######################## FIM ###################

 ######################## 400 ###################

Vetor de solucoes: 
1 1 1 2 1 2 1 0 2 1 1 2 2 1 1 1 1 0 0 2 2 0 2 2 1 1 2 1 2 2 2 1 1 1 1 1 1 0 1 1 1 2 1 1 0 2 0 1 1 0 1 1 1 2 1 1 1 2 1 1 1 2 1 1 1 1 1 0 1 1 1 1 1 0 1 1 2 2 2 2 2 2 2 0 2 2 2 2 2 2 2 1 2 2 2 2 1 1 

 Inviabilidades: 0 
FO: 118937.181894
Tempo total:8.228
######################## FIM ###################
