
 ######################## 100 ###################

Vetor de solucoes: 
3 3 3 3 3 3 3 3 3 3 0 0 0 0 0 0 0 0 0 0 2 2 2 2 2 2 2 2 2 2 1 1 1 1 1 1 1 1 1 1 1 1 1 1 1 1 1 

 Inviabilidades: 0 
FO: 218.064706
Tempo total:6.324
######################## FIM ###################

 ######################## 100 ###################

Vetor de solucoes: 
1 1 1 1 1 1 1 1 1 1 0 0 0 0 0 0 0 0 0 0 3 3 3 3 3 3 3 3 3 3 2 2 2 2 2 2 2 2 2 2 2 2 2 2 2 2 2 

 Inviabilidades: 0 
FO: 218.064706
Tempo total:4.836
######################## FIM ###################

 ######################## 100 ###################

Vetor de solucoes: 
3 3 3 3 3 3 3 3 3 3 1 1 1 1 1 1 1 1 1 1 0 0 0 0 0 0 0 0 0 0 2 2 2 2 2 2 2 2 2 2 2 2 2 2 2 2 2 

 Inviabilidades: 0 
FO: 218.064706
Tempo total:6.510
######################## FIM ###################

 ######################## 100 ###################

Vetor de solucoes: 
1 1 1 1 1 1 1 1 1 1 0 0 0 0 0 0 0 0 0 0 3 3 3 3 3 3 3 3 3 3 2 2 2 2 2 2 2 2 2 2 2 2 2 2 2 2 2 

 Inviabilidades: 0 
FO: 218.064706
Tempo total:6.198
######################## FIM ###################

 ######################## 100 ###################

Vetor de solucoes: 
3 3 3 3 3 3 3 3 3 3 2 2 2 2 2 2 2 2 2 2 1 1 1 1 1 1 1 1 1 1 0 0 0 0 0 0 0 0 0 0 0 0 0 0 0 0 0 

 Inviabilidades: 0 
FO: 218.064706
Tempo total:6.117
######################## FIM ###################

 ######################## 100 ###################

Vetor de solucoes: 
0 0 0 0 0 0 0 0 0 0 2 2 2 2 2 2 2 2 2 2 1 1 1 1 1 1 1 1 1 1 3 3 3 3 3 3 3 3 3 3 3 3 3 3 3 3 3 

 Inviabilidades: 0 
FO: 218.064706
Tempo total:6.746
######################## FIM ###################

 ######################## 100 ###################

Vetor de solucoes: 
2 2 2 2 2 2 2 2 2 2 3 3 3 3 3 3 3 3 3 3 0 0 0 0 0 0 0 0 0 0 1 1 1 1 1 1 1 1 1 1 1 1 1 1 1 1 1 

 Inviabilidades: 0 
FO: 218.064706
Tempo total:9.692
######################## FIM ###################

 ######################## 100 ###################

Vetor de solucoes: 
2 2 2 2 2 2 2 2 2 2 1 1 1 1 1 1 1 1 1 1 3 3 3 3 3 3 3 3 3 3 0 0 0 0 0 0 0 0 0 0 0 0 0 0 0 0 0 

 Inviabilidades: 0 
FO: 218.064706
Tempo total:8.442
######################## FIM ###################

 ######################## 100 ###################

Vetor de solucoes: 
0 0 0 0 0 0 0 0 0 0 2 2 2 2 2 2 2 2 2 2 3 3 3 3 3 3 3 3 3 3 1 1 1 1 1 1 1 1 1 1 1 1 1 1 1 1 1 

 Inviabilidades: 0 
FO: 218.064706
Tempo total:8.434
######################## FIM ###################

 ######################## 100 ###################

Vetor de solucoes: 
2 2 2 2 2 2 2 2 2 2 1 1 1 1 1 1 1 1 1 1 3 3 3 3 3 3 3 3 3 3 0 0 0 0 0 0 0 0 0 0 0 0 0 0 0 0 0 

 Inviabilidades: 0 
FO: 218.064706
Tempo total:9.725
######################## FIM ###################

 ######################## 100 ###################

Vetor de solucoes: 
3 3 3 3 3 3 3 3 3 3 1 1 1 1 1 1 1 1 1 1 2 2 2 2 2 2 2 2 2 2 0 0 0 0 0 0 0 0 0 0 0 0 0 0 0 0 0 

 Inviabilidades: 0 
FO: 218.064706
Tempo total:8.204
######################## FIM ###################

 ######################## 100 ###################

Vetor de solucoes: 
0 0 0 0 0 0 0 0 0 0 2 2 2 2 2 2 2 2 2 2 3 3 3 3 3 3 3 3 3 3 1 1 1 1 1 1 1 1 1 1 1 1 1 1 1 1 1 

 Inviabilidades: 0 
FO: 218.064706
Tempo total:7.130
######################## FIM ###################

 ######################## 100 ###################

Vetor de solucoes: 
0 0 0 0 0 0 0 0 0 0 2 2 2 2 2 2 2 2 2 2 3 3 3 3 3 3 3 3 3 3 1 1 1 1 1 1 1 1 1 1 1 1 1 1 1 1 1 

 Inviabilidades: 0 
FO: 218.064706
Tempo total:6.836
######################## FIM ###################

 ######################## 100 ###################

Vetor de solucoes: 
2 2 2 2 2 2 2 2 2 2 0 0 0 0 0 0 0 0 0 0 1 1 1 1 1 1 1 1 1 1 3 3 3 3 3 3 3 3 3 3 3 3 3 3 3 3 3 

 Inviabilidades: 0 
FO: 218.064706
Tempo total:7.420
######################## FIM ###################

 ######################## 100 ###################

Vetor de solucoes: 
2 2 2 2 2 2 2 2 2 2 1 1 1 1 1 1 1 1 1 1 3 3 3 3 3 3 3 3 3 3 0 0 0 0 0 0 0 0 0 0 0 0 0 0 0 0 0 

 Inviabilidades: 0 
FO: 218.064706
Tempo total:4.946
######################## FIM ###################

 ######################## 100 ###################

Vetor de solucoes: 
2 2 2 2 2 2 2 2 2 2 0 0 0 0 0 0 0 0 0 0 1 1 1 1 1 1 1 1 1 1 3 3 3 3 3 3 3 3 3 3 3 3 3 3 3 3 3 

 Inviabilidades: 0 
FO: 218.064706
Tempo total:5.683
######################## FIM ###################

 ######################## 100 ###################

Vetor de solucoes: 
2 2 2 2 2 2 2 2 2 2 3 3 3 3 3 3 3 3 3 3 1 1 1 1 1 1 1 1 1 1 0 0 0 0 0 0 0 0 0 0 0 0 0 0 0 0 0 

 Inviabilidades: 0 
FO: 218.064706
Tempo total:4.232
######################## FIM ###################

 ######################## 100 ###################

Vetor de solucoes: 
2 2 2 2 2 2 2 2 2 2 3 3 3 3 3 3 3 3 3 3 1 1 1 1 1 1 1 1 1 1 0 0 0 0 0 0 0 0 0 0 0 0 0 0 0 0 0 

 Inviabilidades: 0 
FO: 218.064706
Tempo total:3.783
######################## FIM ###################

 ######################## 100 ###################

Vetor de solucoes: 
2 2 2 2 2 2 2 2 2 2 3 3 3 3 3 3 3 3 3 3 1 1 1 1 1 1 1 1 1 1 0 0 0 0 0 0 0 0 0 0 0 0 0 0 0 0 0 

 Inviabilidades: 0 
FO: 218.064706
Tempo total:4.363
######################## FIM ###################

 ######################## 100 ###################

Vetor de solucoes: 
0 0 0 0 0 0 0 0 0 0 3 3 3 3 3 3 3 3 3 3 2 2 2 2 2 2 2 2 2 2 1 1 1 1 1 1 1 1 1 1 1 1 1 1 1 1 1 

 Inviabilidades: 0 
FO: 218.064706
Tempo total:3.969
######################## FIM ###################

 ######################## 100 ###################

Vetor de solucoes: 
2 2 2 2 2 2 2 2 2 2 3 3 3 3 3 3 3 3 3 3 1 1 1 1 1 1 1 1 1 1 0 0 0 0 0 0 0 0 0 0 0 0 0 0 0 0 0 

 Inviabilidades: 0 
FO: 218.064706
Tempo total:4.832
######################## FIM ###################

 ######################## 100 ###################

Vetor de solucoes: 
0 0 0 0 0 0 0 0 0 0 1 1 1 1 1 1 1 1 1 1 3 3 3 3 3 3 3 3 3 3 2 2 2 2 2 2 2 2 2 2 2 2 2 2 2 2 2 

 Inviabilidades: 0 
FO: 218.064706
Tempo total:3.856
######################## FIM ###################

 ######################## 100 ###################

Vetor de solucoes: 
1 1 1 1 1 1 1 1 1 1 3 3 3 3 3 3 3 3 3 3 2 2 2 2 2 2 2 2 2 2 0 0 0 0 0 0 0 0 0 0 0 0 0 0 0 0 0 

 Inviabilidades: 0 
FO: 218.064706
Tempo total:4.162
######################## FIM ###################

 ######################## 100 ###################

Vetor de solucoes: 
3 3 3 3 3 3 3 3 3 3 0 0 0 0 0 0 0 0 0 0 2 2 2 2 2 2 2 2 2 2 1 1 1 1 1 1 1 1 1 1 1 1 1 1 1 1 1 

 Inviabilidades: 0 
FO: 218.064706
Tempo total:4.033
######################## FIM ###################

 ######################## 100 ###################

Vetor de solucoes: 
1 1 1 1 1 1 1 1 1 1 0 0 0 0 0 0 0 0 0 0 3 3 3 3 3 3 3 3 3 3 2 2 2 2 2 2 2 2 2 2 2 2 2 2 2 2 2 

 Inviabilidades: 0 
FO: 218.064706
Tempo total:3.923
######################## FIM ###################

 ######################## 100 ###################

Vetor de solucoes: 
2 2 2 2 2 2 2 2 2 2 3 3 3 3 3 3 3 3 3 3 1 1 1 1 1 1 1 1 1 1 0 0 0 0 0 0 0 0 0 0 0 0 0 0 0 0 0 

 Inviabilidades: 0 
FO: 218.064706
Tempo total:4.079
######################## FIM ###################

 ######################## 100 ###################

Vetor de solucoes: 
2 2 2 2 2 2 2 2 2 2 3 3 3 3 3 3 3 3 3 3 0 0 0 0 0 0 0 0 0 0 1 1 1 1 1 1 1 1 1 1 1 1 1 1 1 1 1 

 Inviabilidades: 0 
FO: 218.064706
Tempo total:4.091
######################## FIM ###################

 ######################## 100 ###################

Vetor de solucoes: 
1 1 1 1 1 1 1 1 1 1 2 2 2 2 2 2 2 2 2 2 3 3 3 3 3 3 3 3 3 3 0 0 0 0 0 0 0 0 0 0 0 0 0 0 0 0 0 

 Inviabilidades: 0 
FO: 218.064706
Tempo total:4.445
######################## FIM ###################

 ######################## 100 ###################

Vetor de solucoes: 
2 2 2 2 2 2 2 2 2 2 3 3 3 3 3 3 3 3 3 3 1 1 1 1 1 1 1 1 1 1 0 0 0 0 0 0 0 0 0 0 0 0 0 0 0 0 0 

 Inviabilidades: 0 
FO: 218.064706
Tempo total:3.970
######################## FIM ###################

 ######################## 100 ###################

Vetor de solucoes: 
3 3 3 3 3 3 3 3 3 3 2 2 2 2 2 2 2 2 2 2 1 1 1 1 1 1 1 1 1 1 0 0 0 0 0 0 0 0 0 0 0 0 0 0 0 0 0 

 Inviabilidades: 0 
FO: 218.064706
Tempo total:3.553
######################## FIM ###################

 ######################## 100 ###################

Vetor de solucoes: 
1 1 1 1 1 1 1 1 1 1 0 0 0 0 0 0 0 0 0 0 3 3 3 3 3 3 3 3 3 3 2 2 2 2 2 2 2 2 2 2 2 2 2 2 2 2 2 

 Inviabilidades: 0 
FO: 218.064706
Tempo total:4.249
######################## FIM ###################

 ######################## 100 ###################

Vetor de solucoes: 
1 1 1 1 1 1 1 1 1 1 2 2 2 2 2 2 2 2 2 2 3 3 3 3 3 3 3 3 3 3 0 0 0 0 0 0 0 0 0 0 0 0 0 0 0 0 0 

 Inviabilidades: 0 
FO: 218.064706
Tempo total:3.917
######################## FIM ###################

 ######################## 100 ###################

Vetor de solucoes: 
2 2 2 2 2 2 2 2 2 2 3 3 3 3 3 3 3 3 3 3 1 1 1 1 1 1 1 1 1 1 0 0 0 0 0 0 0 0 0 0 0 0 0 0 0 0 0 

 Inviabilidades: 0 
FO: 218.064706
Tempo total:3.676
######################## FIM ###################

 ######################## 100 ###################

Vetor de solucoes: 
2 2 2 2 2 2 2 2 2 2 0 0 0 0 0 0 0 0 0 0 3 3 3 3 3 3 3 3 3 3 1 1 1 1 1 1 1 1 1 1 1 1 1 1 1 1 1 

 Inviabilidades: 0 
FO: 218.064706
Tempo total:3.731
######################## FIM ###################

 ######################## 100 ###################

Vetor de solucoes: 
2 2 2 2 2 2 2 2 2 2 3 3 3 3 3 3 3 3 3 3 1 1 1 1 1 1 1 1 1 1 0 0 0 0 0 0 0 0 0 0 0 0 0 0 0 0 0 

 Inviabilidades: 0 
FO: 218.064706
Tempo total:3.922
######################## FIM ###################

 ######################## 100 ###################

Vetor de solucoes: 
3 3 3 3 3 3 3 3 3 3 1 1 1 1 1 1 1 1 1 1 2 2 2 2 2 2 2 2 2 2 0 0 0 0 0 0 0 0 0 0 0 0 0 0 0 0 0 

 Inviabilidades: 0 
FO: 218.064706
Tempo total:3.643
######################## FIM ###################

 ######################## 100 ###################

Vetor de solucoes: 
1 1 1 1 1 1 1 1 1 1 2 2 2 2 2 2 2 2 2 2 0 0 0 0 0 0 0 0 0 0 3 3 3 3 3 3 3 3 3 3 3 3 3 3 3 3 3 

 Inviabilidades: 0 
FO: 218.064706
Tempo total:3.758
######################## FIM ###################

 ######################## 100 ###################

Vetor de solucoes: 
0 0 0 0 0 0 0 0 0 0 3 3 3 3 3 3 3 3 3 3 2 2 2 2 2 2 2 2 2 2 1 1 1 1 1 1 1 1 1 1 1 1 1 1 1 1 1 

 Inviabilidades: 0 
FO: 218.064706
Tempo total:3.785
######################## FIM ###################

 ######################## 100 ###################

Vetor de solucoes: 
2 2 2 2 2 2 2 2 2 2 1 1 1 1 1 1 1 1 1 1 0 0 0 0 0 0 0 0 0 0 3 3 3 3 3 3 3 3 3 3 3 3 3 3 3 3 3 

 Inviabilidades: 0 
FO: 218.064706
Tempo total:3.685
######################## FIM ###################

 ######################## 100 ###################

Vetor de solucoes: 
3 3 3 3 3 3 3 3 3 3 2 2 2 2 2 2 2 2 2 2 1 1 1 1 1 1 1 1 1 1 0 0 0 0 0 0 0 0 0 0 0 0 0 0 0 0 0 

 Inviabilidades: 0 
FO: 218.064706
Tempo total:3.641
######################## FIM ###################

 ######################## 100 ###################

Vetor de solucoes: 
2 2 2 2 2 2 2 2 2 2 3 3 3 3 3 3 3 3 3 3 0 0 0 0 0 0 0 0 0 0 1 1 1 1 1 1 1 1 1 1 1 1 1 1 1 1 1 

 Inviabilidades: 0 
FO: 218.064706
Tempo total:4.087
######################## FIM ###################

 ######################## 100 ###################

Vetor de solucoes: 
0 0 0 0 0 0 0 0 0 0 2 2 2 2 2 2 2 2 2 2 3 3 3 3 3 3 3 3 3 3 1 1 1 1 1 1 1 1 1 1 1 1 1 1 1 1 1 

 Inviabilidades: 0 
FO: 218.064706
Tempo total:3.564
######################## FIM ###################

 ######################## 100 ###################

Vetor de solucoes: 
3 3 3 3 3 3 3 3 3 3 2 2 2 2 2 2 2 2 2 2 0 0 0 0 0 0 0 0 0 0 1 1 1 1 1 1 1 1 1 1 1 1 1 1 1 1 1 

 Inviabilidades: 0 
FO: 218.064706
Tempo total:4.027
######################## FIM ###################

 ######################## 100 ###################

Vetor de solucoes: 
0 0 0 0 0 0 0 0 0 0 2 2 2 2 2 2 2 2 2 2 3 3 3 3 3 3 3 3 3 3 1 1 1 1 1 1 1 1 1 1 1 1 1 1 1 1 1 

 Inviabilidades: 0 
FO: 218.064706
Tempo total:4.472
######################## FIM ###################

 ######################## 100 ###################

Vetor de solucoes: 
1 1 1 1 1 1 1 1 1 1 2 2 2 2 2 2 2 2 2 2 3 3 3 3 3 3 3 3 3 3 0 0 0 0 0 0 0 0 0 0 0 0 0 0 0 0 0 

 Inviabilidades: 0 
FO: 218.064706
Tempo total:3.765
######################## FIM ###################

 ######################## 100 ###################

Vetor de solucoes: 
3 3 3 3 3 3 3 3 3 3 2 2 2 2 2 2 2 2 2 2 1 1 1 1 1 1 1 1 1 1 0 0 0 0 0 0 0 0 0 0 0 0 0 0 0 0 0 

 Inviabilidades: 0 
FO: 218.064706
Tempo total:3.875
######################## FIM ###################

 ######################## 100 ###################

Vetor de solucoes: 
0 0 0 0 0 0 0 0 0 0 2 2 2 2 2 2 2 2 2 2 3 3 3 3 3 3 3 3 3 3 1 1 1 1 1 1 1 1 1 1 1 1 1 1 1 1 1 

 Inviabilidades: 0 
FO: 218.064706
Tempo total:4.489
######################## FIM ###################

 ######################## 100 ###################

Vetor de solucoes: 
0 0 0 0 0 0 0 0 0 0 1 1 1 1 1 1 1 1 1 1 3 3 3 3 3 3 3 3 3 3 2 2 2 2 2 2 2 2 2 2 2 2 2 2 2 2 2 

 Inviabilidades: 0 
FO: 218.064706
Tempo total:3.981
######################## FIM ###################

 ######################## 100 ###################

Vetor de solucoes: 
2 2 2 2 2 2 2 2 2 2 1 1 1 1 1 1 1 1 1 1 3 3 3 3 3 3 3 3 3 3 0 0 0 0 0 0 0 0 0 0 0 0 0 0 0 0 0 

 Inviabilidades: 0 
FO: 218.064706
Tempo total:4.030
######################## FIM ###################

 ######################## 100 ###################

Vetor de solucoes: 
0 0 0 0 0 0 0 0 0 0 3 3 3 3 3 3 3 3 3 3 2 2 2 2 2 2 2 2 2 2 1 1 1 1 1 1 1 1 1 1 1 1 1 1 1 1 1 

 Inviabilidades: 0 
FO: 218.064706
Tempo total:3.959
######################## FIM ###################
