
######################## 150 ###################

Vetor de solucoes: 
1 1 1 1 2 1 1 1 1 1 1 1 1 1 1 1 1 1 1 1 2 2 1 1 1 1 1 1 1 1 1 1 1 1 1 2 1 1 1 2 1 1 1 2 1 1 1 1 1 1 1 1 1 1 1 1 1 1 1 0 0 0 2 0 0 0 0 0 2 0 2 0 0 0 0 0 0 0 2 0 0 2 0 0 0 0 0 0 0 2 0 0 0 0 0 1 0 0 2 0 2 0 0 0 0 0 0 0 0 0 0 0 0 0 0 0 0 0 0 0 2 0 0 0 0 0 0 0 0 0 2 0 2 0 2 2 2 2 0 2 2 2 0 0 1 1 0 2 2 0 0 2 0 2 2 2 0 2 2 2 2 2 0 1 0 0 2 2 2 2 0 2 2 2 2 1 1 0 

 Inviabilidades: 7 
FO: 4263580.884340
Tempo total:24.044
######################## FIM ###################

######################## 150 ###################

Vetor de solucoes: 
2 2 2 2 2 2 2 2 2 2 2 2 2 2 2 2 2 2 2 2 2 2 2 2 2 2 2 2 2 2 2 2 2 2 2 2 2 2 2 2 2 2 2 2 2 2 2 2 2 2 2 2 2 2 2 2 2 2 2 1 0 1 1 0 0 0 0 1 1 0 1 1 1 1 0 1 1 1 1 1 0 1 0 0 1 1 0 1 0 1 1 0 1 0 0 2 0 1 1 1 1 0 1 0 1 0 0 1 0 0 0 0 1 1 1 1 1 0 0 1 1 0 0 0 1 0 0 1 0 1 0 1 1 1 1 1 1 1 1 1 1 2 1 1 2 1 1 1 1 1 1 1 1 1 1 1 1 1 0 1 0 1 1 1 0 0 1 1 1 1 1 0 1 1 1 2 2 1 

 Inviabilidades: 6 
FO: 5271074.321712
Tempo total:29.365
######################## FIM ###################
