
 ######################## 150 ###################

Vetor de solucoes: 
1 1 1 1 2 1 1 1 1 1 1 1 1 1 1 1 1 1 1 1 2 2 1 1 1 1 1 1 1 1 1 1 1 1 1 2 1 1 1 2 1 1 1 2 1 1 1 1 1 1 1 1 1 1 1 1 1 1 1 0 0 0 2 0 0 0 0 0 2 0 2 0 0 0 0 0 0 0 2 0 0 2 0 0 0 0 0 0 0 2 0 0 0 0 0 1 0 0 2 0 2 0 0 0 0 0 0 0 0 0 0 0 0 0 0 0 0 0 0 0 2 0 0 0 0 0 0 0 0 0 2 0 2 0 2 2 2 2 0 2 2 2 0 0 1 1 0 2 2 0 0 2 0 2 2 2 0 2 2 2 2 2 0 1 0 0 2 2 2 2 0 2 2 2 2 1 1 0 

 Inviabilidades: 7 
FO: 4263580.884340
Tempo total:24.044
######################## FIM ###################

 ######################## 150 ###################

Vetor de solucoes: 
0 0 0 0 2 0 0 0 0 0 0 0 0 0 0 0 0 0 0 0 2 2 0 0 0 0 0 0 0 0 0 0 0 0 0 2 0 0 0 2 0 0 0 2 0 0 0 0 0 0 0 0 0 0 0 0 0 0 0 1 1 1 2 1 1 1 1 1 2 1 2 1 1 1 1 1 1 1 2 1 1 2 1 1 1 1 1 1 1 2 1 1 1 1 1 0 1 1 2 1 2 1 1 1 1 1 1 1 1 1 1 1 1 1 1 1 1 1 1 1 2 1 1 1 1 1 1 1 1 1 2 1 2 1 2 2 2 2 1 2 2 2 1 1 0 0 1 2 2 1 1 2 1 2 2 2 1 2 2 2 2 2 1 0 1 1 2 2 2 2 1 2 2 2 2 0 0 1 

 Inviabilidades: 7 
FO: 4263580.884340
Tempo total:22.326
######################## FIM ###################

 ######################## 150 ###################

Vetor de solucoes: 
2 2 2 2 0 2 2 2 2 2 2 2 2 2 2 2 2 2 2 2 0 0 2 2 2 2 2 2 2 2 2 2 2 2 2 0 2 2 2 0 2 2 2 0 2 2 2 2 2 2 2 2 2 2 2 2 2 2 2 1 1 1 0 1 1 1 1 1 0 1 0 1 1 1 1 1 1 1 0 1 1 0 1 1 1 1 1 1 1 0 1 1 1 1 1 2 1 1 0 1 0 1 1 1 1 1 1 1 1 1 1 1 1 1 1 1 1 1 1 1 0 1 1 1 1 1 1 1 1 1 0 1 0 1 0 0 0 0 1 0 0 0 1 1 2 2 1 0 0 1 1 0 1 0 0 0 1 0 0 0 0 0 1 2 1 1 0 0 0 0 1 0 0 0 0 2 2 1 

 Inviabilidades: 7 
FO: 4263580.884340
Tempo total:22.279
######################## FIM ###################

 ######################## 150 ###################

Vetor de solucoes: 
0 0 0 0 1 0 0 0 0 0 0 0 0 0 0 0 0 0 0 0 1 1 0 0 0 0 0 0 0 0 0 0 0 0 0 1 0 0 0 1 0 0 0 1 0 0 0 0 0 0 0 0 0 0 0 0 0 0 0 2 2 2 1 2 2 2 2 2 1 2 1 2 2 2 2 2 2 2 1 2 2 1 2 2 2 2 2 2 2 1 2 2 2 2 2 0 2 2 1 2 1 2 2 2 2 2 2 2 2 2 2 2 2 2 2 2 2 2 2 2 1 2 2 2 2 2 2 2 2 2 1 2 1 2 1 1 1 1 2 1 1 1 2 2 0 0 2 1 1 2 2 1 2 1 1 1 2 1 1 1 1 1 2 0 2 2 1 1 1 1 2 1 1 1 1 0 0 2 

 Inviabilidades: 7 
FO: 4263580.884340
Tempo total:22.230
######################## FIM ###################

 ######################## 150 ###################

Vetor de solucoes: 
0 0 0 0 1 0 0 0 0 0 0 0 0 0 0 0 0 0 0 0 0 0 0 0 0 0 0 0 0 0 0 0 0 0 0 1 0 1 0 1 0 0 0 1 0 0 0 0 0 0 0 0 0 0 0 0 0 0 0 2 2 1 1 2 1 2 2 2 1 2 1 2 2 1 2 1 2 1 1 1 2 2 2 2 1 1 2 2 2 2 2 2 2 2 1 0 2 2 2 2 1 2 1 2 2 2 2 2 2 2 2 2 1 2 2 2 2 1 2 2 1 2 1 2 2 2 2 2 2 2 2 1 1 1 1 1 2 1 2 2 1 0 1 2 0 0 2 2 0 1 1 1 1 1 1 2 2 1 2 1 2 1 1 0 2 2 1 1 1 2 1 1 2 1 1 0 0 1 

 Inviabilidades: 7 
FO: 5656795.404044
Tempo total:28.488
######################## FIM ###################

 ######################## 150 ###################

Vetor de solucoes: 
0 0 0 0 0 0 0 0 0 0 0 0 0 0 0 0 0 0 0 0 1 1 0 0 0 0 0 0 0 0 0 0 0 0 0 0 0 0 0 0 1 0 0 0 0 0 0 0 0 0 0 0 0 0 0 0 0 0 0 2 2 1 1 2 1 2 2 2 1 2 1 2 2 1 2 1 2 1 1 1 2 2 2 2 1 1 2 2 2 2 2 2 2 2 1 0 2 2 2 2 1 2 1 2 2 2 2 2 2 2 2 2 1 2 2 2 2 1 2 2 1 2 1 2 2 2 2 1 2 2 2 1 1 1 1 1 2 1 2 2 1 1 1 1 0 2 2 1 1 1 1 1 1 1 1 1 2 1 2 1 2 1 1 1 2 2 1 1 1 2 1 1 2 1 1 0 0 1 

 Inviabilidades: 7 
FO: 5052643.189141
Tempo total:27.189
######################## FIM ###################

 ######################## 150 ###################

Vetor de solucoes: 
2 2 2 2 0 2 2 2 2 2 2 2 2 2 2 2 2 2 2 2 0 0 2 2 2 2 2 2 2 2 2 2 2 2 2 2 2 2 2 0 0 2 2 0 2 2 2 2 2 2 2 2 2 2 2 2 2 2 2 0 1 0 0 0 0 0 1 0 0 0 0 0 0 0 1 0 0 0 0 0 1 0 0 0 0 0 0 0 0 0 0 0 0 1 0 2 0 0 0 0 0 1 0 0 0 1 0 0 1 0 0 0 0 0 0 0 0 0 0 0 0 0 0 0 0 0 0 0 0 0 1 0 1 0 1 0 0 1 0 1 0 1 0 0 2 1 0 0 1 0 0 1 0 0 0 0 0 0 1 0 1 1 0 1 1 1 0 1 0 1 0 1 0 1 1 2 2 0 

 Inviabilidades: 8 
FO: 4845185.620020
Tempo total:28.832
######################## FIM ###################

 ######################## 150 ###################

Vetor de solucoes: 
0 0 0 0 2 0 0 0 0 0 0 0 0 0 0 0 0 0 0 0 0 0 0 0 0 0 0 0 0 0 0 0 0 0 0 2 0 2 0 2 0 0 0 2 0 0 0 0 0 0 0 0 0 0 0 0 0 0 0 1 1 2 2 1 2 1 1 1 2 1 2 1 1 2 1 2 1 2 2 2 1 1 1 1 2 2 1 1 1 1 1 1 1 1 2 0 1 1 1 1 2 1 2 1 1 1 1 1 1 1 1 1 2 1 1 1 1 2 1 1 2 1 2 1 1 1 1 1 1 1 1 2 2 2 2 2 1 2 1 1 2 0 2 1 0 0 1 1 0 2 2 2 2 2 2 1 1 2 1 2 1 2 2 0 1 1 2 2 2 1 2 2 1 2 2 0 0 2 

 Inviabilidades: 7 
FO: 5656795.404044
Tempo total:27.508
######################## FIM ###################

 ######################## 150 ###################

Vetor de solucoes: 
2 2 2 2 2 2 2 2 2 2 2 2 2 2 2 2 2 2 2 2 2 2 2 2 2 2 2 2 2 2 2 2 2 2 2 2 2 2 2 2 2 2 2 2 2 2 2 2 2 2 2 2 2 2 2 2 2 2 2 1 0 1 1 0 0 0 0 1 1 0 1 1 1 1 0 1 1 1 1 1 0 1 0 0 1 1 0 1 0 1 1 0 1 0 0 2 0 1 1 1 1 0 1 0 1 0 0 1 0 0 0 0 1 1 1 1 1 0 0 1 1 0 0 0 1 0 0 1 0 1 0 1 1 1 1 1 1 1 1 1 1 2 1 1 2 1 1 1 1 1 1 1 1 1 1 1 1 1 0 1 0 1 1 1 0 0 1 1 1 1 1 0 1 1 1 2 2 1 

 Inviabilidades: 6 
FO: 5271074.321712
Tempo total:29.365
######################## FIM ###################

 ######################## 150 ###################

Vetor de solucoes: 
1 1 1 1 0 1 1 1 1 1 1 1 1 1 1 1 1 1 1 1 0 0 1 1 1 1 1 1 1 1 1 1 1 1 1 0 1 1 1 0 1 1 1 0 1 1 1 1 1 1 1 1 1 1 1 1 1 1 1 2 2 2 0 2 2 2 2 2 0 2 0 2 2 2 2 2 2 2 0 2 2 0 2 2 2 2 2 2 2 2 2 2 2 2 2 1 2 2 0 2 0 2 2 2 2 2 2 2 2 2 2 2 2 2 2 2 2 2 2 2 2 2 2 2 2 2 2 2 2 2 0 2 0 2 0 0 0 0 2 0 0 0 2 2 1 1 2 2 0 2 2 0 2 0 0 0 2 0 0 0 0 0 2 1 2 2 0 0 0 0 2 0 0 0 0 1 1 2 

 Inviabilidades: 8 
FO: 4302785.223553
Tempo total:29.935
######################## FIM ###################

 ######################## 150 ###################

Vetor de solucoes: 
2 2 2 2 2 2 2 2 2 2 2 2 2 2 2 2 2 2 2 2 2 2 2 2 2 2 2 2 2 2 2 2 2 2 2 2 2 2 2 2 2 2 2 2 2 2 2 2 2 2 2 2 2 2 2 2 2 2 2 0 0 0 0 0 1 0 0 0 0 0 0 0 0 0 0 0 0 0 0 0 1 0 0 0 0 0 0 0 0 0 0 0 0 0 1 2 0 0 0 0 0 0 0 0 0 1 0 0 1 0 0 0 0 0 0 0 0 1 0 0 0 0 1 0 0 0 1 0 0 0 1 0 1 0 1 0 0 0 0 0 0 2 0 0 2 0 0 0 1 0 0 1 0 0 0 0 0 0 1 1 1 0 0 1 1 1 0 1 0 0 0 1 0 1 1 2 2 0 

 Inviabilidades: 7 
FO: 5448498.882561
Tempo total:30.465
######################## FIM ###################

 ######################## 150 ###################

Vetor de solucoes: 
1 1 1 1 1 1 1 1 1 1 1 1 1 1 1 1 1 1 1 1 1 1 1 1 1 1 1 1 1 1 1 1 1 1 1 1 1 1 1 1 1 1 1 1 1 1 1 1 1 1 1 1 1 1 1 1 1 1 1 2 0 2 2 0 0 0 0 2 2 0 2 2 2 2 0 2 2 2 2 2 0 2 0 0 2 2 0 2 0 2 2 0 2 0 0 1 0 2 2 2 2 0 2 0 2 0 0 2 0 0 0 0 2 2 2 2 2 0 0 2 2 0 0 0 2 0 0 2 0 2 0 2 2 2 2 2 2 2 2 2 2 1 2 2 1 2 2 2 2 2 2 2 2 2 2 2 2 2 0 2 0 2 2 2 0 0 2 2 2 2 2 0 2 2 2 1 1 2 

 Inviabilidades: 6 
FO: 5271074.321712
Tempo total:31.352
######################## FIM ###################

 ######################## 150 ###################

Vetor de solucoes: 
1 1 1 1 2 1 1 1 1 1 1 1 1 1 1 1 1 1 1 1 2 2 1 1 1 1 1 1 1 1 1 1 1 1 1 2 1 1 1 2 1 1 1 2 1 1 1 1 1 1 1 1 1 1 1 1 1 1 1 0 0 0 2 0 0 0 0 0 2 0 2 0 0 0 0 0 0 0 2 0 0 2 0 0 0 0 0 0 0 2 0 0 0 0 0 1 0 0 2 0 2 0 0 0 0 0 0 0 0 0 0 0 0 0 0 0 0 0 0 0 2 0 0 0 0 0 0 0 0 0 2 0 2 0 2 2 2 2 0 2 2 2 0 0 1 1 0 2 2 0 0 2 0 2 2 2 0 2 2 2 2 2 0 1 0 0 2 2 2 2 0 2 2 2 2 1 1 0 

 Inviabilidades: 7 
FO: 4263580.884340
Tempo total:27.228
######################## FIM ###################

 ######################## 150 ###################

Vetor de solucoes: 
0 0 0 0 2 0 0 0 0 0 0 0 0 0 0 0 0 0 0 0 2 2 0 0 0 0 0 0 0 0 0 0 0 0 0 2 0 0 0 2 0 0 0 2 0 0 0 0 0 0 0 0 0 0 0 0 0 0 0 1 1 1 2 1 1 1 1 1 2 1 2 1 1 1 1 1 1 1 2 1 1 2 1 1 1 1 1 1 1 2 1 1 1 1 1 0 1 1 2 1 2 1 1 1 1 1 1 1 1 1 1 1 1 1 1 1 1 1 1 1 2 1 1 1 1 1 1 1 1 1 2 1 2 1 2 2 2 2 1 2 2 2 1 1 0 0 1 2 2 1 1 2 1 2 2 2 1 2 2 2 2 2 1 0 1 1 2 2 2 2 1 2 2 2 2 0 0 1 

 Inviabilidades: 7 
FO: 4263580.884340
Tempo total:25.626
######################## FIM ###################

 ######################## 150 ###################

Vetor de solucoes: 
0 0 0 0 0 0 0 0 0 0 0 0 0 0 0 0 0 0 0 0 0 0 0 0 0 0 0 0 0 0 0 0 0 0 0 0 0 0 0 0 0 0 0 0 0 0 0 0 0 0 0 0 0 0 0 0 0 0 0 1 2 1 1 2 2 2 2 1 1 2 1 1 1 1 2 1 1 1 1 1 2 1 2 2 1 1 2 1 2 1 1 2 1 2 2 0 2 1 1 1 1 2 1 2 1 2 2 1 2 2 2 2 1 1 1 1 1 2 2 1 1 2 2 2 1 2 2 1 2 1 2 1 1 1 1 1 1 1 1 1 1 0 1 1 0 1 1 1 1 1 1 1 1 1 1 1 1 1 2 1 2 1 1 1 2 2 1 1 1 1 1 2 1 1 1 0 0 1 

 Inviabilidades: 6 
FO: 5271074.321712
Tempo total:26.028
######################## FIM ###################

 ######################## 150 ###################

Vetor de solucoes: 
0 0 0 0 0 0 0 0 0 0 0 0 0 0 0 0 0 0 0 0 0 0 0 0 0 0 0 0 0 0 0 0 0 0 0 0 0 0 0 0 0 0 0 0 0 0 0 0 0 0 0 0 0 0 0 0 0 0 0 2 1 2 2 1 1 1 1 2 2 1 2 2 2 2 1 2 2 2 2 2 1 2 1 1 2 2 1 2 1 2 2 1 2 1 1 0 1 2 2 2 2 1 2 1 2 1 1 2 1 1 1 1 2 2 2 2 2 1 1 2 2 1 1 1 2 1 1 2 1 2 1 2 2 2 2 2 2 2 2 2 2 0 2 2 0 2 2 2 2 2 2 2 2 2 2 2 2 2 1 2 1 2 2 2 1 1 2 2 2 2 2 1 2 2 2 0 0 2 

 Inviabilidades: 6 
FO: 5271074.321712
Tempo total:25.745
######################## FIM ###################

 ######################## 150 ###################

Vetor de solucoes: 
0 0 0 0 0 0 0 0 0 0 0 0 0 0 0 0 0 0 0 0 2 2 0 0 0 0 0 0 0 0 0 0 0 0 0 0 0 0 0 0 2 0 0 0 0 0 0 0 0 0 0 0 0 0 0 0 0 0 0 1 1 2 2 1 2 1 1 1 2 1 2 1 1 2 1 2 1 2 2 2 1 1 1 1 2 2 1 1 1 1 1 1 1 1 2 0 1 1 1 1 2 1 2 1 1 1 1 1 1 1 1 1 2 1 1 1 1 2 1 1 2 1 2 1 1 1 1 2 1 1 1 2 2 2 2 2 1 2 1 1 2 2 2 2 0 1 1 2 2 2 2 2 2 2 2 2 1 2 1 2 1 2 2 2 1 1 2 2 2 1 2 2 1 2 2 0 0 2 

 Inviabilidades: 7 
FO: 5052643.189141
Tempo total:24.067
######################## FIM ###################

 ######################## 150 ###################

Vetor de solucoes: 
2 2 2 2 0 2 2 2 2 2 2 2 2 2 2 2 2 2 2 2 0 0 2 2 2 2 2 2 2 2 2 2 2 2 2 0 2 2 2 0 2 2 2 0 2 2 2 2 2 2 2 2 2 2 2 2 2 2 2 1 1 1 0 1 1 1 1 1 0 1 0 1 1 1 1 1 1 1 0 1 1 0 1 1 1 1 1 1 1 0 1 1 1 1 1 2 1 1 0 1 0 1 1 1 1 1 1 1 1 1 1 1 1 1 1 1 1 1 1 1 0 1 1 1 1 1 1 1 1 1 0 1 0 1 0 0 0 0 1 0 0 0 1 1 2 2 1 0 0 1 1 0 1 0 0 0 1 0 0 0 0 0 1 2 1 1 0 0 0 0 1 0 0 0 0 2 2 1 

 Inviabilidades: 7 
FO: 4263580.884340
Tempo total:26.305
######################## FIM ###################

 ######################## 150 ###################

Vetor de solucoes: 
2 2 2 2 0 2 2 2 2 2 2 2 2 2 2 2 2 2 2 2 0 0 2 2 2 2 2 2 2 2 2 2 2 2 2 0 2 2 2 0 2 2 2 0 2 2 2 2 2 2 2 2 2 2 2 2 2 2 2 1 1 1 0 1 1 1 1 1 0 1 0 1 1 1 1 1 1 1 0 1 1 0 1 1 1 1 1 1 1 0 1 1 1 1 1 2 1 1 0 1 0 1 1 1 1 1 1 1 1 1 1 1 1 1 1 1 1 1 1 1 0 1 1 1 1 1 1 1 1 1 0 1 0 1 0 0 0 0 1 0 0 0 1 1 2 2 1 0 0 1 1 0 1 0 0 0 1 0 0 0 0 0 1 2 1 1 0 0 0 0 1 0 0 0 0 2 2 1 

 Inviabilidades: 7 
FO: 4263580.884340
Tempo total:30.368
######################## FIM ###################

 ######################## 150 ###################

Vetor de solucoes: 
1 1 1 1 0 1 1 1 1 1 1 1 1 1 1 1 1 1 1 1 0 0 1 1 1 1 1 1 1 1 1 1 1 1 1 0 1 1 1 0 1 1 1 0 1 1 1 1 1 1 1 1 1 1 1 1 1 1 1 2 2 2 0 2 2 2 2 2 0 2 0 2 2 2 2 2 2 2 0 2 2 0 2 2 2 2 2 2 2 0 2 2 2 2 2 1 2 2 0 2 0 2 2 2 2 2 2 2 2 2 2 2 2 2 2 2 2 2 2 2 0 2 2 2 2 2 2 2 2 2 0 2 0 2 0 0 0 0 2 0 0 0 2 2 1 1 2 0 0 2 2 0 2 0 0 0 2 0 0 0 0 0 2 1 2 2 0 0 0 0 2 0 0 0 0 1 1 2 

 Inviabilidades: 7 
FO: 4263580.884340
Tempo total:25.700
######################## FIM ###################

 ######################## 150 ###################

Vetor de solucoes: 
2 2 2 2 2 2 2 2 2 2 2 2 2 2 2 2 2 2 2 2 0 0 2 2 2 2 2 2 2 2 2 2 2 2 2 2 2 2 2 2 0 2 2 2 2 2 2 2 2 2 2 2 2 2 2 2 2 2 2 1 1 0 0 1 0 1 1 1 0 1 0 1 1 0 1 0 1 0 0 0 1 1 1 1 0 0 1 1 1 1 1 1 1 1 0 2 1 1 1 1 0 1 0 1 1 1 1 1 1 1 1 1 0 1 1 1 1 0 1 1 0 1 0 1 1 1 1 0 1 1 1 0 0 0 0 0 1 0 1 1 0 0 0 0 2 1 1 0 0 0 0 0 0 0 0 0 1 0 1 0 1 0 0 0 1 1 0 0 0 1 0 0 1 0 0 2 2 0 

 Inviabilidades: 7 
FO: 5052643.189141
Tempo total:23.349
######################## FIM ###################

 ######################## 150 ###################

Vetor de solucoes: 
0 0 0 0 1 0 0 0 0 0 0 0 0 0 0 0 0 0 0 0 1 1 0 0 0 0 0 0 0 0 0 0 0 0 0 1 0 0 0 1 0 0 0 1 0 0 0 0 0 0 0 0 0 0 0 0 0 0 0 2 2 2 1 2 2 2 2 2 1 2 1 2 2 2 2 2 2 2 1 2 2 1 2 2 2 2 2 2 2 1 2 2 2 2 2 0 2 2 1 2 1 2 2 2 2 2 2 2 2 2 2 2 2 2 2 2 2 2 2 2 1 2 2 2 2 2 2 2 2 2 1 2 1 2 1 1 1 1 2 1 1 1 2 2 0 0 2 1 1 2 2 1 2 1 1 1 2 1 1 1 1 1 2 0 2 2 1 1 1 1 2 1 1 1 1 0 0 2 

 Inviabilidades: 7 
FO: 4263580.884340
Tempo total:27.375
######################## FIM ###################

 ######################## 150 ###################

Vetor de solucoes: 
0 0 0 0 0 0 0 0 0 0 0 0 0 0 0 0 0 0 0 0 0 0 0 0 0 0 0 0 0 0 0 0 0 0 0 0 0 0 0 0 0 0 0 0 0 0 0 0 0 0 0 0 0 0 0 0 0 0 0 2 2 2 2 2 1 2 2 2 2 2 2 2 2 2 2 2 2 2 2 2 1 2 2 2 2 2 2 2 2 2 2 2 2 2 1 0 2 2 2 2 2 2 2 2 2 1 2 2 1 2 2 2 2 2 2 2 2 1 2 2 2 2 1 2 2 2 1 2 2 2 1 2 1 2 1 2 2 2 2 2 2 0 2 2 0 2 2 2 1 2 2 1 2 2 2 2 2 2 1 1 1 2 2 1 1 1 2 1 2 2 2 1 2 1 1 0 0 2 

 Inviabilidades: 7 
FO: 5448498.882561
Tempo total:29.898
######################## FIM ###################

 ######################## 150 ###################

Vetor de solucoes: 
2 2 2 2 0 2 2 2 2 2 2 2 2 2 2 2 2 2 2 2 0 0 2 2 2 2 2 2 2 2 2 2 2 2 2 0 2 2 2 0 2 2 2 0 2 2 2 2 2 2 2 2 2 2 2 2 2 2 2 1 1 1 0 1 1 1 1 1 0 1 0 1 1 1 1 1 1 1 0 1 1 0 1 1 1 1 1 1 1 0 1 1 1 1 1 2 1 1 0 1 0 1 1 1 1 1 1 1 1 1 1 1 1 1 1 1 1 1 1 1 0 1 1 1 1 1 1 1 1 1 0 1 0 1 0 0 0 0 1 0 0 0 1 1 2 2 1 0 0 1 1 0 1 0 0 0 1 0 0 0 0 0 1 2 1 1 0 0 0 0 1 0 0 0 0 2 2 1 

 Inviabilidades: 7 
FO: 4263580.884340
Tempo total:28.062
######################## FIM ###################

 ######################## 150 ###################

Vetor de solucoes: 
1 1 1 1 2 1 1 1 1 1 1 1 1 1 1 1 1 1 1 1 2 2 1 1 1 1 1 1 1 1 1 1 1 1 1 2 1 1 1 2 1 1 1 2 1 1 1 1 1 1 1 1 1 1 1 1 1 1 1 0 0 0 2 0 0 0 0 0 2 0 2 0 0 0 0 0 0 0 2 0 0 2 0 0 0 0 0 0 0 2 0 0 0 0 0 1 0 0 2 0 2 0 0 0 0 0 0 0 0 0 0 0 0 0 0 0 0 0 0 0 2 0 0 0 0 0 0 0 0 0 2 0 2 0 2 2 2 2 0 2 2 2 0 0 1 1 0 2 2 0 0 2 0 2 2 2 0 2 2 2 2 2 0 1 0 0 2 2 2 2 0 2 2 2 2 1 1 0 

 Inviabilidades: 7 
FO: 4263580.884340
Tempo total:28.831
######################## FIM ###################

 ######################## 150 ###################

Vetor de solucoes: 
0 0 0 0 0 0 0 0 0 0 0 0 0 0 0 0 0 0 0 0 0 0 0 0 0 0 0 0 0 0 0 0 0 0 0 0 0 0 0 0 0 0 0 0 0 0 0 0 0 0 0 0 0 0 0 0 0 0 0 2 1 2 2 1 1 1 1 2 2 1 2 2 2 2 1 2 2 2 2 2 1 2 1 1 2 2 1 2 1 2 2 1 2 1 1 0 1 2 2 2 2 1 2 1 2 1 1 2 1 1 1 1 2 2 2 2 2 1 1 2 2 1 1 1 2 1 1 2 1 2 1 2 2 2 2 2 2 2 2 2 2 0 2 2 0 2 2 2 2 2 2 2 2 2 2 2 2 2 1 2 1 2 2 2 1 1 2 2 2 2 2 1 2 2 2 0 0 2 

 Inviabilidades: 6 
FO: 5271074.321712
Tempo total:22.841
######################## FIM ###################

 ######################## 150 ###################

Vetor de solucoes: 
2 2 2 2 1 2 2 2 2 2 2 2 2 2 2 2 2 2 2 2 2 2 2 2 2 2 2 2 2 2 2 2 2 2 2 1 2 1 2 1 2 2 2 1 2 2 2 2 2 2 2 2 2 2 2 2 2 2 2 0 0 1 1 0 1 0 0 0 1 0 1 0 0 1 0 1 0 1 1 1 0 0 0 0 1 1 0 0 0 0 0 0 0 0 1 2 0 0 0 0 1 0 1 0 0 0 0 0 0 0 0 0 1 0 0 0 0 1 0 0 1 0 1 0 0 0 0 0 0 0 0 1 1 1 1 1 0 1 0 0 1 2 1 0 2 2 0 0 2 1 1 1 1 1 1 0 0 1 0 1 0 1 1 2 0 0 1 1 1 0 1 1 0 1 1 2 2 1 

 Inviabilidades: 7 
FO: 5656795.404044
Tempo total:28.570
######################## FIM ###################

 ######################## 150 ###################

Vetor de solucoes: 
1 1 1 1 2 1 1 1 1 1 1 1 1 1 1 1 1 1 1 1 2 2 1 1 1 1 1 1 1 1 1 1 1 1 1 2 1 1 1 2 1 1 1 2 1 1 1 1 1 1 1 1 1 1 1 1 1 1 1 0 0 0 2 0 0 0 0 0 2 0 2 0 0 0 0 0 0 0 2 0 0 2 0 0 0 0 0 0 0 2 0 0 0 0 0 1 0 0 2 0 2 0 0 0 0 0 0 0 0 0 0 0 0 0 0 0 0 0 0 0 2 0 0 0 0 0 0 0 0 0 2 0 2 0 2 2 2 2 0 2 2 2 0 0 1 1 0 2 2 0 0 2 0 2 2 2 0 2 2 2 2 2 0 1 0 0 2 2 2 2 0 2 2 2 2 1 1 0 

 Inviabilidades: 7 
FO: 4263580.884340
Tempo total:24.711
######################## FIM ###################

 ######################## 150 ###################

Vetor de solucoes: 
2 2 2 2 2 2 2 2 2 2 2 2 2 2 2 2 2 2 2 2 2 2 2 2 2 2 2 2 2 2 2 2 2 2 2 2 2 2 2 2 2 2 2 2 2 2 2 2 2 2 2 2 2 2 2 2 2 2 2 1 0 1 1 0 0 0 0 1 1 0 1 1 1 1 0 1 1 1 1 1 0 1 0 0 1 1 0 1 0 1 1 0 1 0 0 2 0 1 1 1 1 0 1 0 1 0 0 1 0 0 0 0 1 1 1 1 1 0 0 1 1 0 0 0 1 0 0 1 0 1 0 1 1 1 1 1 1 1 1 1 1 2 1 1 2 1 1 1 1 1 1 1 1 1 1 1 1 1 0 1 0 1 1 1 0 0 1 1 1 1 1 0 1 1 1 2 2 1 

 Inviabilidades: 6 
FO: 5271074.321712
Tempo total:23.363
######################## FIM ###################

 ######################## 150 ###################

Vetor de solucoes: 
1 1 1 1 2 1 1 1 1 1 1 1 1 1 1 1 1 1 1 1 0 0 1 1 1 1 1 1 1 1 1 1 1 1 1 0 1 1 1 0 0 1 1 2 1 1 1 1 1 1 1 1 1 1 1 1 1 1 1 2 2 2 2 2 2 2 2 2 0 2 0 2 2 0 2 2 2 2 2 2 2 2 2 2 2 2 2 2 2 2 2 2 2 2 2 1 2 2 2 2 2 2 2 2 2 2 2 2 2 2 2 2 2 2 2 2 2 2 2 2 2 2 2 2 2 2 2 2 2 2 0 2 0 2 0 2 0 0 2 0 0 0 2 2 1 1 2 2 0 2 2 0 2 2 2 0 2 0 0 0 2 0 2 0 0 0 2 0 0 0 2 0 2 0 0 1 1 2 

 Inviabilidades: 8 
FO: 4235662.561536
Tempo total:26.630
######################## FIM ###################

 ######################## 150 ###################

Vetor de solucoes: 
1 1 1 1 0 1 1 1 1 1 1 1 1 1 1 1 1 1 1 1 2 2 1 1 1 1 1 1 1 1 1 1 1 1 1 2 1 1 1 2 2 1 1 0 1 1 1 1 1 1 1 1 1 1 1 1 1 1 1 0 0 0 0 0 0 0 0 0 2 0 2 0 0 2 0 0 0 0 0 0 0 0 0 0 0 0 0 0 0 0 0 0 0 0 0 1 0 0 0 0 0 0 0 0 0 0 0 0 0 0 0 0 0 0 0 0 0 0 0 0 0 0 0 0 0 0 0 0 0 0 2 0 2 0 2 0 2 2 0 2 2 2 0 0 1 1 0 0 2 0 0 2 0 0 0 2 0 2 2 2 0 2 0 2 2 2 0 2 2 2 0 2 0 2 2 1 1 0 

 Inviabilidades: 8 
FO: 4235662.561536
Tempo total:25.717
######################## FIM ###################

 ######################## 150 ###################

Vetor de solucoes: 
1 1 1 1 2 1 1 1 1 1 1 1 1 1 1 1 1 1 1 1 1 1 1 1 1 1 1 1 1 1 1 1 1 1 1 2 1 2 1 2 1 1 1 2 1 1 1 1 1 1 1 1 1 1 1 1 1 1 1 0 0 2 2 0 2 0 0 0 2 0 2 0 0 2 0 2 0 2 2 2 0 0 0 0 2 2 0 0 0 0 0 0 0 0 2 1 0 0 0 0 2 0 2 0 0 0 0 0 0 0 0 0 2 0 0 0 0 2 0 0 2 0 2 0 0 0 0 0 0 0 0 2 2 2 2 2 0 2 0 0 2 1 2 0 1 1 0 0 1 2 2 2 2 2 2 0 0 2 0 2 0 2 2 1 0 0 2 2 2 0 2 2 0 2 2 1 1 2 

 Inviabilidades: 7 
FO: 5656795.404044
Tempo total:27.168
######################## FIM ###################

 ######################## 150 ###################

Vetor de solucoes: 
0 0 0 0 1 0 0 0 0 0 0 0 0 0 0 0 0 0 0 0 0 0 0 0 0 0 0 0 0 0 0 0 0 0 0 1 0 1 0 1 0 0 0 1 0 0 0 0 0 0 0 0 0 0 0 0 0 0 0 2 2 1 1 2 1 2 2 2 1 2 1 2 2 1 2 1 2 1 1 1 2 2 2 2 1 1 2 2 2 2 2 2 2 2 1 0 2 2 2 2 1 2 1 2 2 2 2 2 2 2 2 2 1 2 2 2 2 1 2 2 1 2 1 2 2 2 2 2 2 2 2 1 1 1 1 1 2 1 2 2 1 0 1 2 0 0 2 2 0 1 1 1 1 1 1 2 2 1 2 1 2 1 1 0 2 2 1 1 1 2 1 1 2 1 1 0 0 1 

 Inviabilidades: 7 
FO: 5656795.404044
Tempo total:25.024
######################## FIM ###################

 ######################## 150 ###################

Vetor de solucoes: 
1 1 1 1 1 1 1 1 1 1 1 1 1 1 1 1 1 1 1 1 1 1 1 1 1 1 1 1 1 1 1 1 1 1 1 1 1 1 1 1 1 1 1 1 1 1 1 1 1 1 1 1 1 1 1 1 1 1 1 0 2 0 0 2 2 2 2 0 0 2 0 0 0 0 2 0 0 0 0 0 2 0 2 2 0 0 2 0 2 0 0 2 0 2 2 1 2 0 0 0 0 2 0 2 0 2 2 0 2 2 2 2 0 0 0 0 0 2 2 0 0 2 2 2 0 2 2 0 2 0 2 0 0 0 0 0 0 0 0 0 0 1 0 0 1 0 0 0 0 0 0 0 0 0 0 0 0 0 2 0 2 0 0 0 2 2 0 0 0 0 0 2 0 0 0 1 1 0 

 Inviabilidades: 6 
FO: 5271074.321712
Tempo total:29.372
######################## FIM ###################

 ######################## 150 ###################

Vetor de solucoes: 
0 0 0 0 1 0 0 0 0 0 0 0 0 0 0 0 0 0 0 0 2 2 0 0 2 0 0 0 0 0 0 0 0 0 0 0 0 0 0 1 2 0 0 1 0 0 0 0 0 0 0 0 0 0 0 0 0 0 0 1 1 1 1 1 1 1 1 1 1 1 2 1 1 2 1 1 1 1 1 1 1 1 1 1 1 1 1 1 1 1 1 1 1 1 1 0 1 1 1 1 1 1 1 1 1 1 1 1 1 1 1 1 1 1 1 1 1 1 1 1 1 1 1 1 1 1 1 1 1 1 2 1 2 1 2 1 1 2 1 0 2 2 1 1 2 2 1 1 2 1 1 2 1 1 1 1 1 2 2 2 1 2 1 2 2 2 1 2 1 2 1 2 1 1 2 0 2 1 

 Inviabilidades: 8 
FO: 4526695.395387
Tempo total:29.959
######################## FIM ###################

 ######################## 150 ###################

Vetor de solucoes: 
2 2 2 2 0 2 2 2 2 2 2 2 2 2 2 2 2 2 2 2 2 2 2 2 2 2 2 2 2 2 2 2 2 2 2 0 2 0 2 0 2 2 2 0 2 2 2 2 2 2 2 2 2 2 2 2 2 2 2 1 1 0 0 1 0 1 1 1 0 1 0 1 1 0 1 0 1 0 0 0 1 1 1 1 0 0 1 1 1 1 1 1 1 1 0 2 1 1 1 1 0 1 0 1 1 1 1 1 1 1 1 1 0 1 1 1 1 0 1 1 0 1 0 1 1 1 1 1 1 1 1 0 0 0 0 0 1 0 1 1 0 2 0 1 2 2 1 1 2 0 0 0 0 0 0 1 1 0 1 0 1 0 0 2 1 1 0 0 0 1 0 0 1 0 0 2 2 0 

 Inviabilidades: 7 
FO: 5656795.404044
Tempo total:26.497
######################## FIM ###################

 ######################## 150 ###################

Vetor de solucoes: 
1 1 1 1 1 1 1 1 1 1 1 1 1 1 1 1 1 1 1 1 1 1 1 1 1 1 1 1 1 1 1 1 1 1 1 1 1 1 1 1 1 1 1 1 1 1 1 1 1 1 1 1 1 1 1 1 1 1 1 0 0 0 0 0 2 0 0 0 0 0 0 0 0 0 0 0 0 0 0 0 2 0 0 0 0 0 0 0 0 0 0 0 0 0 2 1 0 0 0 0 0 0 0 0 0 2 0 0 2 0 0 0 0 0 0 0 0 2 0 0 0 0 2 0 0 0 2 0 0 0 2 0 2 0 2 0 0 0 0 0 0 1 0 0 1 0 0 0 2 0 0 2 0 0 0 0 0 0 2 2 2 0 0 2 2 2 0 2 0 0 0 2 0 2 2 1 1 0 

 Inviabilidades: 7 
FO: 5448498.882561
Tempo total:23.542
######################## FIM ###################

 ######################## 150 ###################

Vetor de solucoes: 
0 0 0 0 1 0 0 0 0 0 0 0 0 0 0 0 0 0 0 0 1 1 0 0 0 0 0 0 0 0 0 0 0 0 0 0 0 0 0 1 1 0 0 1 0 0 0 0 0 0 0 0 0 0 0 0 0 0 0 1 2 1 1 1 1 1 2 1 1 1 1 1 1 1 2 1 1 1 1 1 2 1 1 1 1 1 1 1 1 1 1 1 1 2 1 0 1 1 1 1 1 2 1 1 1 2 1 1 2 1 1 1 1 1 1 1 1 1 1 1 1 1 1 1 1 1 1 1 1 1 2 1 2 1 2 1 1 2 1 2 1 2 1 1 0 2 1 1 2 1 1 2 1 1 1 1 1 1 2 1 2 2 1 2 2 2 1 2 1 2 1 2 1 2 2 0 0 1 

 Inviabilidades: 8 
FO: 4845185.620020
Tempo total:21.730
######################## FIM ###################

 ######################## 150 ###################

Vetor de solucoes: 
2 2 2 2 1 2 2 2 2 2 2 2 2 2 2 2 2 2 2 2 2 2 2 2 2 2 2 2 2 2 2 2 2 2 2 1 2 1 2 1 2 2 2 1 2 2 2 2 2 2 2 2 2 2 2 2 2 2 2 0 0 1 1 0 1 0 0 0 1 0 1 0 0 1 0 1 0 1 1 1 0 0 0 0 1 1 0 0 0 0 0 0 0 0 1 2 0 0 0 0 1 0 1 0 0 0 0 0 0 0 0 0 1 0 0 0 0 1 0 0 1 0 1 0 0 0 0 0 0 0 0 1 1 1 1 1 0 1 0 0 1 2 1 0 2 2 0 0 2 1 1 1 1 1 1 0 0 1 0 1 0 1 1 2 0 0 1 1 1 0 1 1 0 1 1 2 2 1 

 Inviabilidades: 7 
FO: 5656795.404044
Tempo total:25.642
######################## FIM ###################

 ######################## 150 ###################

Vetor de solucoes: 
2 2 2 2 1 2 2 2 2 2 2 2 2 2 2 2 2 2 2 2 1 1 2 2 2 2 2 2 2 2 2 2 2 2 2 1 2 2 2 1 2 2 2 1 2 2 2 2 2 2 2 2 2 2 2 2 2 2 2 0 0 0 1 0 0 0 0 0 1 0 1 0 0 0 0 0 0 0 1 0 0 1 0 0 0 0 0 0 0 1 0 0 0 0 0 2 0 0 1 0 1 0 0 0 0 0 0 0 0 0 0 0 0 0 0 0 0 0 0 0 1 0 0 0 0 0 0 0 0 0 1 0 1 0 1 1 1 1 0 1 1 1 0 0 2 2 0 1 1 0 0 1 0 1 1 1 0 1 1 1 1 1 0 2 0 0 1 1 1 1 0 1 1 1 1 2 2 0 

 Inviabilidades: 7 
FO: 4263580.884340
Tempo total:28.204
######################## FIM ###################

 ######################## 150 ###################

Vetor de solucoes: 
1 1 1 1 0 1 1 1 1 1 1 1 1 1 1 1 1 1 1 1 0 0 1 1 1 1 1 1 1 1 1 1 1 1 1 0 1 1 1 0 1 1 1 0 1 1 1 1 1 1 1 1 1 1 1 1 1 1 1 2 2 2 0 2 2 2 2 2 0 2 0 2 2 2 2 2 2 2 0 2 2 0 2 2 2 2 2 2 2 0 2 2 2 2 2 1 2 2 0 2 0 2 2 2 2 2 2 2 2 2 2 2 2 2 2 2 2 2 2 2 0 2 2 2 2 2 2 2 2 2 0 2 0 2 0 0 0 0 2 0 0 0 2 2 1 1 2 0 0 2 2 0 2 0 0 0 2 0 0 0 0 0 2 1 2 2 0 0 0 0 2 0 0 0 0 1 1 2 

 Inviabilidades: 7 
FO: 4263580.884340
Tempo total:31.085
######################## FIM ###################

 ######################## 150 ###################

Vetor de solucoes: 
2 2 2 2 2 2 2 2 2 2 2 2 2 2 2 2 2 2 2 1 1 1 2 2 1 2 2 2 2 2 2 2 2 2 2 2 1 2 2 2 1 2 2 2 1 2 2 2 2 2 2 2 2 2 2 2 2 2 2 0 0 0 1 0 0 0 0 0 1 0 1 0 0 1 0 0 0 0 1 0 0 1 0 0 0 0 0 0 0 1 1 0 0 0 0 2 0 0 1 0 1 0 0 0 1 0 0 0 0 0 0 0 0 0 0 0 0 0 0 1 1 0 0 0 0 0 0 1 0 1 1 0 1 0 1 1 1 1 0 2 1 1 0 0 1 1 0 1 1 0 0 1 0 1 1 1 0 1 1 1 0 1 0 1 0 0 1 1 1 1 0 1 1 1 1 2 1 0 

 Inviabilidades: 8 
FO: 4266223.522957
Tempo total:34.534
######################## FIM ###################

 ######################## 150 ###################

Vetor de solucoes: 
0 0 0 0 1 0 0 0 0 0 0 0 0 0 0 0 0 0 0 0 1 1 0 0 0 0 0 0 0 0 0 0 0 0 0 1 0 0 0 1 0 0 0 1 0 0 0 0 0 0 0 0 0 0 0 0 0 0 0 2 2 2 1 2 2 2 2 2 1 2 1 2 2 2 2 2 2 2 1 2 2 1 2 2 2 2 2 2 2 1 2 2 2 2 2 0 2 2 1 2 1 2 2 2 2 2 2 2 2 2 2 2 2 2 2 2 2 2 2 2 1 2 2 2 2 2 2 2 2 2 1 2 1 2 1 1 1 1 2 1 1 1 2 2 0 0 2 1 1 2 2 1 2 1 1 1 2 1 1 1 1 1 2 0 2 2 1 1 1 1 2 1 1 1 1 0 0 2 

 Inviabilidades: 7 
FO: 4263580.884340
Tempo total:33.996
######################## FIM ###################

 ######################## 150 ###################

Vetor de solucoes: 
1 1 1 1 2 1 1 1 1 1 1 1 1 1 1 1 1 1 1 1 1 1 1 1 1 1 1 1 1 1 1 1 1 1 1 2 1 2 1 2 1 1 1 2 1 1 1 1 1 1 1 1 1 1 1 1 1 1 1 0 0 2 2 0 2 0 0 0 2 0 2 0 0 2 0 2 0 2 2 2 0 0 0 0 2 2 0 0 0 0 0 0 0 0 2 1 0 0 0 0 2 0 2 0 0 0 0 0 0 0 0 0 2 0 0 0 0 2 0 0 2 0 2 0 0 0 0 0 0 0 0 2 2 2 2 2 0 2 0 0 2 1 2 0 1 1 0 0 1 2 2 2 2 2 2 0 0 2 0 2 0 2 2 1 0 0 2 2 2 0 2 2 0 2 2 1 1 2 

 Inviabilidades: 7 
FO: 5656795.404044
Tempo total:21.384
######################## FIM ###################

 ######################## 150 ###################

Vetor de solucoes: 
2 2 2 2 2 2 2 2 2 2 2 2 2 2 2 2 2 2 2 2 2 2 2 2 2 2 2 2 2 2 2 2 2 2 2 2 2 2 2 2 2 2 2 2 2 2 2 2 2 2 2 2 2 2 2 2 2 2 2 0 1 0 0 1 1 1 1 0 0 1 0 0 0 0 1 0 0 0 0 0 1 0 1 1 0 0 1 0 1 0 0 1 0 1 1 2 1 0 0 0 0 1 0 1 0 1 1 0 1 1 1 1 0 0 0 0 0 1 1 0 0 1 1 1 0 1 1 0 1 0 1 0 0 0 0 0 0 0 0 0 0 2 0 0 2 0 0 0 0 0 0 0 0 0 0 0 0 0 1 0 1 0 0 0 1 1 0 0 0 0 0 1 0 0 0 2 2 0 

 Inviabilidades: 6 
FO: 5271074.321712
Tempo total:25.057
######################## FIM ###################

 ######################## 150 ###################

Vetor de solucoes: 
1 1 1 1 2 1 1 1 1 1 1 1 1 1 1 1 1 1 1 1 1 1 1 1 1 1 1 1 1 1 1 1 1 1 1 2 1 2 1 2 1 1 1 2 1 1 1 1 1 1 1 1 1 1 1 1 1 1 1 0 0 2 2 0 2 0 0 0 2 0 2 0 0 2 0 2 0 2 2 2 0 0 0 0 2 2 0 0 0 0 0 0 0 0 2 1 0 0 0 0 2 0 2 0 0 0 0 0 0 0 0 0 2 0 0 0 0 2 0 0 2 0 2 0 0 0 0 0 0 0 0 2 2 2 2 2 0 2 0 0 2 1 2 0 1 1 0 0 1 2 2 2 2 2 2 0 0 2 0 2 0 2 2 1 0 0 2 2 2 0 2 2 0 2 2 1 1 2 

 Inviabilidades: 7 
FO: 5656795.404044
Tempo total:22.331
######################## FIM ###################

 ######################## 150 ###################

Vetor de solucoes: 
1 1 1 1 1 1 1 1 1 1 1 1 1 1 1 1 1 1 1 1 0 0 1 1 1 1 1 1 1 1 1 1 1 1 1 1 1 1 1 1 0 1 1 1 1 1 1 1 1 1 1 1 1 1 1 1 1 1 1 2 2 0 0 2 0 2 2 2 0 2 0 2 2 0 2 0 2 0 0 0 2 2 2 2 0 0 2 2 2 2 2 2 2 2 0 1 2 2 2 2 0 2 0 2 2 2 2 2 2 2 2 2 0 2 2 2 2 0 2 2 0 2 0 2 2 2 2 0 2 2 2 0 0 0 0 0 2 0 2 2 0 0 0 0 1 2 2 0 0 0 0 0 0 0 0 0 2 0 2 0 2 0 0 0 2 2 0 0 0 2 0 0 2 0 0 1 1 0 

 Inviabilidades: 7 
FO: 5052643.189141
Tempo total:26.311
######################## FIM ###################

 ######################## 150 ###################

Vetor de solucoes: 
2 2 2 2 2 2 2 2 2 2 2 2 2 2 2 2 2 2 2 2 2 2 2 2 2 2 2 2 2 2 2 2 2 2 2 2 2 2 2 2 2 2 2 2 2 2 2 2 2 2 2 2 2 2 2 2 2 2 2 0 0 0 0 0 0 0 0 0 1 0 1 0 0 0 0 0 0 0 0 0 0 1 0 0 0 0 0 0 0 1 0 0 0 0 0 2 0 0 1 0 1 0 0 0 0 0 0 0 0 0 0 0 0 0 0 0 0 0 0 0 0 0 0 0 0 0 0 0 0 0 1 0 1 0 1 1 1 1 0 1 1 1 0 0 2 1 0 0 1 0 0 1 0 1 0 1 0 1 1 1 1 1 0 1 0 0 0 1 1 1 0 1 1 1 1 2 2 0 

 Inviabilidades: 7 
FO: 4792344.778733
Tempo total:23.273
######################## FIM ###################

 ######################## 150 ###################

Vetor de solucoes: 
2 2 2 2 0 2 2 2 2 2 2 2 2 2 2 2 2 2 2 2 0 0 2 2 2 2 2 2 2 2 2 2 2 2 2 0 2 2 2 0 2 2 2 0 2 2 2 2 2 2 2 2 2 2 2 2 2 2 2 1 1 1 0 1 1 1 1 1 0 1 0 1 1 1 1 1 1 1 0 1 1 0 1 1 1 1 1 1 1 0 1 1 1 1 1 2 1 1 0 1 0 1 1 1 1 1 1 1 1 1 1 1 1 1 1 1 1 1 1 1 0 1 1 1 1 1 1 1 1 1 0 1 0 1 0 0 0 0 1 0 0 0 1 1 2 2 1 0 0 1 1 0 1 0 0 0 1 0 0 0 0 0 1 2 1 1 0 0 0 0 1 0 0 0 0 2 2 1 

 Inviabilidades: 7 
FO: 4263580.884340
Tempo total:24.728
######################## FIM ###################

 ######################## 150 ###################

Vetor de solucoes: 
0 0 0 0 0 0 0 0 0 0 0 0 0 0 0 0 0 0 0 0 0 0 0 0 0 0 0 0 0 0 0 0 0 0 0 0 0 0 0 0 0 0 0 0 0 0 0 0 0 0 0 0 0 0 0 0 0 0 0 2 1 2 2 1 1 1 1 2 2 1 2 2 2 2 1 2 2 2 2 2 1 2 1 1 2 2 1 2 1 2 2 1 2 1 1 0 1 2 2 2 2 1 2 1 2 1 1 2 1 1 1 1 2 2 2 2 2 1 1 2 2 1 1 1 2 1 1 2 1 2 1 2 2 2 2 2 2 2 2 2 2 0 2 2 0 2 2 2 2 2 2 2 2 2 2 2 2 2 1 2 1 2 2 2 1 1 2 2 2 2 2 1 2 2 2 0 0 2 

 Inviabilidades: 6 
FO: 5271074.321712
Tempo total:21.347
######################## FIM ###################
