
 ######################## 2 ###################

Vetor de solucoes: 
1 0 0 1 0 1 0 0 1 2 0 0 1 0 0 0 0 0 0 0 1 1 1 1 0 0 0 0 1 1 0 1 0 0 0 0 0 0 1 0 0 0 0 0 0 1 0 1 0 0 0 0 1 1 0 0 0 1 0 1 0 1 0 0 0 0 0 0 0 0 0 1 0 0 0 0 0 1 1 1 1 1 1 0 1 1 1 1 1 1 1 0 1 1 1 1 0 0 

 Inviabilidades: 0 
FO: 15691.106522
Tempo total:2.633
######################## FIM ###################

 ######################## 2 ###################

Vetor de solucoes: 
1 2 2 1 2 1 2 2 1 0 2 2 1 2 2 2 2 2 2 2 1 1 1 1 2 2 2 2 1 1 2 1 2 2 2 2 2 2 1 2 2 2 2 2 2 1 2 1 2 2 2 2 1 1 2 2 2 1 2 1 2 1 2 2 2 2 2 2 2 2 2 1 2 2 2 2 2 1 1 1 1 1 1 2 1 1 1 1 1 1 1 2 1 1 1 1 2 2 

 Inviabilidades: 0 
FO: 15691.106522
Tempo total:2.727
######################## FIM ###################

 ######################## 2 ###################

Vetor de solucoes: 
1 2 2 1 2 1 2 2 1 0 2 2 1 2 2 2 2 2 2 2 1 1 1 1 2 2 2 2 1 1 2 1 2 2 2 2 2 2 1 2 2 2 2 2 2 1 2 1 2 2 2 2 1 1 2 2 2 1 2 1 2 1 2 2 2 2 2 2 2 2 2 1 2 2 2 2 2 1 1 1 1 1 1 2 1 1 1 1 1 1 1 2 1 1 1 1 2 2 

 Inviabilidades: 0 
FO: 15691.106522
Tempo total:2.624
######################## FIM ###################

 ######################## 2 ###################

Vetor de solucoes: 
1 2 2 1 2 1 2 2 1 0 2 2 1 2 2 2 2 2 2 2 1 1 1 1 2 2 1 2 1 1 2 1 2 2 2 2 2 2 1 2 2 2 2 2 2 1 2 1 2 2 2 2 1 1 2 2 2 1 2 1 2 1 2 2 2 2 2 2 2 2 2 1 2 2 2 2 2 1 1 1 1 1 1 2 1 1 1 1 1 1 1 2 1 1 1 1 2 2 

 Inviabilidades: 0 
FO: 15699.994660
Tempo total:2.577
######################## FIM ###################

 ######################## 2 ###################

Vetor de solucoes: 
1 2 2 1 2 1 2 2 1 0 2 2 1 2 2 2 2 2 2 2 1 1 1 1 2 2 2 2 1 1 2 1 2 2 2 2 2 2 1 2 2 2 2 2 2 1 2 1 2 2 2 2 1 1 2 2 2 1 2 1 2 1 2 2 2 2 2 2 2 2 2 1 2 2 2 2 2 1 1 1 1 1 1 2 1 1 1 1 1 1 1 2 1 1 1 1 2 2 

 Inviabilidades: 0 
FO: 15691.106522
Tempo total:3.072
######################## FIM ###################

 ######################## 2 ###################

Vetor de solucoes: 
0 2 2 0 2 0 2 2 0 1 2 2 0 2 2 2 2 2 2 2 0 0 0 0 2 2 2 2 0 0 2 0 2 2 2 2 2 2 0 2 2 2 2 2 2 0 2 0 2 2 2 2 0 0 2 2 2 0 2 0 2 0 2 2 2 2 2 2 2 2 2 0 2 2 2 2 2 0 0 0 0 0 0 2 0 0 0 0 0 0 0 2 0 0 0 0 2 2 

 Inviabilidades: 0 
FO: 15691.106522
Tempo total:3.235
######################## FIM ###################

 ######################## 2 ###################

Vetor de solucoes: 
2 1 1 2 1 2 1 1 2 0 1 1 2 1 1 1 1 1 1 1 2 2 2 2 1 1 1 1 2 2 1 2 1 1 1 1 1 1 2 1 1 1 1 1 1 2 1 2 1 1 1 1 2 2 1 1 1 2 1 2 1 2 1 1 1 1 1 1 1 1 1 2 1 1 1 1 1 2 2 2 2 2 2 1 2 2 2 2 2 2 2 1 2 2 2 2 1 1 

 Inviabilidades: 0 
FO: 15691.106522
Tempo total:2.980
######################## FIM ###################

 ######################## 2 ###################

Vetor de solucoes: 
1 2 2 1 2 1 2 2 1 0 2 2 1 2 2 2 2 2 2 2 1 1 1 1 2 2 2 2 1 1 2 1 2 2 2 2 2 2 1 2 2 2 2 2 2 1 2 1 2 2 2 2 1 1 2 2 2 1 2 1 2 1 2 2 2 2 2 2 2 2 2 1 2 2 2 2 2 1 1 1 1 1 1 2 1 1 1 1 1 1 1 2 1 1 1 1 2 2 

 Inviabilidades: 0 
FO: 15691.106522
Tempo total:3.277
######################## FIM ###################

 ######################## 2 ###################

Vetor de solucoes: 
2 1 1 2 1 2 1 1 2 0 1 1 2 1 1 1 1 1 1 1 2 2 2 2 1 1 1 1 2 2 1 2 1 1 1 1 1 1 2 1 1 1 1 1 1 2 1 2 1 1 1 1 2 2 1 1 1 2 1 2 1 2 1 1 1 1 1 1 1 1 1 2 1 1 1 1 1 2 2 2 2 2 2 1 2 2 2 2 2 2 2 1 2 2 2 2 1 1 

 Inviabilidades: 0 
FO: 15691.106522
Tempo total:2.601
######################## FIM ###################

 ######################## 2 ###################

Vetor de solucoes: 
0 1 1 0 1 0 1 1 0 2 1 1 0 1 1 1 1 1 1 1 0 0 0 0 1 1 1 1 0 0 1 0 1 1 1 1 1 1 0 1 1 1 1 1 1 0 1 0 1 1 1 1 0 0 1 1 1 0 1 0 1 0 1 1 1 1 1 1 1 1 1 0 1 1 1 1 1 0 0 0 0 0 0 1 0 0 0 0 0 0 0 1 0 0 0 0 1 1 

 Inviabilidades: 0 
FO: 15691.106522
Tempo total:2.748
######################## FIM ###################

 ######################## 2 ###################

Vetor de solucoes: 
2 1 1 2 1 2 1 1 2 0 1 1 2 1 1 1 1 1 1 1 2 2 2 2 1 1 1 1 2 2 1 2 1 1 1 1 1 1 2 1 1 1 1 1 1 2 1 2 1 1 1 1 2 2 1 1 1 2 1 2 1 2 1 1 1 1 1 1 1 1 1 2 1 1 1 1 1 2 2 2 2 2 2 1 2 2 2 2 2 2 2 1 2 2 2 2 1 1 

 Inviabilidades: 0 
FO: 15691.106522
Tempo total:2.744
######################## FIM ###################

 ######################## 2 ###################

Vetor de solucoes: 
0 2 2 0 2 0 2 2 0 1 2 2 0 2 2 2 2 2 2 2 0 0 0 0 2 2 2 2 0 0 2 0 2 2 2 2 2 2 0 2 2 2 2 2 2 0 2 0 2 2 2 2 0 0 2 2 2 0 2 0 2 0 2 2 2 2 2 2 2 2 2 0 2 2 2 2 2 0 0 0 0 0 0 2 0 0 0 0 0 0 0 2 0 0 0 0 2 2 

 Inviabilidades: 0 
FO: 15691.106522
Tempo total:2.618
######################## FIM ###################

 ######################## 2 ###################

Vetor de solucoes: 
2 0 0 2 0 2 0 0 2 1 0 0 2 0 0 0 0 0 0 0 2 2 2 2 0 0 0 0 2 2 0 2 0 0 0 0 0 0 2 0 0 0 0 0 0 2 0 2 0 0 0 0 2 2 0 0 0 2 0 2 0 2 0 0 0 0 0 0 0 0 0 2 0 0 0 0 0 2 2 2 2 2 2 0 2 2 2 2 2 2 2 0 2 2 2 2 0 0 

 Inviabilidades: 0 
FO: 15691.106522
Tempo total:2.829
######################## FIM ###################

 ######################## 2 ###################

Vetor de solucoes: 
2 1 1 2 1 2 1 1 2 0 1 1 2 1 1 1 1 1 1 1 2 2 2 2 1 1 1 1 2 2 1 2 1 1 1 1 1 1 2 1 1 1 1 1 1 2 1 2 1 1 1 1 2 2 1 1 1 2 1 2 1 2 1 1 1 1 1 1 1 1 1 2 1 1 1 1 1 2 2 2 2 2 2 1 2 2 2 2 2 2 2 1 2 2 2 2 1 1 

 Inviabilidades: 0 
FO: 15691.106522
Tempo total:2.808
######################## FIM ###################

 ######################## 2 ###################

Vetor de solucoes: 
2 1 1 2 1 2 1 1 2 0 1 1 2 1 1 1 1 1 1 1 2 2 2 2 1 1 1 1 2 2 1 2 1 1 1 1 1 1 2 1 1 1 1 1 1 2 1 2 1 1 1 1 2 2 1 1 1 2 1 2 1 2 1 1 1 1 1 1 1 1 1 2 1 1 1 1 1 2 2 2 2 2 2 1 2 2 2 2 2 2 2 1 2 2 2 2 1 1 

 Inviabilidades: 0 
FO: 15691.106522
Tempo total:2.572
######################## FIM ###################

 ######################## 2 ###################

Vetor de solucoes: 
1 2 2 1 2 1 2 2 1 0 2 2 1 2 2 2 2 2 2 2 1 1 1 1 2 2 2 2 1 1 2 1 2 2 2 2 2 2 1 2 2 2 2 2 2 1 2 1 2 2 2 2 1 1 2 2 2 1 2 1 2 1 2 2 2 2 2 2 2 2 2 1 2 2 2 2 2 1 1 1 1 1 1 2 1 1 1 1 1 1 1 2 1 1 1 1 2 2 

 Inviabilidades: 0 
FO: 15691.106522
Tempo total:2.740
######################## FIM ###################

 ######################## 2 ###################

Vetor de solucoes: 
2 1 1 2 1 2 1 1 2 0 1 1 2 1 1 1 1 1 1 1 2 2 2 2 1 1 1 1 2 2 1 2 1 1 1 1 1 1 2 1 1 1 1 1 1 2 1 2 1 1 1 1 2 2 1 1 1 2 1 2 1 2 1 1 1 1 1 1 1 1 1 2 1 1 1 1 1 2 2 2 2 2 2 1 2 2 2 2 2 2 2 1 2 2 2 2 1 1 

 Inviabilidades: 0 
FO: 15691.106522
Tempo total:2.733
######################## FIM ###################

 ######################## 2 ###################

Vetor de solucoes: 
1 2 2 1 2 1 2 2 1 0 2 2 1 2 2 2 2 2 2 2 1 1 1 1 2 2 2 2 1 1 2 1 2 2 2 2 2 2 1 2 2 2 2 2 2 1 2 1 2 2 2 2 1 1 2 2 2 1 2 1 2 1 2 2 2 2 2 2 2 2 2 1 2 2 2 2 2 1 1 1 1 1 1 2 1 1 1 1 1 1 1 2 1 1 1 1 2 2 

 Inviabilidades: 0 
FO: 15691.106522
Tempo total:2.738
######################## FIM ###################

 ######################## 2 ###################

Vetor de solucoes: 
1 2 2 1 2 1 2 2 1 0 2 2 1 2 2 2 2 2 2 2 1 1 1 1 2 2 2 2 1 1 2 1 2 2 2 2 2 2 1 2 2 2 2 2 2 1 2 1 2 2 2 2 1 1 2 2 2 1 2 1 2 1 2 2 2 2 2 2 2 2 2 1 2 2 2 2 2 1 1 1 1 1 1 2 1 1 1 1 1 1 1 2 1 1 1 1 2 2 

 Inviabilidades: 0 
FO: 15691.106522
Tempo total:2.543
######################## FIM ###################

 ######################## 2 ###################

Vetor de solucoes: 
0 1 1 0 1 0 1 1 0 2 1 1 0 1 1 1 1 1 1 1 0 0 0 0 1 1 1 1 0 0 1 0 1 1 1 1 1 1 0 1 1 1 1 1 1 0 1 0 1 1 1 1 0 0 1 1 1 0 1 0 1 0 1 1 1 1 1 1 1 1 1 0 1 1 1 1 1 0 0 0 0 0 0 1 0 0 0 0 0 0 0 1 0 0 0 0 1 1 

 Inviabilidades: 0 
FO: 15691.106522
Tempo total:2.665
######################## FIM ###################

 ######################## 2 ###################

Vetor de solucoes: 
1 2 2 1 2 1 2 2 1 0 2 2 1 2 2 2 2 2 2 2 1 1 1 1 2 2 2 2 1 1 2 1 2 2 2 2 2 2 1 2 2 2 2 2 2 1 2 1 2 2 2 2 1 1 2 2 2 1 2 1 2 1 2 2 2 2 2 2 2 2 2 1 2 2 2 2 2 1 1 1 1 1 1 2 1 1 1 1 1 1 1 2 1 1 1 1 2 2 

 Inviabilidades: 0 
FO: 15691.106522
Tempo total:2.916
######################## FIM ###################

 ######################## 2 ###################

Vetor de solucoes: 
1 0 0 1 0 1 0 0 1 2 0 0 1 0 0 0 0 0 0 0 1 1 1 1 0 0 0 0 1 1 0 1 0 0 0 0 0 0 1 0 0 0 0 0 0 1 0 1 0 0 0 0 1 1 0 0 0 1 0 1 0 1 0 0 0 0 0 0 0 0 0 1 0 0 0 0 0 1 1 1 1 1 1 0 1 1 1 1 1 1 1 0 1 1 1 1 0 0 

 Inviabilidades: 0 
FO: 15691.106522
Tempo total:2.428
######################## FIM ###################

 ######################## 2 ###################

Vetor de solucoes: 
2 0 0 2 0 2 0 0 2 1 0 0 2 0 0 0 0 0 0 0 2 2 2 2 0 0 0 0 2 2 0 2 0 0 0 0 0 0 2 0 0 0 0 0 0 2 0 2 0 0 0 0 2 2 0 0 0 2 0 2 0 2 0 0 0 0 0 0 0 0 0 2 0 0 0 0 0 2 2 2 2 2 2 0 2 2 2 2 2 2 2 0 2 2 2 2 0 0 

 Inviabilidades: 0 
FO: 15691.106522
Tempo total:2.510
######################## FIM ###################

 ######################## 2 ###################

Vetor de solucoes: 
2 1 1 2 1 2 1 1 2 0 1 1 2 1 1 1 1 1 1 1 2 2 2 2 1 1 1 1 2 2 1 2 1 1 1 1 1 1 2 1 1 1 1 1 1 2 1 2 1 1 1 1 2 2 1 1 1 2 1 2 1 2 1 1 1 1 1 1 1 1 1 2 1 1 1 1 1 2 2 2 2 2 2 1 2 2 2 2 2 2 2 1 2 2 2 2 1 1 

 Inviabilidades: 0 
FO: 15691.106522
Tempo total:2.657
######################## FIM ###################

 ######################## 2 ###################

Vetor de solucoes: 
0 2 2 0 2 0 2 2 0 1 2 2 0 2 2 2 2 2 2 2 0 0 0 0 2 2 2 2 0 0 2 0 2 2 2 2 2 2 0 2 2 2 2 2 2 0 2 0 2 2 2 2 0 0 2 2 2 0 2 0 2 0 2 2 2 2 2 2 2 2 2 0 2 2 2 2 2 0 0 0 0 0 0 2 0 0 0 0 0 0 0 2 0 0 0 0 2 2 

 Inviabilidades: 0 
FO: 15691.106522
Tempo total:2.583
######################## FIM ###################

 ######################## 2 ###################

Vetor de solucoes: 
1 2 2 1 2 1 2 2 1 0 2 2 1 2 2 2 2 2 2 2 1 1 1 1 2 2 2 2 1 1 2 1 2 2 2 2 2 2 1 2 2 2 2 2 2 1 2 1 2 2 2 2 1 1 2 2 2 1 2 1 2 1 2 2 2 2 2 2 2 2 2 1 2 2 2 2 2 1 1 1 1 1 1 2 1 1 1 1 1 1 1 2 1 1 1 1 2 2 

 Inviabilidades: 0 
FO: 15691.106522
Tempo total:2.658
######################## FIM ###################

 ######################## 2 ###################

Vetor de solucoes: 
0 1 1 0 1 0 1 1 0 2 1 1 0 1 1 1 1 1 1 1 0 0 0 0 1 1 1 1 0 0 1 0 1 1 1 1 1 1 0 1 1 1 1 1 1 0 1 0 1 1 1 1 0 0 1 1 1 0 1 0 1 0 1 1 1 1 1 1 1 1 1 0 1 1 1 1 1 0 0 0 0 0 0 1 0 0 0 0 0 0 0 1 0 0 0 0 1 1 

 Inviabilidades: 0 
FO: 15691.106522
Tempo total:2.564
######################## FIM ###################

 ######################## 2 ###################

Vetor de solucoes: 
1 2 2 1 2 1 2 2 1 0 2 2 1 2 2 2 2 2 2 2 1 1 1 1 2 2 2 2 1 1 2 1 2 2 2 2 2 2 1 2 2 2 2 2 2 1 2 1 2 2 2 2 1 1 2 2 2 1 2 1 2 1 2 2 2 2 2 2 2 2 2 1 2 2 2 2 2 1 1 1 1 1 1 2 1 1 1 1 1 1 1 2 1 1 1 1 2 2 

 Inviabilidades: 0 
FO: 15691.106522
Tempo total:2.690
######################## FIM ###################

 ######################## 2 ###################

Vetor de solucoes: 
2 1 1 2 1 2 1 1 2 0 1 1 2 1 1 1 1 1 1 1 2 2 2 2 1 1 1 1 2 2 1 2 1 1 1 1 1 1 2 1 1 1 1 1 1 2 1 2 1 1 1 1 2 2 1 1 1 2 1 2 1 2 1 1 1 1 1 1 1 1 1 2 1 1 1 1 1 2 2 2 2 2 2 1 2 2 2 2 2 2 2 1 2 2 2 2 1 1 

 Inviabilidades: 0 
FO: 15691.106522
Tempo total:2.678
######################## FIM ###################

 ######################## 2 ###################

Vetor de solucoes: 
0 1 1 0 1 0 1 1 0 2 1 1 0 1 1 1 1 1 1 1 0 0 0 0 1 1 1 1 0 0 1 0 1 1 1 1 1 1 0 1 1 1 1 1 1 0 1 0 1 1 1 1 0 0 1 1 1 0 1 0 1 0 1 1 1 1 1 1 1 1 1 0 1 1 1 1 1 0 0 0 0 0 0 1 0 0 0 0 0 0 0 1 0 0 0 0 1 1 

 Inviabilidades: 0 
FO: 15691.106522
Tempo total:2.695
######################## FIM ###################

 ######################## 2 ###################

Vetor de solucoes: 
0 1 1 0 1 0 1 1 0 2 1 1 0 1 1 1 1 1 1 1 0 0 0 0 1 1 1 1 0 0 1 0 1 1 1 1 1 1 0 1 1 1 1 1 1 0 1 0 1 1 1 1 0 0 1 1 1 0 1 0 1 0 1 1 1 1 1 1 1 1 1 0 1 1 1 1 1 0 0 0 0 0 0 1 0 0 0 0 0 0 0 1 0 0 0 0 1 1 

 Inviabilidades: 0 
FO: 15691.106522
Tempo total:2.806
######################## FIM ###################

 ######################## 2 ###################

Vetor de solucoes: 
2 1 1 2 1 2 1 1 2 0 1 1 2 1 1 1 1 1 1 1 2 2 2 2 1 1 1 1 2 2 1 2 1 1 1 1 1 1 2 1 1 1 1 1 1 2 1 2 1 1 1 1 2 2 1 1 1 2 1 2 1 2 1 1 1 1 1 1 1 1 1 2 1 1 1 1 1 2 2 2 2 2 2 1 2 2 2 2 2 2 2 1 2 2 2 2 1 1 

 Inviabilidades: 0 
FO: 15691.106522
Tempo total:3.143
######################## FIM ###################

 ######################## 2 ###################

Vetor de solucoes: 
0 1 1 0 1 0 1 1 0 2 1 1 0 1 1 1 1 1 1 1 0 0 0 0 1 1 1 1 0 0 1 0 1 1 1 1 1 1 0 1 1 1 1 1 1 0 1 0 1 1 1 1 0 0 1 1 1 0 1 0 1 0 1 1 1 1 1 1 1 1 1 0 1 1 1 1 1 0 0 0 0 0 0 1 0 0 0 0 0 0 0 1 0 0 0 0 1 1 

 Inviabilidades: 0 
FO: 15691.106522
Tempo total:2.543
######################## FIM ###################

 ######################## 2 ###################

Vetor de solucoes: 
0 2 2 0 2 0 2 2 0 1 2 2 0 2 2 2 2 2 2 2 0 0 0 0 2 2 2 2 0 0 2 0 2 2 2 2 2 2 0 2 2 2 2 2 2 0 2 0 2 2 2 2 0 0 2 2 2 0 2 0 2 0 2 2 2 2 2 2 2 2 2 0 2 2 2 2 2 0 0 0 0 0 0 2 0 0 0 0 0 0 0 2 0 0 0 0 2 2 

 Inviabilidades: 0 
FO: 15691.106522
Tempo total:2.580
######################## FIM ###################

 ######################## 2 ###################

Vetor de solucoes: 
2 1 1 2 1 2 1 1 2 0 1 1 2 1 1 1 1 1 1 1 2 2 2 2 1 1 1 1 2 2 1 2 1 1 1 1 1 1 2 1 1 1 1 1 1 2 1 2 1 1 1 1 2 2 1 1 1 2 1 2 1 2 1 1 1 1 1 1 1 1 1 2 1 1 1 1 1 2 2 2 2 2 2 1 2 2 2 2 2 2 2 1 2 2 2 2 1 1 

 Inviabilidades: 0 
FO: 15691.106522
Tempo total:2.637
######################## FIM ###################

 ######################## 2 ###################

Vetor de solucoes: 
1 2 2 1 2 1 2 2 1 0 2 2 1 2 2 2 2 2 2 2 1 1 1 1 2 2 2 2 1 1 2 1 2 2 2 2 2 2 1 2 2 2 2 2 2 1 2 1 2 2 2 2 1 1 2 2 2 1 2 1 2 1 2 2 2 2 2 2 2 2 2 1 2 2 2 2 2 1 1 1 1 1 1 2 1 1 1 1 1 1 1 2 1 1 1 1 2 2 

 Inviabilidades: 0 
FO: 15691.106522
Tempo total:2.501
######################## FIM ###################

 ######################## 2 ###################

Vetor de solucoes: 
0 2 2 0 2 0 2 2 0 1 2 2 0 2 2 2 2 2 2 2 0 0 0 0 2 2 2 2 0 0 2 0 2 2 2 2 2 2 0 2 2 2 2 2 2 0 2 0 2 2 2 2 0 0 2 2 2 0 2 0 2 0 2 2 2 2 2 2 2 2 2 0 2 2 2 2 2 0 0 0 0 0 0 2 0 0 0 0 0 0 0 2 0 0 0 0 2 2 

 Inviabilidades: 0 
FO: 15691.106522
Tempo total:2.394
######################## FIM ###################

 ######################## 2 ###################

Vetor de solucoes: 
0 2 2 0 2 0 2 2 0 1 2 2 0 2 2 2 2 2 2 2 0 0 0 0 2 2 2 2 0 0 2 0 2 2 2 2 2 2 0 2 2 2 2 2 2 0 2 0 2 2 2 2 0 0 2 2 2 0 2 0 2 0 2 2 2 2 2 2 2 2 2 0 2 2 2 2 2 0 0 0 0 0 0 2 0 0 0 0 0 0 0 2 0 0 0 0 2 2 

 Inviabilidades: 0 
FO: 15691.106522
Tempo total:2.490
######################## FIM ###################

 ######################## 2 ###################

Vetor de solucoes: 
2 1 1 2 1 2 1 1 2 0 1 1 2 1 1 1 1 1 1 1 2 2 2 2 1 1 1 1 2 2 1 2 1 1 1 1 1 1 2 1 1 1 1 1 1 2 1 2 1 1 1 1 2 2 1 1 1 2 1 2 1 2 1 1 1 1 1 1 1 1 1 2 1 1 1 1 1 2 2 2 2 2 2 1 2 2 2 2 2 2 2 1 2 2 2 2 1 1 

 Inviabilidades: 0 
FO: 15691.106522
Tempo total:2.495
######################## FIM ###################

 ######################## 2 ###################

Vetor de solucoes: 
2 1 1 2 1 2 1 1 2 0 1 1 2 1 1 1 1 1 1 1 2 2 2 2 1 1 1 1 2 2 1 2 1 1 1 1 1 1 2 1 1 1 1 1 1 2 1 2 1 1 1 1 2 2 1 1 1 2 1 2 1 2 1 1 1 1 1 1 1 1 1 2 1 1 1 1 1 2 2 2 2 2 2 1 2 2 2 2 2 2 2 1 2 2 2 2 1 1 

 Inviabilidades: 0 
FO: 15691.106522
Tempo total:2.537
######################## FIM ###################

 ######################## 2 ###################

Vetor de solucoes: 
1 2 2 1 2 1 2 2 1 0 2 2 1 2 2 2 2 2 2 2 1 1 1 1 2 2 2 2 1 1 2 1 2 2 2 2 2 2 1 2 2 2 2 2 2 1 2 1 2 2 2 2 1 1 2 2 2 1 2 1 2 1 2 2 2 2 2 2 2 2 2 1 2 2 2 2 2 1 1 1 1 1 1 2 1 1 1 1 1 1 1 2 1 1 1 1 2 2 

 Inviabilidades: 0 
FO: 15691.106522
Tempo total:2.581
######################## FIM ###################

 ######################## 2 ###################

Vetor de solucoes: 
0 1 1 0 1 0 1 1 0 2 1 1 0 1 1 1 1 1 1 1 0 0 0 0 1 1 1 1 0 0 1 0 1 1 1 1 1 1 0 1 1 1 1 1 1 0 1 0 1 1 1 1 0 0 1 1 1 0 1 0 1 0 1 1 1 1 1 1 1 1 1 0 1 1 1 1 1 0 0 0 0 0 0 1 0 0 0 0 0 0 0 1 0 0 0 0 1 1 

 Inviabilidades: 0 
FO: 15691.106522
Tempo total:2.445
######################## FIM ###################

 ######################## 2 ###################

Vetor de solucoes: 
0 2 2 0 2 0 2 2 0 1 2 2 0 2 2 2 2 2 2 2 0 0 0 0 2 2 2 2 0 0 2 0 2 2 2 2 2 2 0 2 2 2 2 2 2 0 2 0 2 2 2 2 0 0 2 2 2 0 2 0 2 0 2 2 2 2 2 2 2 2 2 0 2 2 2 2 2 0 0 0 0 0 0 2 0 0 0 0 0 0 0 2 0 0 0 0 2 2 

 Inviabilidades: 0 
FO: 15691.106522
Tempo total:2.714
######################## FIM ###################

 ######################## 2 ###################

Vetor de solucoes: 
0 2 2 0 2 0 2 2 0 1 2 2 0 2 2 2 2 2 2 2 0 0 0 0 2 2 2 2 0 0 2 0 2 2 2 2 2 2 0 2 2 2 2 2 2 0 2 0 2 2 2 2 0 0 2 2 2 0 2 0 2 0 2 2 2 2 2 2 2 2 2 0 2 2 2 2 2 0 0 0 0 0 0 2 0 0 0 0 0 0 0 2 0 0 0 0 2 2 

 Inviabilidades: 0 
FO: 15691.106522
Tempo total:2.390
######################## FIM ###################

 ######################## 2 ###################

Vetor de solucoes: 
0 1 1 0 1 0 1 1 0 2 1 1 0 1 1 1 1 1 1 1 0 0 0 0 1 1 1 1 0 0 1 0 1 1 1 1 1 1 0 1 1 1 1 1 1 0 1 0 1 1 1 1 0 0 1 1 1 0 1 0 1 0 1 1 1 1 1 1 1 1 1 0 1 1 1 1 1 0 0 0 0 0 0 1 0 0 0 0 0 0 0 1 0 0 0 0 1 1 

 Inviabilidades: 0 
FO: 15691.106522
Tempo total:2.392
######################## FIM ###################

 ######################## 2 ###################

Vetor de solucoes: 
1 2 2 1 2 1 2 2 1 0 2 2 1 2 2 2 2 2 2 2 1 1 1 1 2 2 2 2 1 1 2 1 2 2 2 2 2 2 1 2 2 2 2 2 2 1 2 1 2 2 2 2 1 1 2 2 2 1 2 1 2 1 2 2 2 2 2 2 2 2 2 1 2 2 2 2 2 1 1 1 1 1 1 2 1 1 1 1 1 1 1 2 1 1 1 1 2 2 

 Inviabilidades: 0 
FO: 15691.106522
Tempo total:2.549
######################## FIM ###################

 ######################## 2 ###################

Vetor de solucoes: 
1 2 2 1 2 1 2 2 1 0 2 2 1 2 2 2 2 2 2 2 1 1 1 1 2 2 2 2 1 1 2 1 2 2 2 2 2 2 1 2 2 2 2 2 2 1 2 1 2 2 2 2 1 1 2 2 2 1 2 1 2 1 2 2 2 2 2 2 2 2 2 1 2 2 2 2 2 1 1 1 1 1 1 2 1 1 1 1 1 1 1 2 1 1 1 1 2 2 

 Inviabilidades: 0 
FO: 15691.106522
Tempo total:2.559
######################## FIM ###################

 ######################## 2 ###################

Vetor de solucoes: 
1 2 2 1 2 1 2 2 1 0 2 2 1 2 2 2 2 2 2 2 1 1 1 1 2 2 2 2 1 1 2 1 2 2 2 2 2 2 1 2 2 2 2 2 2 1 2 1 2 2 2 2 1 1 2 2 2 1 2 1 2 1 2 2 2 2 2 2 2 2 2 1 2 2 2 2 2 1 1 1 1 1 1 2 1 1 1 1 1 1 1 2 1 1 1 1 2 2 

 Inviabilidades: 0 
FO: 15691.106522
Tempo total:2.550
######################## FIM ###################

 ######################## 2 ###################

Vetor de solucoes: 
0 1 1 0 1 0 1 1 0 2 1 1 0 1 1 1 1 1 1 1 0 0 0 0 1 1 1 1 0 0 1 0 1 1 1 1 1 1 0 1 1 1 1 1 1 0 1 0 1 1 1 1 0 0 1 1 1 0 1 0 1 0 1 1 1 1 1 1 1 1 1 0 1 1 1 1 1 0 0 0 0 0 0 1 0 0 0 0 0 0 0 1 0 0 0 0 1 1 

 Inviabilidades: 0 
FO: 15691.106522
Tempo total:2.395
######################## FIM ###################

 ######################## 2 ###################

Vetor de solucoes: 
2 0 0 2 0 2 0 0 2 1 0 0 2 0 0 0 0 0 0 0 2 2 2 2 0 0 0 0 2 2 0 2 0 0 0 0 0 0 2 0 0 0 0 0 0 2 0 2 0 0 0 0 2 2 0 0 0 2 0 2 0 2 0 0 0 0 0 0 0 0 0 2 0 0 0 0 0 2 2 2 2 2 2 0 2 2 2 2 2 2 2 0 2 2 2 2 0 0 

 Inviabilidades: 0 
FO: 15691.106522
Tempo total:2.364
######################## FIM ###################
