
 ######################## 50 ###################

Vetor de solucoes: 
2 2 2 2 1 2 2 2 2 2 2 2 2 2 2 2 2 2 2 0 1 1 2 2 0 0 2 2 2 2 2 2 2 2 2 2 2 2 2 1 0 2 2 1 2 2 2 2 2 2 2 2 2 2 2 2 2 2 2 1 1 1 1 1 1 1 1 1 1 1 0 1 1 0 2 1 1 1 1 1 1 1 1 1 1 1 1 1 1 1 1 1 1 2 1 2 0 1 1 1 1 2 1 1 1 1 1 1 1 1 1 1 1 1 1 1 1 1 1 1 1 1 1 1 1 1 1 1 1 1 1 1 1 1 1 1 1 1 1 1 0 0 1 1 0 0 1 1 1 1 1 1 1 1 1 1 1 0 1 0 1 1 1 1 0 0 1 1 1 1 1 0 1 1 0 2 0 1 

 Inviabilidades: 1 
FO: 5068812.743340
Tempo total:17.443
######################## FIM ###################

 ######################## 50 ###################

Vetor de solucoes: 
1 1 1 1 0 1 1 1 1 1 1 1 1 1 1 1 1 1 1 2 0 0 1 1 2 2 1 1 1 1 1 1 1 1 1 1 1 1 1 0 2 1 1 0 1 1 1 1 1 1 1 1 1 1 1 1 1 1 1 0 0 0 0 0 0 0 0 0 0 0 2 0 0 2 1 0 0 0 0 0 0 0 0 0 0 0 0 0 0 0 0 0 0 1 0 1 2 0 0 0 0 1 0 0 0 0 0 0 0 0 0 0 0 0 0 0 0 0 0 0 0 0 0 0 0 0 0 0 0 0 0 0 0 0 0 0 0 0 0 0 2 2 0 0 2 2 0 0 0 0 0 0 0 0 0 0 0 2 0 2 0 0 0 0 2 2 0 0 0 0 0 2 0 0 2 1 2 0 

 Inviabilidades: 1 
FO: 5068812.743340
Tempo total:17.264
######################## FIM ###################

 ######################## 50 ###################

Vetor de solucoes: 
0 0 0 0 2 0 0 0 0 0 0 0 0 0 0 0 0 0 0 1 2 2 0 0 1 1 0 0 0 0 0 0 0 0 0 0 0 0 0 2 1 0 0 2 0 0 0 0 0 0 0 0 0 0 0 0 0 0 0 2 2 2 2 2 2 2 2 2 2 2 1 2 2 1 0 2 2 2 2 2 2 2 2 2 2 2 2 2 2 2 2 2 2 0 2 0 1 2 2 2 2 0 2 2 2 2 2 2 2 2 2 2 2 2 2 2 2 2 2 2 2 2 2 2 2 2 2 2 2 2 2 2 2 2 2 2 2 2 2 2 1 1 2 2 1 1 2 2 2 2 2 2 2 2 2 2 2 1 2 1 2 2 2 2 1 1 2 2 2 2 2 1 2 2 1 0 1 2 

 Inviabilidades: 1 
FO: 5068812.743340
Tempo total:17.811
######################## FIM ###################

 ######################## 50 ###################

Vetor de solucoes: 
0 0 0 0 2 0 0 0 0 0 0 0 0 0 0 0 0 0 0 1 2 2 0 0 1 1 0 0 0 0 0 0 0 0 0 0 0 0 0 2 1 0 0 2 0 0 0 0 0 0 0 0 0 0 0 0 0 0 0 2 2 2 2 2 2 2 2 2 2 2 1 2 2 1 0 2 2 2 2 2 2 2 2 2 2 2 2 2 2 2 2 2 2 0 2 0 1 2 2 2 2 0 2 2 2 2 2 2 2 2 2 2 2 2 2 2 2 2 2 2 2 2 2 2 2 2 2 2 2 2 2 2 2 2 2 2 2 2 2 2 1 1 2 2 1 1 2 2 2 2 2 2 2 2 2 2 2 1 2 1 2 2 2 2 1 1 2 2 2 2 2 1 2 2 1 0 1 2 

 Inviabilidades: 1 
FO: 5068812.743340
Tempo total:16.826
######################## FIM ###################

 ######################## 50 ###################

Vetor de solucoes: 
1 1 1 1 0 1 1 1 1 1 1 1 1 1 1 1 1 1 1 2 0 0 1 1 2 2 1 1 1 1 1 1 1 1 1 1 1 1 1 0 2 1 1 0 1 1 1 1 1 1 1 1 1 1 1 1 1 1 1 0 0 0 0 0 0 0 0 0 0 0 2 0 0 2 1 0 0 0 0 0 0 0 0 0 0 0 0 0 0 0 0 0 0 1 0 1 2 0 0 0 0 1 0 0 0 0 0 0 0 0 0 0 0 0 0 0 0 0 0 0 0 0 0 0 0 0 0 0 0 0 0 0 0 0 0 0 0 0 0 0 2 2 0 0 2 2 0 0 0 0 0 0 0 0 0 0 0 2 0 2 0 0 0 0 2 2 0 0 0 0 0 2 0 0 2 1 2 0 

 Inviabilidades: 1 
FO: 5068812.743340
Tempo total:16.432
######################## FIM ###################

 ######################## 50 ###################

Vetor de solucoes: 
2 2 2 2 0 2 2 2 2 1 2 2 2 2 2 2 2 2 2 1 0 0 1 1 1 1 2 2 1 1 2 2 1 2 2 1 1 2 1 2 0 1 2 0 1 2 2 1 2 2 2 2 2 2 2 2 1 2 2 0 0 0 0 0 0 0 0 0 0 0 1 0 0 1 1 0 0 0 0 0 0 0 0 0 0 0 0 0 0 0 0 0 0 1 0 1 0 0 0 0 0 0 0 0 0 0 0 0 0 0 0 0 0 0 0 0 0 0 0 0 0 0 0 0 0 0 0 0 0 0 0 0 0 0 0 0 0 0 0 0 1 1 0 0 1 1 0 0 0 0 0 0 0 0 0 0 0 0 0 0 0 0 0 0 1 1 0 1 0 0 0 1 0 0 1 2 1 0 

 Inviabilidades: 2 
FO: 4204765.087509
Tempo total:14.440
######################## FIM ###################

 ######################## 50 ###################

Vetor de solucoes: 
1 1 1 1 0 1 1 1 1 1 1 1 1 1 1 1 1 1 1 2 0 0 1 1 2 2 1 1 1 1 1 1 1 1 1 1 1 1 1 0 2 1 1 0 1 1 1 1 1 1 1 1 1 1 1 1 1 1 1 0 0 0 0 0 0 0 0 0 0 0 2 0 0 2 1 0 0 0 0 0 0 0 0 0 0 0 0 0 0 0 0 0 0 1 0 1 2 0 0 0 0 1 0 0 0 0 0 0 0 0 0 0 0 0 0 0 0 0 0 0 0 0 0 0 0 0 0 0 0 0 0 0 0 0 0 0 0 0 0 0 2 2 0 0 2 2 0 0 0 0 0 0 0 0 0 0 0 2 0 2 0 0 0 0 2 2 0 0 0 0 0 2 0 0 2 1 2 0 

 Inviabilidades: 1 
FO: 5068812.743340
Tempo total:14.975
######################## FIM ###################

 ######################## 50 ###################

Vetor de solucoes: 
2 2 2 2 0 2 2 2 2 2 2 2 2 2 2 2 2 2 2 1 0 0 2 2 1 1 2 2 2 2 2 2 2 2 2 2 2 2 2 0 1 2 2 0 2 2 2 2 2 2 2 2 2 2 2 2 2 2 2 0 0 0 0 0 0 0 0 0 0 0 1 0 0 1 2 0 0 0 0 0 0 0 0 0 0 0 0 0 0 0 0 0 0 2 0 2 1 0 0 0 0 2 0 0 0 0 0 0 0 0 0 0 0 0 0 0 0 0 0 0 0 0 0 0 0 0 0 0 0 0 0 0 0 0 0 0 0 0 0 0 1 1 0 0 1 1 0 0 0 0 0 0 0 0 0 0 0 1 0 1 0 0 0 0 1 1 0 0 0 0 0 1 0 0 1 2 1 0 

 Inviabilidades: 1 
FO: 5068812.743340
Tempo total:11.941
######################## FIM ###################

 ######################## 50 ###################

Vetor de solucoes: 
1 1 1 1 0 1 1 1 1 1 1 1 1 1 1 1 1 1 1 2 0 0 1 1 2 2 1 1 1 1 1 1 1 1 1 1 1 1 1 0 2 1 1 0 1 1 1 1 1 1 1 1 1 1 1 1 1 1 1 0 0 0 0 0 0 0 0 0 0 0 2 0 0 2 1 0 0 0 0 0 0 0 0 0 0 0 0 0 0 0 0 0 0 1 0 1 2 0 0 0 0 1 0 0 0 0 0 0 0 0 0 0 0 0 0 0 0 0 0 0 0 0 0 0 0 0 0 0 0 0 0 0 0 0 0 0 0 0 0 0 2 2 0 0 2 2 0 0 0 0 0 0 0 0 0 0 0 2 0 2 0 0 0 0 2 2 0 0 0 0 0 2 0 0 2 1 2 0 

 Inviabilidades: 1 
FO: 5068812.743340
Tempo total:16.811
######################## FIM ###################

 ######################## 50 ###################

Vetor de solucoes: 
2 2 2 2 1 2 2 2 2 2 2 2 2 2 2 2 2 2 2 0 1 1 2 2 0 0 2 2 2 2 2 2 2 2 2 2 2 2 2 1 0 2 2 1 2 2 2 2 2 2 2 2 2 2 2 2 2 2 2 1 1 1 1 1 1 1 1 1 1 1 0 1 1 0 2 1 1 1 1 1 1 1 1 1 1 1 1 1 1 1 1 1 1 2 1 2 0 1 1 1 1 2 1 1 1 1 1 1 1 1 1 1 1 1 1 1 1 1 1 1 1 1 1 1 1 1 1 1 1 1 1 1 1 1 1 1 1 1 1 1 0 0 1 1 0 0 1 1 1 1 1 1 1 1 1 1 1 0 1 0 1 1 1 1 0 0 1 1 1 1 1 0 1 1 0 2 0 1 

 Inviabilidades: 1 
FO: 5068812.743340
Tempo total:16.806
######################## FIM ###################

 ######################## 50 ###################

Vetor de solucoes: 
0 0 0 0 2 0 0 0 0 0 0 0 0 0 0 0 0 0 0 1 2 2 0 0 1 1 0 0 0 0 0 0 0 0 0 0 0 0 0 2 1 0 0 2 0 0 0 0 0 0 0 0 0 0 0 0 0 0 0 2 2 2 2 2 2 2 2 2 2 2 1 2 2 1 0 2 2 2 2 2 2 2 2 2 2 2 2 2 2 2 2 2 2 0 2 0 1 2 2 2 2 0 2 2 2 2 2 2 2 2 2 2 2 2 2 2 2 2 2 2 2 2 2 2 2 2 2 2 2 2 2 2 2 2 2 2 2 2 2 2 1 1 2 2 1 1 2 2 2 2 2 2 2 2 2 2 2 1 2 1 2 2 2 2 1 1 2 2 2 2 2 1 2 2 1 0 1 2 

 Inviabilidades: 1 
FO: 5068812.743340
Tempo total:17.871
######################## FIM ###################

 ######################## 50 ###################

Vetor de solucoes: 
0 0 0 0 2 0 0 0 0 0 0 0 0 0 0 0 0 0 0 1 2 2 0 0 1 1 0 0 0 0 0 0 0 0 0 0 0 0 0 2 1 0 0 2 0 0 0 0 0 0 0 0 0 0 0 0 0 0 0 2 2 2 2 2 2 2 2 2 2 2 1 2 2 1 0 2 2 2 2 2 2 2 2 2 2 2 2 2 2 2 2 2 2 0 2 0 1 2 2 2 2 0 2 2 2 2 2 2 2 2 2 2 2 2 2 2 2 2 2 2 2 2 2 2 2 2 2 2 2 2 2 2 2 2 2 2 2 2 2 2 1 1 2 2 1 1 2 2 2 2 2 2 2 2 2 2 2 1 2 1 2 2 2 2 1 1 2 2 2 2 2 1 2 2 1 0 1 2 

 Inviabilidades: 1 
FO: 5068812.743340
Tempo total:16.301
######################## FIM ###################

 ######################## 50 ###################

Vetor de solucoes: 
1 1 1 1 2 1 1 1 1 1 1 1 1 1 1 1 1 1 1 0 2 2 1 1 0 0 1 1 1 1 1 1 1 1 1 1 1 1 1 2 0 1 1 2 1 1 1 1 1 1 1 1 1 1 1 1 1 1 1 2 2 2 2 2 2 2 2 2 2 2 0 2 2 0 1 2 2 2 2 2 2 2 2 2 2 2 2 2 2 2 2 2 2 1 2 1 0 2 2 2 2 1 2 2 2 2 2 2 2 2 2 2 2 2 2 2 2 2 2 2 2 2 2 2 2 2 2 2 2 2 2 2 2 2 2 2 2 2 2 2 0 0 2 2 0 0 2 2 2 2 2 2 2 2 2 2 2 0 2 0 2 2 2 2 0 0 2 2 2 2 2 0 2 2 0 1 0 2 

 Inviabilidades: 1 
FO: 5068812.743340
Tempo total:15.485
######################## FIM ###################

 ######################## 50 ###################

Vetor de solucoes: 
0 0 0 0 1 0 0 0 0 0 0 0 0 0 0 0 0 0 0 1 2 1 0 0 1 2 0 0 1 0 0 0 0 0 0 1 1 0 0 0 1 0 0 1 1 0 0 0 0 0 0 0 0 0 0 0 0 0 0 1 1 1 1 1 1 1 1 1 1 2 1 1 1 2 1 1 1 1 2 1 1 1 1 1 1 1 1 1 1 1 1 1 2 1 1 0 2 1 1 1 1 1 1 1 1 1 1 1 1 1 1 1 1 1 1 1 1 0 2 1 1 1 1 1 1 1 1 1 1 1 2 1 1 1 1 1 1 1 1 1 2 2 1 1 1 2 1 1 1 1 2 1 1 1 1 1 1 1 1 1 1 1 1 1 2 2 1 1 1 1 1 2 1 1 1 2 2 1 

 Inviabilidades: 1 
FO: 5430705.764502
Tempo total:12.879
######################## FIM ###################

 ######################## 50 ###################

Vetor de solucoes: 
2 2 2 2 1 2 2 2 2 2 2 2 2 2 2 2 2 2 2 0 1 1 2 2 0 0 2 2 2 2 2 2 2 2 2 2 2 2 2 1 0 2 2 1 2 2 2 2 2 2 2 2 2 2 2 2 2 2 2 1 1 1 1 1 1 1 1 1 1 1 0 1 1 0 2 1 1 1 1 1 1 1 1 1 1 1 1 1 1 1 1 1 1 2 1 2 0 1 1 1 1 2 1 1 1 1 1 1 1 1 1 1 1 1 1 1 1 1 1 1 1 1 1 1 1 1 1 1 1 1 1 1 1 1 1 1 1 1 1 1 0 0 1 1 0 0 1 1 1 1 1 1 1 1 1 1 1 0 1 0 1 1 1 1 0 0 1 1 1 1 1 0 1 1 0 2 0 1 

 Inviabilidades: 1 
FO: 5068812.743340
Tempo total:14.092
######################## FIM ###################

 ######################## 50 ###################

Vetor de solucoes: 
0 0 0 0 1 0 0 0 0 0 0 0 0 0 0 0 0 0 0 2 1 1 0 0 2 2 0 0 0 0 0 0 0 0 0 0 0 0 0 1 2 0 0 1 0 0 0 0 0 0 0 0 0 0 0 0 0 0 0 1 1 1 1 1 1 1 1 1 1 1 2 1 1 2 0 1 1 1 1 1 1 1 1 1 1 1 1 1 1 1 1 1 1 0 1 0 2 1 1 1 1 0 1 1 1 1 1 1 1 1 1 1 1 1 1 1 1 1 1 1 1 1 1 1 1 1 1 1 1 1 1 1 1 1 1 1 1 1 1 1 2 2 1 1 2 2 1 1 1 1 1 1 1 1 1 1 1 2 1 2 1 1 1 1 2 2 1 1 1 1 1 2 1 1 2 0 2 1 

 Inviabilidades: 1 
FO: 5068812.743340
Tempo total:15.154
######################## FIM ###################

 ######################## 50 ###################

Vetor de solucoes: 
1 1 1 1 2 1 1 1 1 1 1 1 1 1 1 1 1 1 1 0 2 2 1 1 0 0 1 1 1 1 1 1 1 1 1 1 1 1 1 2 0 1 1 2 1 1 1 1 1 1 1 1 1 1 1 1 1 1 1 2 2 2 2 2 2 2 2 2 2 2 0 2 2 0 1 2 2 2 2 2 2 2 2 2 2 2 2 2 2 2 2 2 2 1 2 1 0 2 2 2 2 1 2 2 2 2 2 2 2 2 2 2 2 2 2 2 2 2 2 2 2 2 2 2 2 2 2 2 2 2 2 2 2 2 2 2 2 2 2 2 0 0 2 2 0 0 2 2 2 2 2 2 2 2 2 2 2 0 2 0 2 2 2 2 0 0 2 2 2 2 2 0 2 2 0 1 0 2 

 Inviabilidades: 1 
FO: 5068812.743340
Tempo total:15.730
######################## FIM ###################

 ######################## 50 ###################

Vetor de solucoes: 
2 2 2 2 1 2 2 2 2 2 2 2 2 2 2 2 2 2 2 0 1 1 2 2 0 0 2 2 2 2 2 2 2 2 2 2 2 2 2 1 0 2 2 1 2 2 2 2 2 2 2 2 2 2 2 2 2 2 2 1 1 1 1 1 1 1 1 1 1 1 0 1 1 0 2 1 1 1 1 1 1 1 1 1 1 1 1 1 1 1 1 1 1 2 1 2 0 1 1 1 1 2 1 1 1 1 1 1 1 1 1 1 1 1 1 1 1 1 1 1 1 1 1 1 1 1 1 1 1 1 1 1 1 1 1 1 1 1 1 1 0 0 1 1 0 0 1 1 1 1 1 1 1 1 1 1 1 0 1 0 1 1 1 1 0 0 1 1 1 1 1 0 1 1 0 2 0 1 

 Inviabilidades: 1 
FO: 5068812.743340
Tempo total:13.288
######################## FIM ###################

 ######################## 50 ###################

Vetor de solucoes: 
0 0 0 0 2 0 0 0 0 0 0 0 0 0 0 0 0 0 0 2 1 2 0 0 2 1 0 0 2 0 0 0 0 0 0 2 2 0 0 0 2 0 0 2 2 0 0 0 0 0 0 0 0 0 0 0 0 0 0 2 2 2 2 2 2 2 2 2 2 1 2 2 2 1 2 2 2 2 1 2 2 2 2 2 2 2 2 2 2 2 2 2 1 2 2 0 1 2 2 2 2 2 2 2 2 2 2 2 2 2 2 2 2 2 2 2 2 0 1 2 2 2 2 2 2 2 2 2 2 2 1 2 2 2 2 2 2 2 2 2 1 1 2 2 2 1 2 2 2 2 1 2 2 2 2 2 2 2 2 2 2 2 2 2 1 1 2 2 2 2 2 1 2 2 2 1 1 2 

 Inviabilidades: 1 
FO: 5430705.764502
Tempo total:14.984
######################## FIM ###################

 ######################## 50 ###################

Vetor de solucoes: 
0 0 0 0 2 0 0 0 0 0 0 0 0 0 0 0 0 0 0 1 2 2 0 0 1 1 0 0 0 0 0 0 0 0 0 0 0 0 0 2 1 0 0 2 0 0 0 0 0 0 0 0 0 0 0 0 0 0 0 2 2 2 2 2 2 2 2 2 2 2 1 2 2 1 0 2 2 2 2 2 2 2 2 2 2 2 2 2 2 2 2 2 2 0 2 0 1 2 2 2 2 0 2 2 2 2 2 2 2 2 2 2 2 2 2 2 2 2 2 2 2 2 2 2 2 2 2 2 2 2 2 2 2 2 2 2 2 2 2 2 1 1 2 2 1 1 2 2 2 2 2 2 2 2 2 2 2 1 2 1 2 2 2 2 1 1 2 2 2 2 2 1 2 2 1 0 1 2 

 Inviabilidades: 1 
FO: 5068812.743340
Tempo total:14.118
######################## FIM ###################

 ######################## 50 ###################

Vetor de solucoes: 
0 0 0 0 1 0 0 0 0 0 0 0 0 0 0 0 0 0 0 2 1 1 0 0 2 2 0 0 0 0 0 0 0 0 0 0 0 0 0 1 2 0 0 1 0 0 0 0 0 0 0 0 0 0 0 0 0 0 0 1 1 1 1 1 1 1 1 1 1 1 2 1 1 2 0 1 1 1 1 1 1 1 1 1 1 1 1 1 1 1 1 1 1 0 1 0 2 1 1 1 1 0 1 1 1 1 1 1 1 1 1 1 1 1 1 1 1 1 1 1 1 1 1 1 1 1 1 1 1 1 1 1 1 1 1 1 1 1 1 1 2 2 1 1 2 2 1 1 1 1 1 1 1 1 1 1 1 2 1 2 1 1 1 1 2 2 1 1 1 1 1 2 1 1 2 0 2 1 

 Inviabilidades: 1 
FO: 5068812.743340
Tempo total:15.716
######################## FIM ###################

 ######################## 50 ###################

Vetor de solucoes: 
0 0 0 0 1 0 0 0 0 0 0 0 0 0 0 0 0 0 0 2 1 1 0 0 2 2 0 0 0 0 0 0 0 0 0 0 0 0 0 1 2 0 0 1 0 0 0 0 0 0 0 0 0 0 0 0 0 0 0 1 1 1 1 1 1 1 1 1 1 1 2 1 1 2 0 1 1 1 1 1 1 1 1 1 1 1 1 1 1 1 1 1 1 0 1 0 2 1 1 1 1 0 1 1 1 1 1 1 1 1 1 1 1 1 1 1 1 1 1 1 1 1 1 1 1 1 1 1 1 1 1 1 1 1 1 1 1 1 1 1 2 2 1 1 2 2 1 1 1 1 1 1 1 1 1 1 1 2 1 2 1 1 1 1 2 2 1 1 1 1 1 2 1 1 2 0 2 1 

 Inviabilidades: 1 
FO: 5068812.743340
Tempo total:16.175
######################## FIM ###################

 ######################## 50 ###################

Vetor de solucoes: 
1 1 1 1 0 1 1 1 1 1 1 1 1 1 1 1 1 1 1 2 0 0 1 1 2 2 1 1 1 1 1 1 1 1 1 1 1 1 1 0 2 1 1 0 1 1 1 1 1 1 1 1 1 1 1 1 1 1 1 0 0 0 0 0 0 0 0 0 0 0 2 0 0 2 1 0 0 0 0 0 0 0 0 0 0 0 0 0 0 0 0 0 0 1 0 1 2 0 0 0 0 1 0 0 0 0 0 0 0 0 0 0 0 0 0 0 0 0 0 0 0 0 0 0 0 0 0 0 0 0 0 0 0 0 0 0 0 0 0 0 2 2 0 0 2 2 0 0 0 0 0 0 0 0 0 0 0 2 0 2 0 0 0 0 2 2 0 0 0 0 0 2 0 0 2 1 2 0 

 Inviabilidades: 1 
FO: 5068812.743340
Tempo total:12.806
######################## FIM ###################

 ######################## 50 ###################

Vetor de solucoes: 
2 2 2 2 1 2 2 2 2 2 2 2 2 2 2 2 2 2 2 0 1 1 2 2 0 0 2 2 2 2 2 2 2 2 2 2 2 2 2 1 0 2 2 1 2 2 2 2 2 2 2 2 2 2 2 2 2 2 2 1 1 1 1 1 1 1 1 1 1 1 0 1 1 0 2 1 1 1 1 1 1 1 1 1 1 1 1 1 1 1 1 1 1 2 1 2 0 1 1 1 1 2 1 1 1 1 1 1 1 1 1 1 1 1 1 1 1 1 1 1 1 1 1 1 1 1 1 1 1 1 1 1 1 1 1 1 1 1 1 1 0 0 1 1 0 0 1 1 1 1 1 1 1 1 1 1 1 0 1 0 1 1 1 1 0 0 1 1 1 1 1 0 1 1 0 2 0 1 

 Inviabilidades: 1 
FO: 5068812.743340
Tempo total:12.851
######################## FIM ###################

 ######################## 50 ###################

Vetor de solucoes: 
0 0 0 0 2 0 0 0 0 0 0 0 0 0 0 0 0 0 0 1 2 2 0 0 1 1 0 0 0 0 0 0 0 0 0 0 0 0 0 2 1 0 0 2 0 0 0 0 0 0 0 0 0 0 0 0 0 0 0 2 2 2 2 2 2 2 2 2 2 2 1 2 2 1 0 2 2 2 2 2 2 2 2 2 2 2 2 2 2 2 2 2 2 0 2 0 1 2 2 2 2 0 2 2 2 2 2 2 2 2 2 2 2 2 2 2 2 2 2 2 2 2 2 2 2 2 2 2 2 2 2 2 2 2 2 2 2 2 2 2 1 1 2 2 1 1 2 2 2 2 2 2 2 2 2 2 2 1 2 1 2 2 2 2 1 1 2 2 2 2 2 1 2 2 1 0 1 2 

 Inviabilidades: 1 
FO: 5068812.743340
Tempo total:13.061
######################## FIM ###################

 ######################## 50 ###################

Vetor de solucoes: 
2 2 2 2 1 2 2 2 2 2 2 2 2 2 2 2 2 2 2 1 1 1 2 2 1 1 2 2 1 2 2 2 2 2 2 1 1 2 2 1 1 2 2 1 1 2 2 2 2 2 2 2 2 2 2 2 2 2 2 1 1 0 1 0 0 1 1 1 1 1 1 0 0 1 1 0 0 1 1 0 0 1 1 1 1 0 1 1 0 1 1 0 1 0 0 2 1 0 1 0 1 1 0 0 1 0 1 1 0 1 1 0 1 0 0 0 1 0 0 0 1 0 0 0 0 0 0 0 0 1 1 1 1 1 1 1 1 1 1 1 1 1 1 1 1 1 0 1 1 1 1 0 0 1 1 1 0 1 1 1 1 1 1 1 0 0 1 0 1 1 1 0 1 1 1 2 1 1 

 Inviabilidades: 3 
FO: 3228501.425674
Tempo total:13.265
######################## FIM ###################

 ######################## 50 ###################

Vetor de solucoes: 
0 0 0 0 1 0 0 0 0 0 0 0 0 0 0 0 0 0 0 1 2 1 0 0 1 2 0 0 1 0 0 0 0 0 0 1 1 0 0 0 1 0 0 1 1 0 0 0 0 0 0 0 0 0 0 0 0 0 0 1 1 1 1 1 1 1 1 1 1 2 1 1 1 2 1 1 1 1 2 1 1 1 1 1 1 1 1 1 1 1 1 1 2 1 1 0 2 1 1 1 1 1 1 1 1 1 1 1 1 1 1 1 1 1 1 1 1 0 2 1 1 1 1 1 1 1 1 1 1 1 2 1 1 1 1 1 1 1 1 1 2 2 1 1 1 2 1 1 1 1 2 1 1 1 1 1 1 1 1 1 1 1 1 1 2 2 1 1 1 1 1 2 1 1 1 2 2 1 

 Inviabilidades: 1 
FO: 5430705.764502
Tempo total:14.327
######################## FIM ###################

 ######################## 50 ###################

Vetor de solucoes: 
0 0 0 0 2 0 0 0 0 0 0 0 0 0 0 0 0 0 0 1 2 2 0 0 1 1 0 0 0 0 0 0 0 0 0 0 0 0 0 2 1 0 0 2 0 0 0 0 0 0 0 0 0 0 0 0 0 0 0 2 2 2 2 2 2 2 2 2 2 2 1 2 2 1 0 2 2 2 2 2 2 2 2 2 2 2 2 2 2 2 2 2 2 0 2 0 1 2 2 2 2 0 2 2 2 2 2 2 2 2 2 2 2 2 2 2 2 2 2 2 2 2 2 2 2 2 2 2 2 2 2 2 2 2 2 2 2 2 2 2 1 1 2 2 1 1 2 2 2 2 2 2 2 2 2 2 2 1 2 1 2 2 2 2 1 1 2 2 2 2 2 1 2 2 1 0 1 2 

 Inviabilidades: 1 
FO: 5068812.743340
Tempo total:14.776
######################## FIM ###################

 ######################## 50 ###################

Vetor de solucoes: 
1 1 1 1 2 1 1 1 1 1 1 1 1 1 1 1 1 1 1 0 2 2 1 1 0 0 1 1 1 1 1 1 1 1 1 1 1 1 1 2 0 1 1 2 1 1 1 1 1 1 1 1 1 1 1 1 1 1 1 2 2 2 2 2 2 2 2 2 2 2 0 2 2 0 1 2 2 2 2 2 2 2 2 2 2 2 2 2 2 2 2 2 2 1 2 1 0 2 2 2 2 1 2 2 2 2 2 2 2 2 2 2 2 2 2 2 2 2 2 2 2 2 2 2 2 2 2 2 2 2 2 2 2 2 2 2 2 2 2 2 0 0 2 2 0 0 2 2 2 2 2 2 2 2 2 2 2 0 2 0 2 2 2 2 0 0 2 2 2 2 2 0 2 2 0 1 0 2 

 Inviabilidades: 1 
FO: 5068812.743340
Tempo total:15.940
######################## FIM ###################

 ######################## 50 ###################

Vetor de solucoes: 
1 1 1 1 0 1 1 1 1 1 1 1 1 1 1 1 1 1 1 2 0 0 1 1 2 2 1 1 1 1 1 1 1 1 1 1 1 1 1 0 2 1 1 0 1 1 1 1 1 1 1 1 1 1 1 1 1 1 1 0 0 0 0 0 0 0 0 0 0 0 2 0 0 2 1 0 0 0 0 0 0 0 0 0 0 0 0 0 0 0 0 0 0 1 0 1 2 0 0 0 0 1 0 0 0 0 0 0 0 0 0 0 0 0 0 0 0 0 0 0 0 0 0 0 0 0 0 0 0 0 0 0 0 0 0 0 0 0 0 0 2 2 0 0 2 2 0 0 0 0 0 0 0 0 0 0 0 2 0 2 0 0 0 0 2 2 0 0 0 0 0 2 0 0 2 1 2 0 

 Inviabilidades: 1 
FO: 5068812.743340
Tempo total:16.169
######################## FIM ###################

 ######################## 50 ###################

Vetor de solucoes: 
1 1 1 1 2 1 1 1 1 1 1 1 1 1 1 1 1 1 1 0 2 2 1 1 0 0 1 1 1 1 1 1 1 1 1 1 1 1 1 2 0 1 1 2 1 1 1 1 1 1 1 1 1 1 1 1 1 1 1 2 2 2 2 2 2 2 2 2 2 2 0 2 2 0 1 2 2 2 2 2 2 2 2 2 2 2 2 2 2 2 2 2 2 1 2 1 0 2 2 2 2 1 2 2 2 2 2 2 2 2 2 2 2 2 2 2 2 2 2 2 2 2 2 2 2 2 2 2 2 2 2 2 2 2 2 2 2 2 2 2 0 0 2 2 0 0 2 2 2 2 2 2 2 2 2 2 2 0 2 0 2 2 2 2 0 0 2 2 2 2 2 0 2 2 0 1 0 2 

 Inviabilidades: 1 
FO: 5068812.743340
Tempo total:15.594
######################## FIM ###################

 ######################## 50 ###################

Vetor de solucoes: 
1 1 1 1 0 1 1 1 1 1 1 1 1 1 1 1 1 1 1 2 0 0 1 1 2 2 1 1 1 1 1 1 1 1 1 1 1 1 1 0 2 1 1 0 1 1 1 1 1 1 1 1 1 1 1 1 1 1 1 0 0 0 0 0 0 0 0 0 0 0 2 0 0 2 1 0 0 0 0 0 0 0 0 0 0 0 0 0 0 0 0 0 0 1 0 1 2 0 0 0 0 1 0 0 0 0 0 0 0 0 0 0 0 0 0 0 0 0 0 0 0 0 0 0 0 0 0 0 0 0 0 0 0 0 0 0 0 0 0 0 2 2 0 0 2 2 0 0 0 0 0 0 0 0 0 0 0 2 0 2 0 0 0 0 2 2 0 0 0 0 0 2 0 0 2 1 2 0 

 Inviabilidades: 1 
FO: 5068812.743340
Tempo total:15.055
######################## FIM ###################

 ######################## 50 ###################

Vetor de solucoes: 
1 1 1 1 2 1 1 1 1 1 1 1 1 1 1 1 1 1 1 0 2 2 1 1 0 0 1 1 1 1 1 1 1 1 1 1 1 1 1 2 0 1 1 2 1 1 1 1 1 1 1 1 1 1 1 1 1 1 1 2 2 2 2 2 2 2 2 2 2 2 0 2 2 0 1 2 2 2 2 2 2 2 2 2 2 2 2 2 2 2 2 2 2 1 2 1 0 2 2 2 2 1 2 2 2 2 2 2 2 2 2 2 2 2 2 2 2 2 2 2 2 2 2 2 2 2 2 2 2 2 2 2 2 2 2 2 2 2 2 2 0 0 2 2 0 0 2 2 2 2 2 2 2 2 2 2 2 0 2 0 2 2 2 2 0 0 2 2 2 2 2 0 2 2 0 1 0 2 

 Inviabilidades: 1 
FO: 5068812.743340
Tempo total:17.071
######################## FIM ###################

 ######################## 50 ###################

Vetor de solucoes: 
1 1 1 1 2 1 1 1 1 1 1 1 1 1 1 1 1 1 1 0 2 2 1 1 0 0 1 1 1 1 1 1 1 1 1 1 1 1 1 2 0 1 1 2 1 1 1 1 1 1 1 1 1 1 1 1 1 1 1 2 2 2 2 2 2 2 2 2 2 2 0 2 2 0 1 2 2 2 2 2 2 2 2 2 2 2 2 2 2 2 2 2 2 1 2 1 0 2 2 2 2 1 2 2 2 2 2 2 2 2 2 2 2 2 2 2 2 2 2 2 2 2 2 2 2 2 2 2 2 2 2 2 2 2 2 2 2 2 2 2 0 0 2 2 0 0 2 2 2 2 2 2 2 2 2 2 2 0 2 0 2 2 2 2 0 0 2 2 2 2 2 0 2 2 0 1 0 2 

 Inviabilidades: 1 
FO: 5068812.743340
Tempo total:15.862
######################## FIM ###################

 ######################## 50 ###################

Vetor de solucoes: 
0 0 0 0 2 0 0 0 0 0 0 0 0 0 0 0 0 0 0 1 2 2 0 0 1 1 0 0 0 0 0 0 0 0 0 0 0 0 0 2 1 0 0 2 0 0 0 0 0 0 0 0 0 0 0 0 0 0 0 2 2 2 2 2 2 2 2 2 2 2 1 2 2 1 0 2 2 2 2 2 2 2 2 2 2 2 2 2 2 2 2 2 2 0 2 0 1 2 2 2 2 0 2 2 2 2 2 2 2 2 2 2 2 2 2 2 2 2 2 2 2 2 2 2 2 2 2 2 2 2 2 2 2 2 2 2 2 2 2 2 1 1 2 2 1 1 2 2 2 2 2 2 2 2 2 2 2 1 2 1 2 2 2 2 1 1 2 2 2 2 2 1 2 2 1 0 1 2 

 Inviabilidades: 1 
FO: 5068812.743340
Tempo total:16.417
######################## FIM ###################

 ######################## 50 ###################

Vetor de solucoes: 
2 2 2 2 1 2 2 2 2 2 2 2 2 2 2 2 2 2 2 0 1 1 2 2 0 0 2 2 2 2 2 2 2 2 2 2 2 2 2 1 0 2 2 1 2 2 2 2 2 2 2 2 2 2 2 2 2 2 2 1 1 1 1 1 1 1 1 1 1 1 0 1 1 0 2 1 1 1 1 1 1 1 1 1 1 1 1 1 1 1 1 1 1 2 1 2 0 1 1 1 1 2 1 1 1 1 1 1 1 1 1 1 1 1 1 1 1 1 1 1 1 1 1 1 1 1 1 1 1 1 1 1 1 1 1 1 1 1 1 1 0 0 1 1 0 0 1 1 1 1 1 1 1 1 1 1 1 0 1 0 1 1 1 1 0 0 1 1 1 1 1 0 1 1 0 2 0 1 

 Inviabilidades: 1 
FO: 5068812.743340
Tempo total:13.654
######################## FIM ###################

 ######################## 50 ###################

Vetor de solucoes: 
1 1 1 1 0 1 1 1 1 1 1 1 1 1 1 1 1 1 1 2 0 0 1 1 2 2 1 1 1 1 1 1 1 1 1 1 1 1 1 0 2 1 1 0 1 1 1 1 1 1 1 1 1 1 1 1 1 1 1 0 0 0 0 0 0 0 0 0 0 0 2 0 0 2 1 0 0 0 0 0 0 0 0 0 0 0 0 0 0 0 0 0 0 1 0 1 2 0 0 0 0 1 0 0 0 0 0 0 0 0 0 0 0 0 0 0 0 0 0 0 0 0 0 0 0 0 0 0 0 0 0 0 0 0 0 0 0 0 0 0 2 2 0 0 2 2 0 0 0 0 0 0 0 0 0 0 0 2 0 2 0 0 0 0 2 2 0 0 0 0 0 2 0 0 2 1 2 0 

 Inviabilidades: 1 
FO: 5068812.743340
Tempo total:14.299
######################## FIM ###################

 ######################## 50 ###################

Vetor de solucoes: 
1 1 1 1 0 1 1 1 1 1 1 1 1 1 1 1 1 1 1 2 0 0 1 1 2 2 1 1 1 1 1 1 1 1 1 1 1 1 1 0 2 1 1 0 1 1 1 1 1 1 1 1 1 1 1 1 1 1 1 0 0 0 0 0 0 0 0 0 0 0 2 0 0 2 1 0 0 0 0 0 0 0 0 0 0 0 0 0 0 0 0 0 0 1 0 1 2 0 0 0 0 1 0 0 0 0 0 0 0 0 0 0 0 0 0 0 0 0 0 0 0 0 0 0 0 0 0 0 0 0 0 0 0 0 0 0 0 0 0 0 2 2 0 0 2 2 0 0 0 0 0 0 0 0 0 0 0 2 0 2 0 0 0 0 2 2 0 0 0 0 0 2 0 0 2 1 2 0 

 Inviabilidades: 1 
FO: 5068812.743340
Tempo total:15.892
######################## FIM ###################

 ######################## 50 ###################

Vetor de solucoes: 
1 1 1 1 2 1 1 1 1 1 1 1 1 1 1 1 1 1 1 0 2 2 1 1 0 0 1 1 1 1 1 1 1 1 1 1 1 1 1 2 0 1 1 2 1 1 1 1 1 1 1 1 1 1 1 1 1 1 1 2 2 2 2 2 2 2 2 2 2 2 0 2 2 0 1 2 2 2 2 2 2 2 2 2 2 2 2 2 2 2 2 2 2 1 2 1 0 2 2 2 2 1 2 2 2 2 2 2 2 2 2 2 2 2 2 2 2 2 2 2 2 2 2 2 2 2 2 2 2 2 2 2 2 2 2 2 2 2 2 2 0 0 2 2 0 0 2 2 2 2 2 2 2 2 2 2 2 0 2 0 2 2 2 2 0 0 2 2 2 2 2 0 2 2 0 1 0 2 

 Inviabilidades: 1 
FO: 5068812.743340
Tempo total:14.237
######################## FIM ###################

 ######################## 50 ###################

Vetor de solucoes: 
1 1 1 1 2 1 1 1 1 1 1 1 1 1 1 1 1 1 1 0 2 2 1 1 0 0 1 1 1 1 1 1 1 1 1 1 1 1 1 2 0 1 1 2 1 1 1 1 1 1 1 1 1 1 1 1 1 1 1 2 2 2 2 2 2 2 2 2 2 2 0 2 2 0 1 2 2 2 2 2 2 2 2 2 2 2 2 2 2 2 2 2 2 1 2 1 0 2 2 2 2 1 2 2 2 2 2 2 2 2 2 2 2 2 2 2 2 2 2 2 2 2 2 2 2 2 2 2 2 2 2 2 2 2 2 2 2 2 2 2 0 0 2 2 0 0 2 2 2 2 2 2 2 2 2 2 2 0 2 0 2 2 2 2 0 0 2 2 2 2 2 0 2 2 0 1 0 2 

 Inviabilidades: 1 
FO: 5068812.743340
Tempo total:14.871
######################## FIM ###################

 ######################## 50 ###################

Vetor de solucoes: 
2 2 2 2 1 2 2 2 2 2 2 2 2 2 2 2 2 2 2 0 1 1 2 2 0 0 2 2 2 2 2 2 2 2 2 2 2 2 2 1 0 2 2 1 2 2 2 2 2 2 2 2 2 2 2 2 2 2 2 1 1 1 1 1 1 1 1 1 1 1 0 1 1 0 2 1 1 1 1 1 1 1 1 1 1 1 1 1 1 1 1 1 1 2 1 2 0 1 1 1 1 2 1 1 1 1 1 1 1 1 1 1 1 1 1 1 1 1 1 1 1 1 1 1 1 1 1 1 1 1 1 1 1 1 1 1 1 1 1 1 0 0 1 1 0 0 1 1 1 1 1 1 1 1 1 1 1 0 1 0 1 1 1 1 0 0 1 1 1 1 1 0 1 1 0 2 0 1 

 Inviabilidades: 1 
FO: 5068812.743340
Tempo total:16.796
######################## FIM ###################

 ######################## 50 ###################

Vetor de solucoes: 
0 0 0 0 2 0 0 0 0 0 0 0 0 0 0 0 0 0 0 1 2 2 0 0 1 1 0 0 0 0 0 0 0 0 0 0 0 0 0 2 1 0 0 2 0 0 0 0 0 0 0 0 0 0 0 0 0 0 0 2 2 2 2 2 2 2 2 2 2 2 1 2 2 1 0 2 2 2 2 2 2 2 2 2 2 2 2 2 2 2 2 2 2 0 2 0 1 2 2 2 2 0 2 2 2 2 2 2 2 2 2 2 2 2 2 2 2 2 2 2 2 2 2 2 2 2 2 2 2 2 2 2 2 2 2 2 2 2 2 2 1 1 2 2 1 1 2 2 2 2 2 2 2 2 2 2 2 1 2 1 2 2 2 2 1 1 2 2 2 2 2 1 2 2 1 0 1 2 

 Inviabilidades: 1 
FO: 5068812.743340
Tempo total:16.914
######################## FIM ###################

 ######################## 50 ###################

Vetor de solucoes: 
0 0 0 0 1 0 0 0 0 0 0 0 0 0 0 0 0 0 0 2 1 1 0 0 2 2 0 0 0 0 0 0 0 0 0 0 0 0 0 1 2 0 0 1 0 0 0 0 0 0 0 0 0 0 0 0 0 0 0 1 1 1 1 1 1 1 1 1 1 1 2 1 1 2 0 1 1 1 1 1 1 1 1 1 1 1 1 1 1 1 1 1 1 0 1 0 2 1 1 1 1 0 1 1 1 1 1 1 1 1 1 1 1 1 1 1 1 1 1 1 1 1 1 1 1 1 1 1 1 1 1 1 1 1 1 1 1 1 1 1 2 2 1 1 2 2 1 1 1 1 1 1 1 1 1 1 1 2 1 2 1 1 1 1 2 2 1 1 1 1 1 2 1 1 2 0 2 1 

 Inviabilidades: 1 
FO: 5068812.743340
Tempo total:13.135
######################## FIM ###################

 ######################## 50 ###################

Vetor de solucoes: 
1 1 1 1 2 1 1 1 1 1 1 1 1 1 1 1 1 1 1 0 2 2 1 1 0 0 1 1 1 1 1 1 1 1 1 1 1 1 1 2 0 1 1 2 1 1 1 1 1 1 1 1 1 1 1 1 1 1 1 2 2 2 2 2 2 2 2 2 2 2 0 2 2 0 1 2 2 2 2 2 2 2 2 2 2 2 2 2 2 2 2 2 2 1 2 1 0 2 2 2 2 1 2 2 2 2 2 2 2 2 2 2 2 2 2 2 2 2 2 2 2 2 2 2 2 2 2 2 2 2 2 2 2 2 2 2 2 2 2 2 0 0 2 2 0 0 2 2 2 2 2 2 2 2 2 2 2 0 2 0 2 2 2 2 0 0 2 2 2 2 2 0 2 2 0 1 0 2 

 Inviabilidades: 1 
FO: 5068812.743340
Tempo total:12.739
######################## FIM ###################

 ######################## 50 ###################

Vetor de solucoes: 
2 2 2 2 1 2 2 2 2 2 2 2 2 2 2 2 2 2 2 0 1 1 2 2 0 0 2 2 2 2 2 2 2 2 2 2 2 2 2 1 0 2 2 1 2 2 2 2 2 2 2 2 2 2 2 2 2 2 2 1 1 1 1 1 1 1 1 1 1 1 0 1 1 0 2 1 1 1 1 1 1 1 1 1 1 1 1 1 1 1 1 1 1 2 1 2 0 1 1 1 1 2 1 1 1 1 1 1 1 1 1 1 1 1 1 1 1 1 1 1 1 1 1 1 1 1 1 1 1 1 1 1 1 1 1 1 1 1 1 1 0 0 1 1 0 0 1 1 1 1 1 1 1 1 1 1 1 0 1 0 1 1 1 1 0 0 1 1 1 1 1 0 1 1 0 2 0 1 

 Inviabilidades: 1 
FO: 5068812.743340
Tempo total:14.822
######################## FIM ###################

 ######################## 50 ###################

Vetor de solucoes: 
0 0 0 0 2 0 0 0 0 0 0 0 0 0 0 0 0 0 0 1 2 2 0 0 1 1 0 0 0 0 0 0 0 0 0 0 0 0 0 2 1 0 0 2 0 0 0 0 0 0 0 0 0 0 0 0 0 0 0 2 2 2 2 2 2 2 2 2 2 2 1 2 2 1 0 2 2 2 2 2 2 2 2 2 2 2 2 2 2 2 2 2 2 0 2 0 1 2 2 2 2 0 2 2 2 2 2 2 2 2 2 2 2 2 2 2 2 2 2 2 2 2 2 2 2 2 2 2 2 2 2 2 2 2 2 2 2 2 2 2 1 1 2 2 1 1 2 2 2 2 2 2 2 2 2 2 2 1 2 1 2 2 2 2 1 1 2 2 2 2 2 1 2 2 1 0 1 2 

 Inviabilidades: 1 
FO: 5068812.743340
Tempo total:13.453
######################## FIM ###################

 ######################## 50 ###################

Vetor de solucoes: 
1 1 1 1 2 1 1 1 1 1 1 1 1 1 1 1 1 1 1 0 2 2 1 1 0 0 1 1 1 1 1 1 1 1 1 1 1 1 1 2 0 1 1 2 1 1 1 1 1 1 1 1 1 1 1 1 1 1 1 2 2 2 2 2 2 2 2 2 2 2 0 2 2 0 1 2 2 2 2 2 2 2 2 2 2 2 2 2 2 2 2 2 2 1 2 1 0 2 2 2 2 1 2 2 2 2 2 2 2 2 2 2 2 2 2 2 2 2 2 2 2 2 2 2 2 2 2 2 2 2 2 2 2 2 2 2 2 2 2 2 0 0 2 2 0 0 2 2 2 2 2 2 2 2 2 2 2 0 2 0 2 2 2 2 0 0 2 2 2 2 2 0 2 2 0 1 0 2 

 Inviabilidades: 1 
FO: 5068812.743340
Tempo total:13.191
######################## FIM ###################

 ######################## 50 ###################

Vetor de solucoes: 
0 0 0 0 1 0 0 0 0 0 0 0 0 0 0 0 0 0 0 2 1 1 0 0 2 2 0 0 0 0 0 0 0 0 0 0 0 0 0 1 2 0 0 1 0 0 0 0 0 0 0 0 0 0 0 0 0 0 0 1 1 1 1 1 1 1 1 1 1 1 2 1 1 2 0 1 1 1 1 1 1 1 1 1 1 1 1 1 1 1 1 1 1 0 1 0 2 1 1 1 1 0 1 1 1 1 1 1 1 1 1 1 1 1 1 1 1 1 1 1 1 1 1 1 1 1 1 1 1 1 1 1 1 1 1 1 1 1 1 1 2 2 1 1 2 2 1 1 1 1 1 1 1 1 1 1 1 2 1 2 1 1 1 1 2 2 1 1 1 1 1 2 1 1 2 0 2 1 

 Inviabilidades: 1 
FO: 5068812.743340
Tempo total:13.775
######################## FIM ###################

 ######################## 50 ###################

Vetor de solucoes: 
1 1 1 1 0 1 1 1 1 1 1 1 1 1 1 1 1 1 1 2 0 0 1 1 2 2 1 1 1 1 1 1 1 1 1 1 1 1 1 0 2 1 1 0 1 1 1 1 1 1 1 1 1 1 1 1 1 1 1 0 0 0 0 0 0 0 0 0 0 0 2 0 0 2 1 0 0 0 0 0 0 0 0 0 0 0 0 0 0 0 0 0 0 1 0 1 2 0 0 0 0 1 0 0 0 0 0 0 0 0 0 0 0 0 0 0 0 0 0 0 0 0 0 0 0 0 0 0 0 0 0 0 0 0 0 0 0 0 0 0 2 2 0 0 2 2 0 0 0 0 0 0 0 0 0 0 0 2 0 2 0 0 0 0 2 2 0 0 0 0 0 2 0 0 2 1 2 0 

 Inviabilidades: 1 
FO: 5068812.743340
Tempo total:12.332
######################## FIM ###################

 ######################## 50 ###################

Vetor de solucoes: 
1 1 1 1 2 1 1 1 1 1 1 1 1 1 1 1 1 1 1 0 2 2 1 1 0 0 1 1 1 1 1 1 1 1 1 1 1 1 1 2 0 1 1 2 1 1 1 1 1 1 1 1 1 1 1 1 1 1 1 2 2 2 2 2 2 2 2 2 2 2 0 2 2 0 1 2 2 2 2 2 2 2 2 2 2 2 2 2 2 2 2 2 2 1 2 1 0 2 2 2 2 1 2 2 2 2 2 2 2 2 2 2 2 2 2 2 2 2 2 2 2 2 2 2 2 2 2 2 2 2 2 2 2 2 2 2 2 2 2 2 0 0 2 2 0 0 2 2 2 2 2 2 2 2 2 2 2 0 2 0 2 2 2 2 0 0 2 2 2 2 2 0 2 2 0 1 0 2 

 Inviabilidades: 1 
FO: 5068812.743340
Tempo total:15.070
######################## FIM ###################
