
######################## 50 ###################

Vetor de solucoes: 
2 2 2 2 1 2 2 2 2 2 2 2 2 2 2 2 2 2 2 0 1 1 2 2 0 0 2 2 2 2 2 2 2 2 2 2 2 2 2 1 0 2 2 1 2 2 2 2 2 2 2 2 2 2 2 2 2 2 2 1 1 1 1 1 1 1 1 1 1 1 0 1 1 0 2 1 1 1 1 1 1 1 1 1 1 1 1 1 1 1 1 1 1 2 1 2 0 1 1 1 1 2 1 1 1 1 1 1 1 1 1 1 1 1 1 1 1 1 1 1 1 1 1 1 1 1 1 1 1 1 1 1 1 1 1 1 1 1 1 1 0 0 1 1 0 0 1 1 1 1 1 1 1 1 1 1 1 0 1 0 1 1 1 1 0 0 1 1 1 1 1 0 1 1 0 2 0 1 

 Inviabilidades: 1 
FO: 5068812.743340
Tempo total:17.443
######################## FIM ###################
