
 ######################## 100 ###################

Vetor de solucoes: 
2 2 2 2 0 2 2 2 2 2 2 2 2 2 2 2 2 2 2 2 0 0 2 2 2 2 2 2 2 2 2 2 2 2 2 2 2 2 2 0 0 2 2 0 2 2 2 2 2 2 2 2 2 2 2 2 2 2 2 0 1 0 0 0 0 0 1 0 0 0 0 0 0 0 1 0 0 0 0 0 1 0 0 0 0 0 0 0 0 0 0 0 0 1 0 2 0 0 0 0 0 1 0 0 0 0 0 0 0 0 0 0 0 0 0 0 0 0 0 0 0 0 0 0 0 0 0 0 0 0 1 0 0 0 1 0 0 0 0 1 1 1 0 0 2 2 0 0 1 0 0 0 0 0 0 0 0 0 1 0 0 1 0 1 1 1 0 1 0 0 0 1 0 1 1 2 2 0 

 Inviabilidades: 3 
FO: 4816345.183167
Tempo total:21.339
######################## FIM ###################

 ######################## 100 ###################

Vetor de solucoes: 
1 1 1 1 0 1 1 1 1 1 1 1 1 1 1 1 1 1 1 1 0 0 1 1 1 1 1 1 1 1 1 1 1 1 1 1 1 1 1 0 0 1 1 0 1 1 1 1 1 1 1 1 1 1 1 1 1 1 1 0 2 0 0 0 0 0 2 0 0 0 0 0 0 0 2 0 0 0 0 0 2 0 0 0 0 0 0 0 0 0 0 0 0 2 0 1 0 0 0 0 0 2 0 0 0 0 0 0 0 0 0 0 0 0 0 0 0 0 0 0 0 0 0 0 0 0 0 0 0 0 2 0 0 0 2 0 0 0 0 2 2 2 0 0 1 1 0 0 2 0 0 0 0 0 0 0 0 0 2 0 0 2 0 2 2 2 0 2 0 0 0 2 0 2 2 1 1 0 

 Inviabilidades: 3 
FO: 4816345.183167
Tempo total:23.406
######################## FIM ###################

 ######################## 100 ###################

Vetor de solucoes: 
2 2 2 2 0 2 2 2 2 2 2 2 2 2 2 2 2 2 2 2 0 0 2 2 2 2 2 2 2 2 2 2 2 2 2 2 2 2 2 0 0 2 2 0 2 2 2 2 2 2 2 2 2 2 2 2 2 2 2 0 1 0 0 0 0 0 1 0 0 0 0 0 0 0 1 0 0 0 0 0 1 0 0 0 0 0 0 0 0 0 0 0 0 1 0 2 0 0 0 0 0 1 0 0 0 0 0 0 0 0 0 0 0 0 0 0 0 0 0 0 0 0 0 0 0 0 0 0 0 0 1 0 0 0 1 0 0 0 0 1 1 1 0 0 2 2 0 0 1 0 0 0 0 0 0 0 0 0 1 0 0 1 0 1 1 1 0 1 0 0 0 1 0 1 1 2 2 0 

 Inviabilidades: 3 
FO: 4816345.183167
Tempo total:26.170
######################## FIM ###################

 ######################## 100 ###################

Vetor de solucoes: 
0 0 0 0 2 0 0 0 0 0 0 0 0 0 0 0 0 0 0 0 2 2 0 0 0 0 0 0 0 0 0 0 0 0 0 0 0 0 0 2 2 0 0 2 0 0 0 0 0 0 0 0 0 0 0 0 0 0 0 2 1 2 2 2 2 2 1 2 2 2 2 2 2 2 1 2 2 2 2 2 1 2 2 2 2 2 2 2 2 2 2 2 2 1 2 0 2 2 2 2 2 1 2 2 2 2 2 2 2 2 2 2 2 2 2 2 2 2 2 2 2 2 2 2 2 2 2 2 2 2 1 2 2 2 1 2 2 2 2 1 1 1 2 2 0 0 2 2 1 2 2 2 2 2 2 2 2 2 1 2 2 1 2 1 1 1 2 1 2 2 2 1 2 1 1 0 0 2 

 Inviabilidades: 3 
FO: 4816345.183167
Tempo total:19.442
######################## FIM ###################

 ######################## 100 ###################

Vetor de solucoes: 
1 1 1 1 2 1 1 1 1 1 1 1 1 1 1 1 1 1 1 1 2 2 1 1 1 1 1 1 1 1 1 1 1 1 1 1 1 1 1 2 2 1 1 2 1 1 1 1 1 1 1 1 1 1 1 1 1 1 1 2 0 2 2 2 2 2 0 2 2 2 2 2 2 2 0 2 2 2 2 2 0 2 2 2 2 2 2 2 2 2 2 2 2 0 2 1 2 2 2 2 2 0 2 2 2 2 2 2 2 2 2 2 2 2 2 2 2 2 2 2 2 2 2 2 2 2 2 2 2 2 0 2 2 2 0 2 2 2 2 0 0 0 2 2 1 1 2 2 0 2 2 2 2 2 2 2 2 2 0 2 2 0 2 0 0 0 2 0 2 2 2 0 2 0 0 1 1 2 

 Inviabilidades: 3 
FO: 4816345.183167
Tempo total:21.228
######################## FIM ###################

 ######################## 100 ###################

Vetor de solucoes: 
1 1 1 1 0 1 1 1 1 1 1 1 1 1 1 1 1 1 1 1 0 0 1 1 1 1 1 1 1 1 1 1 1 1 1 1 1 1 1 0 0 1 1 0 1 1 1 1 1 1 1 1 1 1 1 1 1 1 1 0 2 0 0 0 0 0 2 0 0 0 0 0 0 0 2 0 0 0 0 0 2 0 0 0 0 0 0 0 0 0 0 0 0 2 0 1 0 0 0 0 0 2 0 0 0 0 0 0 0 0 0 0 0 0 0 0 0 0 0 0 0 0 0 0 0 0 0 0 0 0 2 0 0 0 2 0 0 0 0 2 2 2 0 0 1 1 0 0 2 0 0 0 0 0 0 0 0 0 2 0 0 2 0 2 2 2 0 2 0 0 0 2 0 2 2 1 1 0 

 Inviabilidades: 3 
FO: 4816345.183167
Tempo total:22.964
######################## FIM ###################

 ######################## 100 ###################

Vetor de solucoes: 
0 0 0 0 2 0 0 0 0 0 0 0 0 0 0 0 0 0 0 0 2 2 0 0 0 0 0 0 0 0 0 0 0 0 0 0 0 0 0 2 2 0 0 2 0 0 0 0 0 0 0 0 0 0 0 0 0 0 0 2 1 2 2 2 2 2 1 2 2 2 2 2 2 2 1 2 2 2 2 2 1 2 2 2 2 2 2 2 2 2 2 2 2 1 2 0 2 2 2 2 2 1 2 2 2 2 2 2 2 2 2 2 2 2 2 2 2 2 2 2 2 2 2 2 2 2 2 2 2 2 1 2 2 2 1 2 2 2 2 1 1 1 2 2 0 0 2 2 1 2 2 2 2 2 2 2 2 2 1 2 2 1 2 1 1 1 2 1 2 2 2 1 2 1 1 0 0 2 

 Inviabilidades: 3 
FO: 4816345.183167
Tempo total:23.872
######################## FIM ###################

 ######################## 100 ###################

Vetor de solucoes: 
1 1 1 1 2 1 1 1 1 1 1 1 1 1 1 1 1 1 1 1 2 2 1 1 1 1 1 1 1 1 1 1 1 1 1 1 1 1 1 2 2 1 1 2 1 1 1 1 1 1 1 1 1 1 1 1 1 1 1 2 0 2 2 2 2 2 0 2 2 2 2 2 2 2 0 2 2 2 2 2 0 2 2 2 2 2 2 2 2 2 2 2 2 0 2 1 2 2 2 2 2 0 2 2 2 2 2 2 2 2 2 2 2 2 2 2 2 2 2 2 2 2 2 2 2 2 2 2 2 2 0 2 2 2 0 2 2 2 2 0 0 0 2 2 1 1 2 2 0 2 2 2 2 2 2 2 2 2 0 2 2 0 2 0 0 0 2 0 2 2 2 0 2 0 0 1 1 2 

 Inviabilidades: 3 
FO: 4816345.183167
Tempo total:20.336
######################## FIM ###################

 ######################## 100 ###################

Vetor de solucoes: 
1 1 1 1 0 1 1 1 1 1 1 1 1 1 1 1 1 1 1 1 0 0 1 1 1 1 1 1 1 1 1 1 1 1 1 1 1 1 1 0 0 1 1 0 1 1 1 1 1 1 1 1 1 1 1 1 1 1 1 0 2 0 0 0 0 0 2 0 0 0 0 0 0 0 2 0 0 0 0 0 2 0 0 0 0 0 0 0 0 0 0 0 0 2 0 1 0 0 0 0 0 2 0 0 0 0 0 0 0 0 0 0 0 0 0 0 0 0 0 0 0 0 0 0 0 0 0 0 0 0 2 0 0 0 2 0 0 0 0 2 2 2 0 0 1 1 0 0 2 0 0 0 0 0 0 0 0 0 2 0 0 2 0 2 2 2 0 2 0 0 0 2 0 2 2 1 1 0 

 Inviabilidades: 3 
FO: 4816345.183167
Tempo total:22.677
######################## FIM ###################

 ######################## 100 ###################

Vetor de solucoes: 
2 2 2 2 0 2 2 2 2 2 2 2 2 2 2 2 2 2 2 2 0 0 2 2 2 2 2 2 2 2 2 2 2 2 2 2 2 2 2 0 0 2 2 0 2 2 2 2 2 2 2 2 2 2 2 2 2 2 2 0 1 0 0 0 0 0 1 0 0 0 0 0 0 0 1 0 0 0 0 0 1 0 0 0 0 0 0 0 0 0 0 0 0 1 0 2 0 0 0 0 0 1 0 0 0 0 0 0 0 0 0 0 0 0 0 0 0 0 0 0 0 0 0 0 0 0 0 0 0 0 1 0 0 0 1 0 0 0 0 1 1 1 0 0 2 2 0 0 1 0 0 0 0 0 0 0 0 0 1 0 0 1 0 1 1 1 0 1 0 0 0 1 0 1 1 2 2 0 

 Inviabilidades: 3 
FO: 4816345.183167
Tempo total:18.785
######################## FIM ###################

 ######################## 100 ###################

Vetor de solucoes: 
2 2 2 2 0 2 2 2 2 2 2 2 2 2 2 2 2 2 2 2 0 0 2 2 2 2 2 2 2 2 2 2 2 2 2 2 2 2 2 0 0 2 2 0 2 2 2 2 2 2 2 2 2 2 2 2 2 2 2 0 1 0 0 0 0 0 1 0 0 0 0 0 0 0 1 0 0 0 0 0 1 0 0 0 0 0 0 0 0 0 0 0 0 1 0 2 0 0 0 0 0 1 0 0 0 0 0 0 0 0 0 0 0 0 0 0 0 0 0 0 0 0 0 0 0 0 0 0 0 0 1 0 0 0 1 0 0 0 0 1 1 1 0 0 2 2 0 0 1 0 0 0 0 0 0 0 0 0 1 0 0 1 0 1 1 1 0 1 0 0 0 1 0 1 1 2 2 0 

 Inviabilidades: 3 
FO: 4816345.183167
Tempo total:18.231
######################## FIM ###################

 ######################## 100 ###################

Vetor de solucoes: 
0 0 0 0 1 0 0 0 0 0 0 0 0 0 0 0 0 0 0 0 1 1 0 0 0 0 0 0 0 0 0 0 0 0 0 0 0 0 0 1 1 0 0 1 0 0 0 0 0 0 0 0 0 0 0 0 0 0 0 1 2 1 1 1 1 1 2 1 1 1 1 1 1 1 2 1 1 1 1 1 2 1 1 1 1 1 1 1 1 1 1 1 1 2 1 0 1 1 1 1 1 2 1 1 1 1 1 1 1 1 1 1 1 1 1 1 1 1 1 1 1 1 1 1 1 1 1 1 1 1 2 1 1 1 2 1 1 1 1 2 2 2 1 1 0 0 1 1 2 1 1 1 1 1 1 1 1 1 2 1 1 2 1 2 2 2 1 2 1 1 1 2 1 2 2 0 0 1 

 Inviabilidades: 3 
FO: 4816345.183167
Tempo total:20.132
######################## FIM ###################

 ######################## 100 ###################

Vetor de solucoes: 
0 0 0 0 2 0 0 0 0 0 0 0 0 0 0 0 0 0 0 0 2 2 0 0 0 0 0 0 0 0 0 0 0 0 0 0 0 0 0 2 2 0 0 2 0 0 0 0 0 0 0 0 0 0 0 0 0 0 0 2 1 2 2 2 2 2 1 2 2 2 2 2 2 2 1 2 2 2 2 2 1 2 2 2 2 2 2 2 2 2 2 2 2 1 2 0 2 2 2 2 2 1 2 2 2 2 2 2 2 2 2 2 2 2 2 2 2 2 2 2 2 2 2 2 2 2 2 2 2 2 1 2 2 2 1 2 2 2 2 1 1 1 2 2 0 0 2 2 1 2 2 2 2 2 2 2 2 2 1 2 2 1 2 1 1 1 2 1 2 2 2 1 2 1 1 0 0 2 

 Inviabilidades: 3 
FO: 4816345.183167
Tempo total:22.866
######################## FIM ###################

 ######################## 100 ###################

Vetor de solucoes: 
1 1 1 1 0 1 1 1 1 1 1 1 1 1 1 1 1 1 1 1 0 0 1 1 1 1 1 1 1 1 1 1 1 1 1 1 1 1 1 0 0 1 1 0 1 1 1 1 1 1 1 1 1 1 1 1 1 1 1 0 2 0 0 0 0 0 2 0 0 0 0 0 0 0 2 0 0 0 0 0 2 0 0 0 0 0 0 0 0 0 0 0 0 2 0 1 0 0 0 0 0 2 0 0 0 0 0 0 0 0 0 0 0 0 0 0 0 0 0 0 0 0 0 0 0 0 0 0 0 0 2 0 0 0 2 0 0 0 0 2 2 2 0 0 1 1 0 0 2 0 0 0 0 0 0 0 0 0 2 0 0 2 0 2 2 2 0 2 0 0 0 2 0 2 2 1 1 0 

 Inviabilidades: 3 
FO: 4816345.183167
Tempo total:20.765
######################## FIM ###################

 ######################## 100 ###################

Vetor de solucoes: 
2 2 2 2 1 2 2 2 2 2 2 2 2 2 2 2 2 2 2 2 1 1 2 2 2 2 2 2 2 2 2 2 2 2 2 2 2 2 2 1 2 2 2 1 2 2 2 2 2 2 2 2 2 2 2 2 2 2 2 1 0 1 1 1 1 1 0 1 1 1 1 1 1 1 0 1 1 1 1 1 0 1 1 1 1 1 1 1 1 1 1 1 1 0 1 2 1 1 1 1 1 0 1 1 1 1 1 1 1 1 1 1 1 1 1 1 1 1 1 1 1 1 1 1 1 1 1 1 1 1 0 1 1 1 0 1 1 1 1 0 0 0 1 1 2 2 1 1 0 1 1 1 1 1 1 1 1 1 0 1 1 0 1 0 0 0 1 0 1 1 1 0 1 0 0 2 2 1 

 Inviabilidades: 3 
FO: 4866415.426792
Tempo total:21.054
######################## FIM ###################

 ######################## 100 ###################

Vetor de solucoes: 
0 0 0 0 2 0 0 0 0 0 0 0 0 0 0 0 0 0 0 0 2 2 0 0 0 0 0 0 0 0 0 0 0 0 0 0 0 0 0 2 2 0 0 2 0 0 0 0 0 0 0 0 0 0 0 0 0 0 0 2 1 2 2 2 2 2 1 2 2 2 2 2 2 2 1 2 2 2 2 2 1 2 2 2 2 2 2 2 2 2 2 2 2 1 2 0 2 2 2 2 2 1 2 2 2 2 2 2 2 2 2 2 2 2 2 2 2 2 2 2 2 2 2 2 2 2 2 2 2 2 1 2 2 2 1 2 2 2 2 1 1 1 2 2 0 0 2 2 1 2 2 2 2 2 2 2 2 2 1 2 2 1 2 1 1 1 2 1 2 2 2 1 2 1 1 0 0 2 

 Inviabilidades: 3 
FO: 4816345.183167
Tempo total:21.863
######################## FIM ###################

 ######################## 100 ###################

Vetor de solucoes: 
2 2 2 2 0 2 2 2 2 2 2 2 2 2 2 2 2 2 2 2 0 0 2 2 2 2 2 2 2 2 2 2 2 2 2 2 2 2 2 0 0 2 2 0 2 2 2 2 2 2 2 2 2 2 2 2 2 2 2 0 1 0 0 0 0 0 1 0 0 0 0 0 0 0 1 0 0 0 0 0 1 0 0 0 0 0 0 0 0 0 0 0 0 1 0 2 0 0 0 0 0 1 0 0 0 0 0 0 0 0 0 0 0 0 0 0 0 0 0 0 0 0 0 0 0 0 0 0 0 0 1 0 0 0 1 0 0 0 0 1 1 1 0 0 2 2 0 0 1 0 0 0 0 0 0 0 0 0 1 0 0 1 0 1 1 1 0 1 0 0 0 1 0 1 1 2 2 0 

 Inviabilidades: 3 
FO: 4816345.183167
Tempo total:17.861
######################## FIM ###################

 ######################## 100 ###################

Vetor de solucoes: 
0 0 0 0 1 0 0 0 0 0 0 0 0 0 0 0 0 0 0 0 1 1 0 0 0 0 0 0 0 0 0 0 0 0 0 0 0 0 0 1 1 0 0 1 0 0 0 0 0 0 0 0 0 0 0 0 0 0 0 1 2 1 1 1 1 1 2 1 1 1 1 1 1 1 2 1 1 1 1 1 2 1 1 1 1 1 1 1 1 1 1 1 1 2 1 0 1 1 1 1 1 2 1 1 1 1 1 1 1 1 1 1 1 1 1 1 1 1 1 1 1 1 1 1 1 1 1 1 1 1 2 1 1 1 2 1 1 1 1 2 2 2 1 1 0 0 1 1 2 1 1 1 1 1 1 1 1 1 2 1 1 2 1 2 2 2 1 2 1 1 1 2 1 2 2 0 0 1 

 Inviabilidades: 3 
FO: 4816345.183167
Tempo total:20.607
######################## FIM ###################

 ######################## 100 ###################

Vetor de solucoes: 
0 0 0 0 2 0 0 0 0 0 0 0 0 0 0 0 0 0 0 0 2 2 0 0 0 0 0 0 0 0 0 0 0 0 0 0 0 0 0 2 2 0 0 2 0 0 0 0 0 0 0 0 0 0 0 0 0 0 0 2 1 2 2 2 2 2 1 2 2 2 2 2 2 2 1 2 2 2 2 2 1 2 2 2 2 2 2 2 2 2 2 2 2 1 2 0 2 2 2 2 2 1 2 2 2 2 2 2 2 2 2 2 2 2 2 2 2 2 2 2 2 2 2 2 2 2 2 2 2 2 1 2 2 2 1 2 2 2 2 1 1 1 2 2 0 0 2 2 1 2 2 2 2 2 2 2 2 2 1 2 2 1 2 1 1 1 2 1 2 2 2 1 2 1 1 0 0 2 

 Inviabilidades: 3 
FO: 4816345.183167
Tempo total:22.548
######################## FIM ###################

 ######################## 100 ###################

Vetor de solucoes: 
2 2 2 2 0 2 2 2 2 2 2 2 2 2 2 2 2 2 2 2 0 0 2 2 2 2 2 2 2 2 2 2 2 2 2 2 2 2 2 0 0 2 2 0 2 2 2 2 2 2 2 2 2 2 2 2 2 2 2 0 1 0 0 0 0 0 1 0 0 0 0 0 0 0 1 0 0 0 0 0 1 0 0 0 0 0 0 0 0 0 0 0 0 1 0 2 0 0 0 0 0 1 0 0 0 0 0 0 0 0 0 0 0 0 0 0 0 0 0 0 0 0 0 0 0 0 0 0 0 0 1 0 0 0 1 0 0 0 0 1 1 1 0 0 2 2 0 0 1 0 0 0 0 0 0 0 0 0 1 0 0 1 0 1 1 1 0 1 0 0 0 1 0 1 1 2 2 0 

 Inviabilidades: 3 
FO: 4816345.183167
Tempo total:18.456
######################## FIM ###################

 ######################## 100 ###################

Vetor de solucoes: 
0 0 0 0 1 0 0 0 0 0 0 0 0 0 0 0 0 0 0 0 1 1 0 0 0 0 0 0 0 0 0 0 0 0 0 0 0 0 0 1 1 0 0 1 0 0 0 0 0 0 0 0 0 0 0 0 0 0 0 1 2 1 1 1 1 1 2 1 1 1 1 1 1 1 2 1 1 1 1 1 2 1 1 1 1 1 1 1 1 1 1 1 1 2 1 0 1 1 1 1 1 2 1 1 1 1 1 1 1 1 1 1 1 1 1 1 1 1 1 1 1 1 1 1 1 1 1 1 1 1 2 1 1 1 2 1 1 1 1 2 2 2 1 1 0 0 1 1 2 1 1 1 1 1 1 1 1 1 2 1 1 2 1 2 2 2 1 2 1 1 1 2 1 2 2 0 0 1 

 Inviabilidades: 3 
FO: 4816345.183167
Tempo total:16.981
######################## FIM ###################

 ######################## 100 ###################

Vetor de solucoes: 
1 1 1 1 2 1 1 1 1 1 1 1 1 1 1 1 1 1 1 1 2 2 1 1 1 1 1 1 1 1 1 1 1 1 1 1 1 1 1 2 2 1 1 2 1 1 1 1 1 1 1 1 1 1 1 1 1 1 1 2 0 2 2 2 2 2 0 2 2 2 2 2 2 2 0 2 2 2 2 2 0 2 2 2 2 2 2 2 2 2 2 2 2 0 2 1 2 2 2 2 2 0 2 2 2 2 2 2 2 2 2 2 2 2 2 2 2 2 2 2 2 2 2 2 2 2 2 2 2 2 0 2 2 2 0 2 2 2 2 0 0 0 2 2 1 1 2 2 0 2 2 2 2 2 2 2 2 2 0 2 2 0 2 0 0 0 2 0 2 2 2 0 2 0 0 1 1 2 

 Inviabilidades: 3 
FO: 4816345.183167
Tempo total:21.419
######################## FIM ###################

 ######################## 100 ###################

Vetor de solucoes: 
2 2 2 2 1 2 2 2 2 2 2 2 2 2 2 2 2 2 2 2 1 1 2 2 2 2 2 2 2 2 2 2 2 2 2 2 2 2 2 1 1 2 2 1 2 2 2 2 2 2 2 2 2 2 2 2 2 2 2 1 0 1 1 1 1 1 0 1 1 1 1 1 1 1 0 1 1 1 1 1 0 1 1 1 1 1 1 1 1 1 1 1 1 0 1 2 1 1 1 1 1 0 1 1 1 1 1 1 1 1 1 1 1 1 1 1 1 1 1 1 1 1 1 1 1 1 1 1 1 1 0 1 1 1 0 1 1 1 1 0 0 0 1 1 2 2 1 1 0 1 1 1 1 1 1 1 1 1 0 1 1 0 1 0 0 0 1 0 1 1 1 0 1 0 0 2 2 1 

 Inviabilidades: 3 
FO: 4816345.183167
Tempo total:22.798
######################## FIM ###################

 ######################## 100 ###################

Vetor de solucoes: 
2 2 2 2 1 2 2 2 2 2 2 2 2 2 2 2 2 2 2 2 1 1 2 2 2 2 2 2 2 2 2 2 2 2 2 2 2 2 2 1 1 2 2 1 2 2 2 2 2 2 2 2 2 2 2 2 2 2 2 1 0 1 1 1 1 1 0 1 1 1 1 1 1 1 0 1 1 1 1 1 0 1 1 1 1 1 1 1 1 1 1 1 1 0 1 2 1 1 1 1 1 0 1 1 1 1 1 1 1 1 1 1 1 1 1 1 1 1 1 1 1 1 1 1 1 1 1 1 1 1 0 1 1 1 0 1 1 1 1 0 0 0 1 1 2 2 1 1 0 1 1 1 1 1 1 1 1 1 0 1 1 0 1 0 0 0 1 0 1 1 1 0 1 0 0 2 2 1 

 Inviabilidades: 3 
FO: 4816345.183167
Tempo total:24.346
######################## FIM ###################

 ######################## 100 ###################

Vetor de solucoes: 
2 2 2 2 1 2 2 2 2 2 2 2 2 2 2 2 2 2 2 2 1 1 2 2 2 2 2 2 2 2 2 2 2 2 2 2 2 2 2 1 1 2 2 1 2 2 2 2 2 2 2 2 2 2 2 2 2 2 2 1 0 1 1 1 1 1 0 1 1 1 1 1 1 1 0 1 1 1 1 1 0 1 1 1 1 1 1 1 1 1 1 1 1 0 1 2 1 1 1 1 1 0 1 1 1 1 1 1 1 1 1 1 1 1 1 1 1 1 1 1 1 1 1 1 1 1 1 1 1 1 0 1 1 1 0 1 1 1 1 0 0 0 1 1 2 2 1 1 0 1 1 1 1 1 1 1 1 1 0 1 1 0 1 0 0 0 1 0 1 1 1 0 1 0 0 2 2 1 

 Inviabilidades: 3 
FO: 4816345.183167
Tempo total:26.325
######################## FIM ###################

 ######################## 100 ###################

Vetor de solucoes: 
1 1 1 1 0 1 1 1 1 1 1 1 1 1 1 1 1 1 1 1 0 0 1 1 1 1 1 1 1 1 1 1 1 1 1 1 1 1 1 0 0 1 1 0 1 1 1 1 1 1 1 1 1 1 1 1 1 1 1 0 2 0 0 0 0 0 2 0 0 0 0 0 0 0 2 0 0 0 0 0 2 0 0 0 0 0 0 0 0 0 0 0 0 2 0 1 0 0 0 0 0 2 0 0 0 0 0 0 0 0 0 0 0 0 0 0 0 0 0 0 0 0 0 0 0 0 0 0 0 0 2 0 0 0 2 0 0 0 0 2 2 2 0 0 1 1 0 0 2 0 0 0 0 0 0 0 0 0 2 0 0 2 0 2 2 2 0 2 0 0 0 2 0 2 2 1 1 0 

 Inviabilidades: 3 
FO: 4816345.183167
Tempo total:23.466
######################## FIM ###################

 ######################## 100 ###################

Vetor de solucoes: 
2 2 2 2 1 2 2 2 2 2 2 2 2 2 2 2 2 2 2 0 0 0 2 2 0 2 2 2 0 2 2 2 2 2 2 0 0 2 2 0 0 2 2 1 0 2 2 2 2 2 2 2 2 2 2 2 2 2 2 1 1 1 1 1 1 1 1 1 1 1 0 1 1 0 1 1 1 1 1 1 1 1 1 1 1 1 1 1 1 1 1 1 1 1 1 0 1 1 1 1 1 1 1 1 1 1 1 1 1 1 1 1 1 1 1 1 1 1 1 1 1 1 1 1 1 1 1 1 1 1 0 1 1 1 0 1 1 1 1 2 0 0 1 1 0 0 1 1 0 1 1 1 1 1 1 1 1 0 0 0 1 0 1 0 0 0 1 0 1 1 1 0 1 1 0 2 0 1 

 Inviabilidades: 4 
FO: 4098506.288323
Tempo total:21.644
######################## FIM ###################

 ######################## 100 ###################

Vetor de solucoes: 
1 1 1 1 2 1 1 1 1 1 1 1 1 1 1 1 1 1 1 1 2 2 1 1 1 1 1 1 1 1 1 1 1 1 1 1 1 1 1 2 2 1 1 2 1 1 1 1 1 1 1 1 1 1 1 1 1 1 1 2 0 2 2 2 2 2 0 2 2 2 2 2 2 2 0 2 2 2 2 2 0 2 2 2 2 2 2 2 2 2 2 2 2 0 2 1 2 2 2 2 2 0 2 2 2 2 2 2 2 2 2 2 2 2 2 2 2 2 2 2 2 2 2 2 2 2 2 2 2 2 0 2 2 2 0 2 2 2 2 0 0 0 2 2 1 1 2 2 0 2 2 2 2 2 2 2 2 2 0 2 2 0 2 0 0 0 2 0 2 2 2 0 2 0 0 1 1 2 

 Inviabilidades: 3 
FO: 4816345.183167
Tempo total:22.659
######################## FIM ###################

 ######################## 100 ###################

Vetor de solucoes: 
2 2 2 2 0 2 2 2 2 2 2 2 2 2 2 2 2 2 2 2 0 0 2 2 2 2 2 2 2 2 2 2 2 2 2 2 2 2 2 0 0 2 2 0 2 2 2 2 2 2 2 2 2 2 2 2 2 2 2 0 1 0 0 0 0 0 1 0 0 0 0 0 0 0 1 0 0 0 0 0 1 0 0 0 0 0 0 0 0 0 0 0 0 1 0 2 0 0 0 0 0 1 0 0 0 0 0 0 0 0 0 0 0 0 0 0 0 0 0 0 0 0 0 0 0 0 0 0 0 0 1 0 0 0 1 0 0 0 0 1 1 1 0 0 2 2 0 0 1 0 0 0 0 0 0 0 0 0 1 0 0 1 0 1 1 1 0 1 0 0 0 1 0 1 1 2 2 0 

 Inviabilidades: 3 
FO: 4816345.183167
Tempo total:20.938
######################## FIM ###################

 ######################## 100 ###################

Vetor de solucoes: 
2 2 2 2 1 2 2 2 2 2 2 2 2 2 2 2 2 2 2 2 1 1 2 2 2 2 2 2 2 2 2 2 2 2 2 2 2 2 2 1 1 2 2 1 2 2 2 2 2 2 2 2 2 2 2 2 2 2 2 1 0 1 1 1 1 1 0 1 1 1 1 1 1 1 0 1 1 1 1 1 0 1 1 1 1 1 1 1 1 1 1 1 1 0 1 2 1 1 1 1 1 0 1 1 1 1 1 1 1 1 1 1 1 1 1 1 1 1 1 1 1 1 1 1 1 1 1 1 1 1 0 1 1 1 0 1 1 1 1 0 0 0 1 1 2 2 1 1 0 1 1 1 1 1 1 1 1 1 0 1 1 0 1 0 0 0 1 0 1 1 1 0 1 0 0 2 2 1 

 Inviabilidades: 3 
FO: 4816345.183167
Tempo total:25.031
######################## FIM ###################

 ######################## 100 ###################

Vetor de solucoes: 
2 2 2 2 1 2 2 2 2 2 2 2 2 2 2 2 2 2 2 2 1 1 2 2 2 2 2 2 2 2 2 2 2 2 2 2 2 2 2 1 1 2 2 1 2 2 2 2 2 2 2 2 2 2 2 2 2 2 2 1 0 1 1 1 1 1 0 1 1 1 1 1 1 1 0 1 1 1 1 1 0 1 1 1 1 1 1 1 1 1 1 1 1 0 1 2 1 1 1 1 1 0 1 1 1 1 1 1 1 1 1 1 1 1 1 1 1 1 1 1 1 1 1 1 1 1 1 1 1 1 0 1 1 1 0 1 1 1 1 0 0 0 1 1 2 2 1 1 0 1 1 1 1 1 1 1 1 1 0 1 1 0 1 0 0 0 1 0 1 1 1 0 1 0 0 2 2 1 

 Inviabilidades: 3 
FO: 4816345.183167
Tempo total:23.027
######################## FIM ###################

 ######################## 100 ###################

Vetor de solucoes: 
2 2 2 2 0 2 2 2 2 2 2 2 2 2 2 2 2 2 2 2 0 0 2 2 2 2 2 2 2 2 2 2 2 2 2 2 2 2 2 0 0 2 2 0 2 2 2 2 2 2 2 2 2 2 2 2 2 2 2 0 1 0 0 0 0 0 1 0 0 0 0 0 0 0 1 0 0 0 0 0 1 0 0 0 0 0 0 0 0 0 0 0 0 1 0 2 0 0 0 0 0 1 0 0 0 0 0 0 0 0 0 0 0 0 0 0 0 0 0 0 0 0 0 0 0 0 0 0 0 0 1 0 0 0 1 0 0 0 0 1 1 1 0 0 2 2 0 0 1 0 0 0 0 0 0 0 0 0 1 0 0 1 0 1 1 1 0 1 0 0 0 1 0 1 1 2 2 0 

 Inviabilidades: 3 
FO: 4816345.183167
Tempo total:21.308
######################## FIM ###################

 ######################## 100 ###################

Vetor de solucoes: 
2 2 2 2 1 2 2 2 2 2 2 2 2 2 2 2 2 2 2 2 1 1 2 2 2 2 2 2 2 2 2 2 2 2 2 2 2 2 2 1 1 2 2 1 2 2 2 2 2 2 2 2 2 2 2 2 2 2 2 1 0 1 1 1 1 1 0 1 1 1 1 1 1 1 0 1 1 1 1 1 0 1 1 1 1 1 1 1 1 1 1 1 1 0 1 2 1 1 1 1 1 0 1 1 1 1 1 1 1 1 1 1 1 1 1 1 1 1 1 1 1 1 1 1 1 1 1 1 1 1 0 1 1 1 0 1 1 1 1 0 0 0 1 1 2 2 1 1 0 1 1 1 1 1 1 1 1 1 0 1 1 0 1 0 0 0 1 0 1 1 1 0 1 0 0 2 2 1 

 Inviabilidades: 3 
FO: 4816345.183167
Tempo total:22.557
######################## FIM ###################

 ######################## 100 ###################

Vetor de solucoes: 
2 2 2 2 1 2 2 2 2 2 2 2 2 2 2 2 2 2 2 0 0 0 2 2 0 2 2 2 0 2 2 2 2 2 2 0 0 2 2 0 0 2 2 1 0 2 2 2 2 2 2 2 2 2 2 2 2 2 2 1 1 1 1 1 1 1 1 1 1 1 0 1 1 0 1 1 1 1 1 1 1 1 1 1 1 1 1 1 1 1 1 1 1 1 1 0 1 1 1 1 1 1 1 1 1 1 1 1 1 1 1 1 1 1 1 1 1 1 1 1 1 1 1 1 1 1 1 1 1 1 0 1 1 1 0 1 1 1 1 2 0 0 1 1 0 0 1 1 0 1 1 1 1 1 1 1 1 0 0 0 1 0 1 0 0 0 1 0 1 1 1 0 1 1 0 2 0 1 

 Inviabilidades: 4 
FO: 4098506.288323
Tempo total:22.285
######################## FIM ###################

 ######################## 100 ###################

Vetor de solucoes: 
1 1 1 1 2 1 1 1 1 1 1 1 1 1 1 1 1 1 1 1 2 2 1 1 1 1 1 1 1 1 1 1 1 1 1 1 1 1 1 2 2 1 1 2 1 1 1 1 1 1 1 1 1 1 1 1 1 1 1 2 0 2 2 2 2 2 0 2 2 2 2 2 2 2 0 2 2 2 2 2 0 2 2 2 2 2 2 2 2 2 2 2 2 0 2 1 2 2 2 2 2 0 2 2 2 2 2 2 2 2 2 2 2 2 2 2 2 2 2 2 2 2 2 2 2 2 2 2 2 2 0 2 2 2 0 2 2 2 2 0 0 0 2 2 1 1 2 2 0 2 2 2 2 2 2 2 2 2 0 2 2 0 2 0 0 0 2 0 2 2 2 0 2 0 0 1 1 2 

 Inviabilidades: 3 
FO: 4816345.183167
Tempo total:23.253
######################## FIM ###################

 ######################## 100 ###################

Vetor de solucoes: 
1 1 1 1 0 1 1 1 1 1 1 1 1 1 1 1 1 1 1 1 0 0 1 1 1 1 1 1 1 1 1 1 1 1 1 1 1 1 1 0 0 1 1 0 1 1 1 1 1 1 1 1 1 1 1 1 1 1 1 0 2 0 0 0 0 0 2 0 0 0 0 0 0 0 2 0 0 0 0 0 2 0 0 0 0 0 0 0 0 0 0 0 0 2 0 1 0 0 0 0 0 2 0 0 0 0 0 0 0 0 0 0 0 0 0 0 0 0 0 0 0 0 0 0 0 0 0 0 0 0 2 0 0 0 2 0 0 0 0 2 2 2 0 0 1 1 0 0 2 0 0 0 0 0 0 0 0 0 2 0 0 2 0 2 2 2 0 2 0 0 0 2 0 2 2 1 1 0 

 Inviabilidades: 3 
FO: 4816345.183167
Tempo total:21.421
######################## FIM ###################

 ######################## 100 ###################

Vetor de solucoes: 
2 2 2 2 1 2 2 2 2 2 2 2 2 2 2 2 2 2 2 2 1 1 2 2 2 2 2 2 2 2 2 2 2 2 2 2 2 2 2 1 1 2 2 1 2 2 2 2 2 2 2 2 2 2 2 2 2 2 2 1 0 1 1 1 1 1 0 1 1 1 1 1 1 1 0 1 1 1 1 1 0 1 1 1 1 1 1 1 1 1 1 1 1 0 1 2 1 1 1 1 1 0 1 1 1 1 1 1 1 1 1 1 1 1 1 1 1 1 1 1 1 1 1 1 1 1 1 1 1 1 0 1 1 1 0 1 1 1 1 0 0 0 1 1 2 2 1 1 0 1 1 1 1 1 1 1 1 1 0 1 1 0 1 0 0 0 1 0 1 1 1 0 1 0 0 2 2 1 

 Inviabilidades: 3 
FO: 4816345.183167
Tempo total:25.491
######################## FIM ###################

 ######################## 100 ###################

Vetor de solucoes: 
2 2 2 2 0 2 2 2 2 2 2 2 2 2 2 2 2 2 2 2 0 0 2 2 2 2 2 2 2 2 2 2 2 2 2 2 2 2 2 0 0 2 2 0 2 2 2 2 2 2 2 2 2 2 2 2 2 2 2 0 1 0 0 0 0 0 1 0 0 0 0 0 0 0 1 0 0 0 0 0 1 0 0 0 0 0 0 0 0 0 0 0 0 1 0 2 0 0 0 0 0 1 0 0 0 0 0 0 0 0 0 0 0 0 0 0 0 0 0 0 0 0 0 0 0 0 0 0 0 0 1 0 0 0 1 0 0 0 0 1 1 1 0 0 2 2 0 0 1 0 0 0 0 0 0 0 0 0 1 0 0 1 0 1 1 1 0 1 0 0 0 1 0 1 1 2 2 0 

 Inviabilidades: 3 
FO: 4816345.183167
Tempo total:17.969
######################## FIM ###################

 ######################## 100 ###################

Vetor de solucoes: 
0 0 0 0 1 0 0 0 0 0 0 0 0 0 0 0 0 0 0 0 1 1 0 0 0 0 0 0 0 0 0 0 0 0 0 0 0 0 0 1 1 0 0 1 0 0 0 0 0 0 0 0 0 0 0 0 0 0 0 1 2 1 1 1 1 1 2 1 1 1 1 1 1 1 2 1 1 1 1 1 2 1 1 1 1 1 1 1 1 1 1 1 1 2 1 0 1 1 1 1 1 2 1 1 1 1 1 1 1 1 1 1 1 1 1 1 1 1 1 1 1 1 1 1 1 1 1 1 1 1 2 1 1 1 2 1 1 1 1 2 2 2 1 1 0 0 1 1 2 1 1 1 1 1 1 1 1 1 2 1 1 2 1 2 2 2 1 2 1 1 1 2 1 2 2 0 0 1 

 Inviabilidades: 3 
FO: 4816345.183167
Tempo total:21.099
######################## FIM ###################

 ######################## 100 ###################

Vetor de solucoes: 
2 2 2 2 1 2 2 2 2 2 2 2 2 2 2 2 2 2 2 2 1 1 2 2 2 2 2 2 2 2 2 2 2 2 2 2 2 2 2 1 1 2 2 1 2 2 2 2 2 2 2 2 2 2 2 2 2 2 2 1 0 1 1 1 1 1 0 1 1 1 1 1 1 1 0 1 1 1 1 1 0 1 1 1 1 1 1 1 1 1 1 1 1 0 1 2 1 1 1 1 1 0 1 1 1 1 1 1 1 1 1 1 1 1 1 1 1 1 1 1 1 1 1 1 1 1 1 1 1 1 0 1 1 1 0 1 1 1 1 0 0 0 1 1 2 2 1 1 0 1 1 1 1 1 1 1 1 1 0 1 1 0 1 0 0 0 1 0 1 1 1 0 1 0 0 2 2 1 

 Inviabilidades: 3 
FO: 4816345.183167
Tempo total:26.326
######################## FIM ###################

 ######################## 100 ###################

Vetor de solucoes: 
0 0 0 0 1 0 0 0 0 0 0 0 0 0 0 0 0 0 0 0 1 1 0 0 0 0 0 0 0 0 0 0 0 0 0 0 0 0 0 1 1 0 0 1 0 0 0 0 0 0 0 0 0 0 0 0 0 0 0 1 2 1 1 1 1 1 2 1 1 1 1 1 1 1 2 1 1 1 1 1 2 1 1 1 1 1 1 1 1 1 1 1 1 2 1 0 1 1 1 1 1 2 1 1 1 1 1 1 1 1 1 1 1 1 1 1 1 1 1 1 1 1 1 1 1 1 1 1 1 1 2 1 1 1 2 1 1 1 1 2 2 2 1 1 0 0 1 1 2 1 1 1 1 1 1 1 1 1 2 1 1 2 1 2 2 2 1 2 1 1 1 2 1 2 2 0 0 1 

 Inviabilidades: 3 
FO: 4816345.183167
Tempo total:21.705
######################## FIM ###################

 ######################## 100 ###################

Vetor de solucoes: 
0 0 0 0 1 0 0 0 0 0 0 0 0 0 0 0 0 0 0 0 1 1 0 0 0 0 0 0 0 0 0 0 0 0 0 0 0 0 0 1 1 0 0 1 0 0 0 0 0 0 0 0 0 0 0 0 0 0 0 1 2 1 1 1 1 1 2 1 1 1 1 1 1 1 2 1 1 1 1 1 2 1 1 1 1 1 1 1 1 1 1 1 1 2 1 0 1 1 1 1 1 2 1 1 1 1 1 1 1 1 1 1 1 1 1 1 1 1 1 1 1 1 1 1 1 1 1 1 1 1 2 1 1 1 2 1 1 1 1 2 2 2 1 1 0 0 1 1 2 1 1 1 1 1 1 1 1 1 2 1 1 2 1 2 2 2 1 2 1 1 1 2 1 2 2 0 0 1 

 Inviabilidades: 3 
FO: 4816345.183167
Tempo total:21.722
######################## FIM ###################

 ######################## 100 ###################

Vetor de solucoes: 
1 1 1 1 2 1 1 1 1 1 1 1 1 1 1 1 1 1 1 1 2 2 1 1 1 1 1 1 1 1 1 1 1 1 1 1 1 1 1 2 2 1 1 2 1 1 1 1 1 1 1 1 1 1 1 1 1 1 1 2 0 2 2 2 2 2 0 2 2 2 2 2 2 2 0 2 2 2 2 2 0 2 2 2 2 2 2 2 2 2 2 2 2 0 2 1 2 2 2 2 2 0 2 2 2 2 2 2 2 2 2 2 2 2 2 2 2 2 2 2 2 2 2 2 2 2 2 2 2 2 0 2 2 2 0 2 2 2 2 0 0 0 2 2 1 1 2 2 0 2 2 2 2 2 2 2 2 2 0 2 2 0 2 0 0 0 2 0 2 2 2 0 2 0 0 1 1 2 

 Inviabilidades: 3 
FO: 4816345.183167
Tempo total:23.945
######################## FIM ###################

 ######################## 100 ###################

Vetor de solucoes: 
2 2 2 2 0 2 2 2 2 2 2 2 2 2 2 2 2 2 2 2 0 0 2 2 2 2 2 2 2 2 2 2 2 2 2 2 2 2 2 0 0 2 2 0 2 2 2 2 2 2 2 2 2 2 2 2 2 2 2 0 1 0 0 0 0 0 1 0 0 0 0 0 0 0 1 0 0 0 0 0 1 0 0 0 0 0 0 0 0 0 0 0 0 1 0 2 0 0 0 0 0 1 0 0 0 0 0 0 0 0 0 0 0 0 0 0 0 0 0 0 0 0 0 0 0 0 0 0 0 0 1 0 0 0 1 0 0 0 0 1 1 1 0 0 2 2 0 0 1 0 0 0 0 0 0 0 0 0 1 0 0 1 0 1 1 1 0 1 0 0 0 1 0 1 1 2 2 0 

 Inviabilidades: 3 
FO: 4816345.183167
Tempo total:19.475
######################## FIM ###################

 ######################## 100 ###################

Vetor de solucoes: 
1 1 1 1 2 1 1 1 1 1 1 1 1 1 1 1 1 1 1 1 2 2 1 1 1 1 1 1 1 1 1 1 1 1 1 1 1 1 1 2 2 1 1 2 1 1 1 1 1 1 1 1 1 1 1 1 1 1 1 2 0 2 2 2 2 2 0 2 2 2 2 2 2 2 0 2 2 2 2 2 0 2 2 2 2 2 2 2 2 2 2 2 2 0 2 1 2 2 2 2 2 0 2 2 2 2 2 2 2 2 2 2 2 2 2 2 2 2 2 2 2 2 2 2 2 2 2 2 2 2 0 2 2 2 0 2 2 2 2 0 0 0 2 2 1 1 2 2 0 2 2 2 2 2 2 2 2 2 0 2 2 0 2 0 0 0 2 0 2 2 2 0 2 0 0 1 1 2 

 Inviabilidades: 3 
FO: 4816345.183167
Tempo total:20.157
######################## FIM ###################

 ######################## 100 ###################

Vetor de solucoes: 
1 1 1 1 2 1 1 1 1 1 1 1 1 1 1 1 1 1 1 1 2 2 1 1 1 1 1 1 1 1 1 1 1 1 1 1 1 1 1 2 2 1 1 2 1 1 1 1 1 1 1 1 1 1 1 1 1 1 1 2 0 2 2 2 2 2 0 2 2 2 2 2 2 2 0 2 2 2 2 2 0 2 2 2 2 2 2 2 2 2 2 2 2 0 2 1 2 2 2 2 2 0 2 2 2 2 2 2 2 2 2 2 2 2 2 2 2 2 2 2 2 2 2 2 2 2 2 2 2 2 0 2 2 2 0 2 2 2 2 0 0 0 2 2 1 1 2 2 0 2 2 2 2 2 2 2 2 2 0 2 2 0 2 0 0 0 2 0 2 2 2 0 2 0 0 1 1 2 

 Inviabilidades: 3 
FO: 4816345.183167
Tempo total:20.648
######################## FIM ###################

 ######################## 100 ###################

Vetor de solucoes: 
0 0 0 0 2 0 0 0 0 0 0 0 0 0 0 0 0 0 0 0 2 2 0 0 0 0 0 0 0 0 0 0 0 0 0 0 0 0 0 2 2 0 0 2 0 0 0 0 0 0 0 0 0 0 0 0 0 0 0 2 1 2 2 2 2 2 1 2 2 2 2 2 2 2 1 2 2 2 2 2 1 2 2 2 2 2 2 2 2 2 2 2 2 1 2 0 2 2 2 2 2 1 2 2 2 2 2 2 2 2 2 2 2 2 2 2 2 2 2 2 2 2 2 2 2 2 2 2 2 2 1 2 2 2 1 2 2 2 2 1 1 1 2 2 0 0 2 2 1 2 2 2 2 2 2 2 2 2 1 2 2 1 2 1 1 1 2 1 2 2 2 1 2 1 1 0 0 2 

 Inviabilidades: 3 
FO: 4816345.183167
Tempo total:19.887
######################## FIM ###################

 ######################## 100 ###################

Vetor de solucoes: 
2 2 2 2 0 2 2 2 2 2 2 2 2 2 2 2 2 2 2 1 1 1 2 2 1 2 2 2 1 2 2 2 2 2 2 1 1 2 2 1 1 2 2 0 1 2 2 2 2 2 2 2 2 2 2 2 2 2 2 0 0 0 0 0 0 0 0 0 0 0 1 0 0 1 0 0 0 0 0 0 0 0 0 0 0 0 0 0 0 0 0 0 0 0 0 1 0 0 0 0 0 0 0 0 0 0 0 0 0 0 0 0 0 0 0 0 0 0 0 0 0 0 0 0 0 0 0 0 0 0 1 0 0 0 1 0 0 0 0 2 1 1 0 0 1 1 0 0 1 0 0 0 0 0 0 0 0 1 1 1 0 1 0 1 1 1 0 1 0 0 0 1 0 0 1 2 1 0 

 Inviabilidades: 4 
FO: 4098506.288323
Tempo total:18.376
######################## FIM ###################

 ######################## 100 ###################

Vetor de solucoes: 
1 1 1 1 0 1 1 1 1 1 1 1 1 1 1 1 1 1 1 1 0 0 1 1 1 1 1 1 1 1 1 1 1 1 1 1 1 1 1 0 0 1 1 0 1 1 1 1 1 1 1 1 1 1 1 1 1 1 1 0 2 0 0 0 0 0 2 0 0 0 0 0 0 0 2 0 0 0 0 0 2 0 0 0 0 0 0 0 0 0 0 0 0 2 0 1 0 0 0 0 0 2 0 0 0 0 0 0 0 0 0 0 0 0 0 0 0 0 0 0 0 0 0 0 0 0 0 0 0 0 2 0 0 0 2 0 0 0 0 2 2 2 0 0 1 1 0 0 2 0 0 0 0 0 0 0 0 0 2 0 0 2 0 2 2 2 0 2 0 0 0 2 0 2 2 1 1 0 

 Inviabilidades: 3 
FO: 4816345.183167
Tempo total:16.942
######################## FIM ###################

 ######################## 100 ###################

Vetor de solucoes: 
0 0 0 0 2 0 0 0 0 0 0 0 0 0 0 0 0 0 0 0 2 2 0 0 0 0 0 0 0 0 0 0 0 0 0 0 0 0 0 2 2 0 0 2 0 0 0 0 0 0 0 0 0 0 0 0 0 0 0 2 1 2 2 2 2 2 1 2 2 2 2 2 2 2 1 2 2 2 2 2 1 2 2 2 2 2 2 2 2 2 2 2 2 1 2 0 2 2 2 2 2 1 2 2 2 2 2 2 2 2 2 2 2 2 2 2 2 2 2 2 2 2 2 2 2 2 2 2 2 2 1 2 2 2 1 2 2 2 2 1 1 1 2 2 0 0 2 2 1 2 2 2 2 2 2 2 2 2 1 2 2 1 2 1 1 1 2 1 2 2 2 1 2 1 1 0 0 2 

 Inviabilidades: 3 
FO: 4816345.183167
Tempo total:20.432
######################## FIM ###################
