
 ######################## 300 ###################

Vetor de solucoes: 
0 0 0 1 0 1 0 2 1 0 0 1 1 0 0 0 0 2 2 1 1 2 1 1 0 0 1 0 1 1 1 0 0 0 0 0 0 2 0 0 0 1 0 0 2 1 2 0 0 2 0 0 0 1 0 0 0 1 0 0 0 1 0 0 0 0 0 2 0 0 0 0 0 2 0 0 1 1 1 1 1 1 1 2 1 1 1 1 1 1 1 0 1 1 1 1 0 0 

 Inviabilidades: 0 
FO: 118937.181894
Tempo total:6.735
######################## FIM ###################

 ######################## 300 ###################

Vetor de solucoes: 
0 0 0 1 0 1 0 2 1 0 0 1 1 0 0 0 0 2 2 1 1 2 1 1 0 0 1 0 1 1 1 0 0 0 0 0 0 2 0 0 0 1 0 0 2 1 2 0 0 2 0 0 0 1 0 0 0 1 0 0 0 1 0 0 0 0 0 2 0 0 0 0 0 2 0 0 1 1 1 1 1 1 1 2 1 1 1 1 1 1 1 0 1 1 1 1 0 0 

 Inviabilidades: 0 
FO: 118937.181894
Tempo total:6.780
######################## FIM ###################

 ######################## 300 ###################

Vetor de solucoes: 
2 2 2 0 2 0 2 1 0 2 2 0 0 2 2 2 2 1 1 0 0 1 0 0 2 2 0 2 0 0 0 2 2 2 2 2 2 1 2 2 2 0 2 2 1 0 1 2 2 1 2 2 2 0 2 2 2 0 2 2 2 0 2 2 2 2 2 1 2 2 2 2 2 1 2 2 0 0 0 0 0 0 0 1 0 0 0 0 0 0 0 2 0 0 0 0 2 2 

 Inviabilidades: 0 
FO: 118937.181894
Tempo total:6.935
######################## FIM ###################

 ######################## 300 ###################

Vetor de solucoes: 
2 2 2 1 2 1 2 0 1 2 2 1 1 2 2 2 2 0 0 1 1 0 1 1 2 2 1 2 1 1 1 2 2 2 2 2 2 0 2 2 2 1 2 2 0 1 0 2 2 0 2 2 2 1 2 2 2 1 2 2 2 1 2 2 2 2 2 0 2 2 2 2 2 0 2 2 1 1 1 1 1 1 1 0 1 1 1 1 1 1 1 2 1 1 1 1 2 2 

 Inviabilidades: 0 
FO: 118937.181894
Tempo total:7.014
######################## FIM ###################

 ######################## 300 ###################

Vetor de solucoes: 
1 1 1 0 1 0 1 2 0 1 1 0 0 1 1 1 1 2 2 0 0 2 0 0 1 1 0 1 0 0 0 1 1 1 1 1 1 2 1 1 1 0 1 1 2 0 2 1 1 2 1 1 1 0 1 1 1 0 1 1 1 0 1 1 1 1 1 2 1 1 1 1 1 2 1 1 0 0 0 0 0 0 0 2 0 0 0 0 0 0 0 1 0 0 0 0 1 1 

 Inviabilidades: 0 
FO: 118937.181894
Tempo total:7.143
######################## FIM ###################

 ######################## 300 ###################

Vetor de solucoes: 
2 2 2 0 2 0 2 1 0 2 2 0 0 2 2 2 2 1 1 0 0 1 0 0 2 2 0 2 0 0 0 2 2 2 2 2 2 1 2 2 2 0 2 2 1 0 1 2 2 1 2 2 2 0 2 2 2 0 2 2 2 0 2 2 2 2 2 1 2 2 2 2 2 1 2 2 0 0 0 0 0 0 0 1 0 0 0 0 0 0 0 2 0 0 0 0 2 2 

 Inviabilidades: 0 
FO: 118937.181894
Tempo total:6.902
######################## FIM ###################

 ######################## 300 ###################

Vetor de solucoes: 
1 1 1 2 1 2 1 0 2 1 1 2 2 1 1 1 1 0 0 2 2 0 2 2 1 1 2 1 2 2 2 1 1 1 1 1 1 0 1 1 1 2 1 1 0 2 0 1 1 0 1 1 1 2 1 1 1 2 1 1 1 2 1 1 1 1 1 0 1 1 1 1 1 0 1 1 2 2 2 2 2 2 2 0 2 2 2 2 2 2 2 1 2 2 2 2 1 1 

 Inviabilidades: 0 
FO: 118937.181894
Tempo total:6.915
######################## FIM ###################

 ######################## 300 ###################

Vetor de solucoes: 
0 0 0 2 0 2 0 1 2 0 0 2 2 0 0 0 0 1 1 2 2 1 2 2 0 0 2 0 2 2 2 0 0 0 0 0 0 1 0 0 0 2 0 0 1 2 1 0 0 1 0 0 0 2 0 0 0 2 0 0 0 2 0 0 0 0 0 1 0 0 0 0 0 1 0 0 2 2 2 2 2 2 2 1 2 2 2 2 2 2 2 0 2 2 2 2 0 0 

 Inviabilidades: 0 
FO: 118937.181894
Tempo total:6.674
######################## FIM ###################

 ######################## 300 ###################

Vetor de solucoes: 
2 2 2 1 2 1 2 0 1 2 2 1 1 2 2 2 2 0 0 1 1 0 1 1 2 2 1 2 1 1 1 2 2 2 2 2 2 0 2 2 2 1 2 2 0 1 0 2 2 0 2 2 2 1 2 2 2 1 2 2 2 1 2 2 2 2 2 0 2 2 2 2 2 0 2 2 1 1 1 1 1 1 1 0 1 1 1 1 1 1 1 2 1 1 1 1 2 2 

 Inviabilidades: 0 
FO: 118937.181894
Tempo total:6.513
######################## FIM ###################

 ######################## 300 ###################

Vetor de solucoes: 
2 2 2 0 2 0 2 1 0 2 2 0 0 2 2 2 2 1 1 0 0 1 0 0 2 2 0 2 0 0 0 2 2 2 2 2 2 1 2 2 2 0 2 2 1 0 1 2 2 1 2 2 2 0 2 2 2 0 2 2 2 0 2 2 2 2 2 1 2 2 2 2 2 1 2 2 0 0 0 0 0 0 0 1 0 0 0 0 0 0 0 2 0 0 0 0 2 2 

 Inviabilidades: 0 
FO: 118937.181894
Tempo total:6.740
######################## FIM ###################

 ######################## 300 ###################

Vetor de solucoes: 
0 0 0 1 0 1 0 2 1 0 0 1 1 0 0 0 0 2 2 1 1 2 1 1 0 0 1 0 1 1 1 0 0 0 0 0 0 2 0 0 0 1 0 0 2 1 2 0 0 2 0 0 0 1 0 0 0 1 0 0 0 1 0 0 0 0 0 2 0 0 0 0 0 2 0 0 1 1 1 1 1 1 1 2 1 1 1 1 1 1 1 0 1 1 1 1 0 0 

 Inviabilidades: 0 
FO: 118937.181894
Tempo total:7.554
######################## FIM ###################

 ######################## 300 ###################

Vetor de solucoes: 
0 0 0 2 0 2 0 1 2 0 0 2 2 0 0 0 0 1 1 2 2 1 2 2 0 0 2 0 2 2 2 0 0 0 0 0 0 1 0 0 0 2 0 0 1 2 1 0 0 1 0 0 0 2 0 0 0 2 0 0 0 2 0 0 0 0 0 1 0 0 0 0 0 1 0 0 2 2 2 2 2 2 2 1 2 2 2 2 2 2 2 0 2 2 2 2 0 0 

 Inviabilidades: 0 
FO: 118937.181894
Tempo total:7.653
######################## FIM ###################

 ######################## 300 ###################

Vetor de solucoes: 
1 1 1 2 1 2 1 0 2 1 1 2 2 1 1 1 1 0 0 2 2 0 2 2 1 1 2 1 2 2 2 1 1 1 1 1 1 0 1 1 1 2 1 1 0 2 0 1 1 0 1 1 1 2 1 1 1 2 1 1 1 2 1 1 1 1 1 0 1 1 1 1 1 0 1 1 2 2 2 2 2 2 2 0 2 2 2 2 2 2 2 1 2 2 2 2 1 1 

 Inviabilidades: 0 
FO: 118937.181894
Tempo total:7.011
######################## FIM ###################

 ######################## 300 ###################

Vetor de solucoes: 
0 0 0 1 0 1 0 2 1 0 0 1 1 0 0 0 0 2 2 1 1 2 1 1 0 0 1 0 1 1 1 0 0 0 0 0 0 2 0 0 0 1 0 0 2 1 2 0 0 2 0 0 0 1 0 0 0 1 0 0 0 1 0 0 0 0 0 2 0 0 0 0 0 2 0 0 1 1 1 1 1 1 1 2 1 1 1 1 1 1 1 0 1 1 1 1 0 0 

 Inviabilidades: 0 
FO: 118937.181894
Tempo total:6.597
######################## FIM ###################

 ######################## 300 ###################

Vetor de solucoes: 
0 0 0 1 0 1 0 2 1 0 0 1 1 0 0 0 0 2 2 1 1 2 1 1 0 0 1 0 1 1 1 0 0 0 0 0 0 2 0 0 0 1 0 0 2 1 2 0 0 2 0 0 0 1 0 0 0 1 0 0 0 1 0 0 0 0 0 2 0 0 0 0 0 2 0 0 1 1 1 1 1 1 1 2 1 1 1 1 1 1 1 0 1 1 1 1 0 0 

 Inviabilidades: 0 
FO: 118937.181894
Tempo total:6.937
######################## FIM ###################

 ######################## 300 ###################

Vetor de solucoes: 
2 2 2 1 2 1 2 0 1 2 2 1 1 2 2 2 2 0 0 1 1 0 1 1 2 2 1 2 1 1 1 2 2 2 2 2 2 0 2 2 2 1 2 2 0 1 0 2 2 0 2 2 2 1 2 2 2 1 2 2 2 1 2 2 2 2 2 0 2 2 2 2 2 0 2 2 1 1 1 1 1 1 1 0 1 1 1 1 1 1 1 2 1 1 1 1 2 2 

 Inviabilidades: 0 
FO: 118937.181894
Tempo total:6.946
######################## FIM ###################

 ######################## 300 ###################

Vetor de solucoes: 
2 2 2 1 2 1 2 0 1 2 2 1 1 2 2 2 2 0 0 1 1 0 1 1 2 2 1 2 1 1 1 2 2 2 2 2 2 0 2 2 2 1 2 2 0 1 0 2 2 0 2 2 2 1 2 2 2 1 2 2 2 1 2 2 2 2 2 0 2 2 2 2 2 0 2 2 1 1 1 1 1 1 1 0 1 1 1 1 1 1 1 2 1 1 1 1 2 2 

 Inviabilidades: 0 
FO: 118937.181894
Tempo total:7.149
######################## FIM ###################

 ######################## 300 ###################

Vetor de solucoes: 
0 0 0 1 0 1 0 2 1 0 0 1 1 0 0 0 0 2 2 1 1 2 1 1 0 0 1 0 1 1 1 0 0 0 0 0 0 2 0 0 0 1 0 0 2 1 2 0 0 2 0 0 0 1 0 0 0 1 0 0 0 1 0 0 0 0 0 2 0 0 0 0 0 2 0 0 1 1 1 1 1 1 1 2 1 1 1 1 1 1 1 0 1 1 1 1 0 0 

 Inviabilidades: 0 
FO: 118937.181894
Tempo total:7.050
######################## FIM ###################

 ######################## 300 ###################

Vetor de solucoes: 
2 2 2 0 2 0 2 1 0 2 2 0 0 2 2 2 2 1 1 0 0 1 0 0 2 2 0 2 0 0 0 2 2 2 2 2 2 1 2 2 2 0 2 2 1 0 1 2 2 1 2 2 2 0 2 2 2 0 2 2 2 0 2 2 2 2 2 1 2 2 2 2 2 1 2 2 0 0 0 0 0 0 0 1 0 0 0 0 0 0 0 2 0 0 0 0 2 2 

 Inviabilidades: 0 
FO: 118937.181894
Tempo total:6.045
######################## FIM ###################

 ######################## 300 ###################

Vetor de solucoes: 
0 0 0 1 0 1 0 2 1 0 0 1 1 0 0 0 0 2 2 1 1 2 1 1 0 0 1 0 1 1 1 0 0 0 0 0 0 2 0 0 0 1 0 0 2 1 2 0 0 2 0 0 0 1 0 0 0 1 0 0 0 1 0 0 0 0 0 2 0 0 0 0 0 2 0 0 1 1 1 1 1 1 1 2 1 1 1 1 1 1 1 0 1 1 1 1 0 0 

 Inviabilidades: 0 
FO: 118937.181894
Tempo total:7.002
######################## FIM ###################

 ######################## 300 ###################

Vetor de solucoes: 
1 1 1 2 1 2 1 0 2 1 1 2 2 1 1 1 1 0 0 2 2 0 2 2 1 1 2 1 2 2 2 1 1 1 1 1 1 0 1 1 1 2 1 1 0 2 0 1 1 0 1 1 1 2 1 1 1 2 1 1 1 2 1 1 1 1 1 0 1 1 1 1 1 0 1 1 2 2 2 2 2 2 2 0 2 2 2 2 2 2 2 1 2 2 2 2 1 1 

 Inviabilidades: 0 
FO: 118937.181894
Tempo total:7.596
######################## FIM ###################

 ######################## 300 ###################

Vetor de solucoes: 
2 2 2 1 2 1 2 0 1 2 2 1 1 2 2 2 2 0 0 1 1 0 1 1 2 2 1 2 1 1 1 2 2 2 2 2 2 0 2 2 2 1 2 2 0 1 0 2 2 0 2 2 2 1 2 2 2 1 2 2 2 1 2 2 2 2 2 0 2 2 2 2 2 0 2 2 1 1 1 1 1 1 1 0 1 1 1 1 1 1 1 2 1 1 1 1 2 2 

 Inviabilidades: 0 
FO: 118937.181894
Tempo total:7.724
######################## FIM ###################

 ######################## 300 ###################

Vetor de solucoes: 
0 0 0 1 0 1 0 2 1 0 0 1 1 0 0 0 0 2 2 1 1 2 1 1 0 0 1 0 1 1 1 0 0 0 0 0 0 2 0 0 0 1 0 0 2 1 2 0 0 2 0 0 0 1 0 0 0 1 0 0 0 1 0 0 0 0 0 2 0 0 0 0 0 2 0 0 1 1 1 1 1 1 1 2 1 1 1 1 1 1 1 0 1 1 1 1 0 0 

 Inviabilidades: 0 
FO: 118937.181894
Tempo total:7.299
######################## FIM ###################

 ######################## 300 ###################

Vetor de solucoes: 
0 0 0 2 0 2 0 1 2 0 0 2 2 0 0 0 0 1 1 2 2 1 2 2 0 0 2 0 2 2 2 0 0 0 0 0 0 1 0 0 0 2 0 0 1 2 1 0 0 1 0 0 0 2 0 0 0 2 0 0 0 2 0 0 0 0 0 1 0 0 0 0 0 1 0 0 2 2 2 2 2 2 2 1 2 2 2 2 2 2 2 0 2 2 2 2 0 0 

 Inviabilidades: 0 
FO: 118937.181894
Tempo total:7.055
######################## FIM ###################

 ######################## 300 ###################

Vetor de solucoes: 
2 2 2 1 2 1 2 0 1 2 2 1 1 2 2 2 2 0 0 1 1 0 1 1 2 2 1 2 1 1 1 2 2 2 2 2 2 0 2 2 2 1 2 2 0 1 0 2 2 0 2 2 2 1 2 2 2 1 2 2 2 1 2 2 2 2 2 0 2 2 2 2 2 0 2 2 1 1 1 1 1 1 1 0 1 1 1 1 1 1 1 2 1 1 1 1 2 2 

 Inviabilidades: 0 
FO: 118937.181894
Tempo total:7.154
######################## FIM ###################

 ######################## 300 ###################

Vetor de solucoes: 
2 2 2 1 2 1 2 0 1 2 2 1 1 2 2 2 2 0 0 1 1 0 1 1 2 2 1 2 1 1 1 2 2 2 2 2 2 0 2 2 2 1 2 2 0 1 0 2 2 0 2 2 2 1 2 2 2 1 2 2 2 1 2 2 2 2 2 0 2 2 2 2 2 0 2 2 1 1 1 1 1 1 1 0 1 1 1 1 1 1 1 2 1 1 1 1 2 2 

 Inviabilidades: 0 
FO: 118937.181894
Tempo total:7.139
######################## FIM ###################

 ######################## 300 ###################

Vetor de solucoes: 
2 2 2 1 2 1 2 0 1 2 2 1 1 2 2 2 2 0 0 1 1 0 1 1 2 2 1 2 1 1 1 2 2 2 2 2 2 0 2 2 2 1 2 2 0 1 0 2 2 0 2 2 2 1 2 2 2 1 2 2 2 1 2 2 2 2 2 0 2 2 2 2 2 0 2 2 1 1 1 1 1 1 1 0 1 1 1 1 1 1 1 2 1 1 1 1 2 2 

 Inviabilidades: 0 
FO: 118937.181894
Tempo total:7.083
######################## FIM ###################

 ######################## 300 ###################

Vetor de solucoes: 
0 0 0 2 0 2 0 1 2 0 0 2 2 0 0 0 0 1 1 2 2 1 2 2 0 0 2 0 2 2 2 0 0 0 0 0 0 1 0 0 0 2 0 0 1 2 1 0 0 1 0 0 0 2 0 0 0 2 0 0 0 2 0 0 0 0 0 1 0 0 0 0 0 1 0 0 2 2 2 2 2 2 2 1 2 2 2 2 2 2 2 0 2 2 2 2 0 0 

 Inviabilidades: 0 
FO: 118937.181894
Tempo total:6.507
######################## FIM ###################

 ######################## 300 ###################

Vetor de solucoes: 
2 2 2 0 2 0 2 1 0 2 2 0 0 2 2 2 2 1 1 0 0 1 0 0 2 2 0 2 0 0 0 2 2 2 2 2 2 1 2 2 2 0 2 2 1 0 1 2 2 1 2 2 2 0 2 2 2 0 2 2 2 0 2 2 2 2 2 1 2 2 2 2 2 1 2 2 0 0 0 0 0 0 0 1 0 0 0 0 0 0 0 2 0 0 0 0 2 2 

 Inviabilidades: 0 
FO: 118937.181894
Tempo total:6.524
######################## FIM ###################

 ######################## 300 ###################

Vetor de solucoes: 
2 2 2 0 2 0 2 1 0 2 2 0 0 2 2 2 2 1 1 0 0 1 0 0 2 2 0 2 0 0 0 2 2 2 2 2 2 1 2 2 2 0 2 2 1 0 1 2 2 1 2 2 2 0 2 2 2 0 2 2 2 0 2 2 2 2 2 1 2 2 2 2 2 1 2 2 0 0 0 0 0 0 0 1 0 0 0 0 0 0 0 2 0 0 0 0 2 2 

 Inviabilidades: 0 
FO: 118937.181894
Tempo total:6.892
######################## FIM ###################

 ######################## 300 ###################

Vetor de solucoes: 
2 2 2 1 2 1 2 0 1 2 2 1 1 2 2 2 2 0 0 1 1 0 1 1 2 2 1 2 1 1 1 2 2 2 2 2 2 0 2 2 2 1 2 2 0 1 0 2 2 0 2 2 2 1 2 2 2 1 2 2 2 1 2 2 2 2 2 0 2 2 2 2 2 0 2 2 1 1 1 1 1 1 1 0 1 1 1 1 1 1 1 2 1 1 1 1 2 2 

 Inviabilidades: 0 
FO: 118937.181894
Tempo total:6.817
######################## FIM ###################

 ######################## 300 ###################

Vetor de solucoes: 
1 1 1 2 1 2 1 0 2 1 1 2 2 1 1 1 1 0 0 2 2 0 2 2 1 1 2 1 2 2 2 1 1 1 1 1 1 0 1 1 1 2 1 1 0 2 0 1 1 0 1 1 1 2 1 1 1 2 1 1 1 2 1 1 1 1 1 0 1 1 1 1 1 0 1 1 2 2 2 2 2 2 2 0 2 2 2 2 2 2 2 1 2 2 2 2 1 1 

 Inviabilidades: 0 
FO: 118937.181894
Tempo total:7.096
######################## FIM ###################

 ######################## 300 ###################

Vetor de solucoes: 
2 2 2 0 2 0 2 1 0 2 2 0 0 2 2 2 2 1 1 0 0 1 0 0 2 2 0 2 0 0 0 2 2 2 2 2 2 1 2 2 2 0 2 2 1 0 1 2 2 1 2 2 2 0 2 2 2 0 2 2 2 0 2 2 2 2 2 1 2 2 2 2 2 1 2 2 0 0 0 0 0 0 0 1 0 0 0 0 0 0 0 2 0 0 0 0 2 2 

 Inviabilidades: 0 
FO: 118937.181894
Tempo total:7.177
######################## FIM ###################

 ######################## 300 ###################

Vetor de solucoes: 
0 0 0 1 0 1 0 2 1 0 0 1 1 0 0 0 0 2 2 1 1 2 1 1 0 0 1 0 1 1 1 0 0 0 0 0 0 2 0 0 0 1 0 0 2 1 2 0 0 2 0 0 0 1 0 0 0 1 0 0 0 1 0 0 0 0 0 2 0 0 0 0 0 2 0 0 1 1 1 1 1 1 1 2 1 1 1 1 1 1 1 0 1 1 1 1 0 0 

 Inviabilidades: 0 
FO: 118937.181894
Tempo total:6.966
######################## FIM ###################

 ######################## 300 ###################

Vetor de solucoes: 
1 1 1 2 1 2 1 0 2 1 1 2 2 1 1 1 1 0 0 2 2 0 2 2 1 1 2 1 2 2 2 1 1 1 1 1 1 0 1 1 1 2 1 1 0 2 0 1 1 0 1 1 1 2 1 1 1 2 1 1 1 2 1 1 1 1 1 0 1 1 1 1 1 0 1 1 2 2 2 2 2 2 2 0 2 2 2 2 2 2 2 1 2 2 2 2 1 1 

 Inviabilidades: 0 
FO: 118937.181894
Tempo total:6.691
######################## FIM ###################

 ######################## 300 ###################

Vetor de solucoes: 
2 2 2 1 2 1 2 0 1 2 2 1 1 2 2 2 2 0 0 1 1 0 1 1 2 2 1 2 1 1 1 2 2 2 2 2 2 0 2 2 2 1 2 2 0 1 0 2 2 0 2 2 2 1 2 2 2 1 2 2 2 1 2 2 2 2 2 0 2 2 2 2 2 0 2 2 1 1 1 1 1 1 1 0 1 1 1 1 1 1 1 2 1 1 1 1 2 2 

 Inviabilidades: 0 
FO: 118937.181894
Tempo total:7.022
######################## FIM ###################

 ######################## 300 ###################

Vetor de solucoes: 
1 1 1 2 1 2 1 0 2 1 1 2 2 1 1 1 1 0 0 2 2 0 2 2 1 1 2 1 2 2 2 1 1 1 1 1 1 0 1 1 1 2 1 1 0 2 0 1 1 0 1 1 1 2 1 1 1 2 1 1 1 2 1 1 1 1 1 0 1 1 1 1 1 0 1 1 2 2 2 2 2 2 2 0 2 2 2 2 2 2 2 1 2 2 2 2 1 1 

 Inviabilidades: 0 
FO: 118937.181894
Tempo total:6.827
######################## FIM ###################

 ######################## 300 ###################

Vetor de solucoes: 
0 0 0 2 0 2 0 1 2 0 0 2 2 0 0 0 0 1 1 2 2 1 2 2 0 0 2 0 2 2 2 0 0 0 0 0 0 1 0 0 0 2 0 0 1 2 1 0 0 1 0 0 0 2 0 0 0 2 0 0 0 2 0 0 0 0 0 1 0 0 0 0 0 1 0 0 2 2 2 2 2 2 2 1 2 2 2 2 2 2 2 0 2 2 2 2 0 0 

 Inviabilidades: 0 
FO: 118937.181894
Tempo total:6.885
######################## FIM ###################

 ######################## 300 ###################

Vetor de solucoes: 
0 0 0 2 0 2 0 1 2 0 0 2 2 0 0 0 0 1 1 2 2 1 2 2 0 0 2 0 2 2 2 0 0 0 0 0 0 1 0 0 0 2 0 0 1 2 1 0 0 1 0 0 0 2 0 0 0 2 0 0 0 2 0 0 0 0 0 1 0 0 0 0 0 1 0 0 2 2 2 2 2 2 2 1 2 2 2 2 2 2 2 0 2 2 2 2 0 0 

 Inviabilidades: 0 
FO: 118937.181894
Tempo total:7.004
######################## FIM ###################

 ######################## 300 ###################

Vetor de solucoes: 
1 1 1 2 1 2 1 0 2 1 1 2 2 1 1 1 1 0 0 2 2 0 2 2 1 1 2 1 2 2 2 1 1 1 1 1 1 0 1 1 1 2 1 1 0 2 0 1 1 0 1 1 1 2 1 1 1 2 1 1 1 2 1 1 1 1 1 0 1 1 1 1 1 0 1 1 2 2 2 2 2 2 2 0 2 2 2 2 2 2 2 1 2 2 2 2 1 1 

 Inviabilidades: 0 
FO: 118937.181894
Tempo total:6.916
######################## FIM ###################

 ######################## 300 ###################

Vetor de solucoes: 
0 0 0 1 0 1 0 2 1 0 0 1 1 0 0 0 0 2 2 1 1 2 1 1 0 0 1 0 1 1 1 0 0 0 0 0 0 2 0 0 0 1 0 0 2 1 2 0 0 2 0 0 0 1 0 0 0 1 0 0 0 1 0 0 0 0 0 2 0 0 0 0 0 2 0 0 1 1 1 1 1 1 1 2 1 1 1 1 1 1 1 0 1 1 1 1 0 0 

 Inviabilidades: 0 
FO: 118937.181894
Tempo total:6.489
######################## FIM ###################

 ######################## 300 ###################

Vetor de solucoes: 
0 0 0 2 0 2 0 1 2 0 0 2 2 0 0 0 0 1 1 2 2 1 2 2 0 0 2 0 2 2 2 0 0 0 0 0 0 1 0 0 0 2 0 0 1 2 1 0 0 1 0 0 0 2 0 0 0 2 0 0 0 2 0 0 0 0 0 1 0 0 0 0 0 1 0 0 2 2 2 2 2 2 2 1 2 2 2 2 2 2 2 0 2 2 2 2 0 0 

 Inviabilidades: 0 
FO: 118937.181894
Tempo total:6.835
######################## FIM ###################

 ######################## 300 ###################

Vetor de solucoes: 
2 2 2 1 2 1 2 0 1 2 2 1 1 2 2 2 2 0 0 1 1 0 1 1 2 2 1 2 1 1 1 2 2 2 2 2 2 0 2 2 2 1 2 2 0 1 0 2 2 0 2 2 2 1 2 2 2 1 2 2 2 1 2 2 2 2 2 0 2 2 2 2 2 0 2 2 1 1 1 1 1 1 1 0 1 1 1 1 1 1 1 2 1 1 1 1 2 2 

 Inviabilidades: 0 
FO: 118937.181894
Tempo total:6.267
######################## FIM ###################

 ######################## 300 ###################

Vetor de solucoes: 
2 2 2 0 2 0 2 1 0 2 2 0 0 2 2 2 2 1 1 0 0 1 0 0 2 2 0 2 0 0 0 2 2 2 2 2 2 1 2 2 2 0 2 2 1 0 1 2 2 1 2 2 2 0 2 2 2 0 2 2 2 0 2 2 2 2 2 1 2 2 2 2 2 1 2 2 0 0 0 0 0 0 0 1 0 0 0 0 0 0 0 2 0 0 0 0 2 2 

 Inviabilidades: 0 
FO: 118937.181894
Tempo total:6.669
######################## FIM ###################

 ######################## 300 ###################

Vetor de solucoes: 
2 2 2 0 2 0 2 1 0 2 2 0 0 2 2 2 2 1 1 0 0 1 0 0 2 2 0 2 0 0 0 2 2 2 2 2 2 1 2 2 2 0 2 2 1 0 1 2 2 1 2 2 2 0 2 2 2 0 2 2 2 0 2 2 2 2 2 1 2 2 2 2 2 1 2 2 0 0 0 0 0 0 0 1 0 0 0 0 0 0 0 2 0 0 0 0 2 2 

 Inviabilidades: 0 
FO: 118937.181894
Tempo total:7.172
######################## FIM ###################

 ######################## 300 ###################

Vetor de solucoes: 
0 0 0 2 0 2 0 1 2 0 0 2 2 0 0 0 0 1 1 2 2 1 2 2 0 0 2 0 2 2 2 0 0 0 0 0 0 1 0 0 0 2 0 0 1 2 1 0 0 1 0 0 0 2 0 0 0 2 0 0 0 2 0 0 0 0 0 1 0 0 0 0 0 1 0 0 2 2 2 2 2 2 2 1 2 2 2 2 2 2 2 0 2 2 2 2 0 0 

 Inviabilidades: 0 
FO: 118937.181894
Tempo total:6.949
######################## FIM ###################

 ######################## 300 ###################

Vetor de solucoes: 
2 2 2 0 2 0 2 1 0 2 2 0 0 2 2 2 2 1 1 0 0 1 0 0 2 2 0 2 0 0 0 2 2 2 2 2 2 1 2 2 2 0 2 2 1 0 1 2 2 1 2 2 2 0 2 2 2 0 2 2 2 0 2 2 2 2 2 1 2 2 2 2 2 1 2 2 0 0 0 0 0 0 0 1 0 0 0 0 0 0 0 2 0 0 0 0 2 2 

 Inviabilidades: 0 
FO: 118937.181894
Tempo total:6.942
######################## FIM ###################

 ######################## 300 ###################

Vetor de solucoes: 
0 0 0 2 0 2 0 1 2 0 0 2 2 0 0 0 0 1 1 2 2 1 2 2 0 0 2 0 2 2 2 0 0 0 0 0 0 1 0 0 0 2 0 0 1 2 1 0 0 1 0 0 0 2 0 0 0 2 0 0 0 2 0 0 0 0 0 1 0 0 0 0 0 1 0 0 2 2 2 2 2 2 2 1 2 2 2 2 2 2 2 0 2 2 2 2 0 0 

 Inviabilidades: 0 
FO: 118937.181894
Tempo total:6.862
######################## FIM ###################

 ######################## 300 ###################

Vetor de solucoes: 
1 1 1 2 1 2 1 0 2 1 1 2 2 1 1 1 1 0 0 2 2 0 2 2 1 1 2 1 2 2 2 1 1 1 1 1 1 0 1 1 1 2 1 1 0 2 0 1 1 0 1 1 1 2 1 1 1 2 1 1 1 2 1 1 1 1 1 0 1 1 1 1 1 0 1 1 2 2 2 2 2 2 2 0 2 2 2 2 2 2 2 1 2 2 2 2 1 1 

 Inviabilidades: 0 
FO: 118937.181894
Tempo total:6.602
######################## FIM ###################

 ######################## 300 ###################

Vetor de solucoes: 
0 0 0 1 0 1 0 2 1 0 0 1 1 0 0 0 0 2 2 1 1 2 1 1 0 0 1 0 1 1 1 0 0 0 0 0 0 2 0 0 0 1 0 0 2 1 2 0 0 2 0 0 0 1 0 0 0 1 0 0 0 1 0 0 0 0 0 2 0 0 0 0 0 2 0 0 1 1 1 1 1 1 1 2 1 1 1 1 1 1 1 0 1 1 1 1 0 0 

 Inviabilidades: 0 
FO: 118937.181894
Tempo total:6.960
######################## FIM ###################
