
######################## 450 ###################

Vetor de solucoes: 
1 0 1 1 1 0 0 1 1 0 1 1 0 0 1 0 2 1 1 2 1 1 1 1 0 1 1 1 0 1 0 0 1 2 0 1 1 1 1 1 1 0 1 1 1 0 1 1 1 1 1 1 1 1 0 0 0 0 0 0 0 0 0 1 2 2 2 0 0 0 1 0 0 1 0 0 0 1 2 2 2 2 2 2 2 2 2 2 2 2 2 2 2 2 2 2 2 2 0 0 1 2 2 2 0 0 0 0 0 0 0 2 2 2 0 0 1 0 2 2 0 0 1 0 0 0 0 0 0 1 1 2 0 2 2 2 1 0 0 0 0 1 1 1 0 1 0 1 1 1 1 0 0 0 2 1 1 0 1 0 1 1 0 2 1 0 1 0 1 1 0 1 0 1 1 1 1 2 0 1 

 Inviabilidades: 0 
FO: 68533.843088
Tempo total:92.268
######################## FIM ###################

######################## 450 ###################

Vetor de solucoes: 


 Inviabilidades: 3 
FO: 0.000000
Tempo total:13.920
######################## FIM ###################

######################## 450 ###################

Vetor de solucoes: 
2 1 0 0 2 0 0 2 2 1 2 0 1 1 2 2 2 2 2 2 2 2 2 2 2 2 2 2 2 2 1 1 1 2 1 2 2 2 2 0 2 2 1 2 2 1 2 0 0 2 2 0 1 2 1 1 1 1 2 1 1 1 1 2 2 2 2 1 1 1 2 1 1 2 1 1 1 2 0 0 2 2 0 2 2 2 2 2 2 2 0 0 2 1 2 2 2 2 0 1 2 0 2 1 1 1 1 1 1 1 1 2 2 2 1 1 2 0 0 2 1 1 2 2 1 0 1 1 1 2 2 2 1 2 2 2 2 0 1 1 1 0 2 0 0 0 1 0 0 2 2 1 1 1 0 0 2 1 2 1 0 0 0 0 2 1 2 1 0 1 0 0 0 0 0 2 2 2 1 2 

 Inviabilidades: 0 
FO: 72724.977341
Tempo total:182.971
######################## FIM ###################

######################## 450 ###################

Vetor de solucoes: 
1 2 2 2 1 2 2 2 1 0 1 2 2 2 2 2 1 1 1 0 1 1 2 1 2 1 1 1 0 2 0 0 2 1 2 1 1 1 1 1 1 2 2 1 1 0 1 2 1 1 1 1 2 1 0 0 0 2 0 2 2 0 0 2 0 0 0 0 0 2 2 2 2 2 0 0 2 2 1 2 1 1 0 0 0 0 0 0 0 0 0 0 0 0 0 1 0 1 0 0 1 0 0 0 0 0 0 0 0 0 0 0 0 0 0 0 2 0 0 0 0 0 1 2 2 2 0 0 0 1 1 2 2 0 1 0 2 2 0 2 2 2 2 2 2 2 2 2 2 2 1 2 0 0 0 2 1 0 2 2 2 2 2 0 1 0 2 2 2 2 2 2 2 2 2 1 2 1 0 1 

 Inviabilidades: 0 
FO: 68102.371436
Tempo total:131.475
######################## FIM ###################

######################## 450 ###################

Vetor de solucoes: 
0 1 2 2 0 2 2 0 0 1 0 2 1 1 1 0 0 0 0 0 0 0 0 0 0 0 0 0 0 0 1 1 1 0 1 0 0 0 0 2 0 0 1 0 0 1 0 2 0 0 0 2 1 0 1 1 1 1 0 1 1 1 1 0 0 0 0 1 1 1 0 1 1 0 1 1 1 0 2 2 0 0 2 0 0 0 0 0 0 0 2 2 0 1 0 0 0 0 2 1 0 2 0 1 1 1 1 1 1 1 1 0 0 0 1 1 0 2 2 0 1 1 0 0 1 2 1 1 1 0 0 0 1 0 0 0 0 2 1 1 1 2 0 2 2 2 1 2 2 0 0 1 1 1 2 2 0 1 0 1 2 2 2 2 0 1 0 1 2 1 2 2 2 2 2 0 0 0 1 0 

 Inviabilidades: 0 
FO: 72748.151385
Tempo total:88.115
######################## FIM ###################

######################## 450 ###################

Vetor de solucoes: 
2 0 1 1 2 1 1 2 2 0 2 1 0 0 2 2 2 2 2 2 2 2 2 2 2 2 2 2 2 2 0 0 0 2 0 2 2 2 2 1 2 2 0 2 2 0 2 1 1 2 2 1 0 2 0 0 0 0 2 0 0 0 0 2 2 2 2 0 0 0 2 0 0 2 0 0 0 2 1 1 2 2 1 2 2 2 2 2 2 2 1 1 2 0 2 2 2 2 1 0 2 1 2 0 0 0 0 0 0 0 0 2 2 2 0 0 2 1 1 2 0 0 2 2 0 1 0 0 0 2 2 2 0 2 2 2 2 1 0 0 0 1 2 1 1 1 0 1 1 2 2 0 0 0 1 1 2 0 2 0 1 1 1 1 2 0 2 0 1 0 1 1 1 1 1 2 2 2 0 2 

 Inviabilidades: 0 
FO: 72724.977341
Tempo total:91.113
######################## FIM ###################

######################## 450 ###################

Vetor de solucoes: 
1 0 0 0 1 0 0 0 1 2 1 0 0 0 0 0 1 1 1 2 1 1 0 1 0 1 1 1 2 0 2 2 0 1 0 1 1 1 1 1 1 0 0 1 1 2 1 0 1 1 1 1 0 1 2 2 2 0 2 0 0 2 2 0 2 2 2 2 2 0 0 0 0 0 2 2 0 0 1 0 1 1 2 2 2 2 2 2 2 2 2 2 2 2 2 1 2 1 2 2 1 2 2 2 2 2 2 2 2 2 2 2 2 2 2 2 0 2 2 2 2 2 1 0 0 0 2 2 2 1 1 0 0 2 1 2 0 0 2 0 0 0 0 0 0 0 0 0 0 0 1 0 2 2 2 0 1 2 0 0 0 0 0 2 1 2 0 0 0 0 0 0 0 0 0 1 0 1 2 1 

 Inviabilidades: 0 
FO: 68102.371436
Tempo total:63.275
######################## FIM ###################

######################## 450 ###################

Vetor de solucoes: 
0 2 2 2 0 2 2 2 0 1 0 2 2 2 2 2 0 0 0 1 0 0 2 0 2 0 0 0 1 2 1 1 2 0 2 0 0 0 0 0 0 2 2 0 0 1 0 0 0 0 0 0 2 0 1 1 1 2 1 2 2 1 1 2 0 1 1 1 1 2 2 2 2 2 1 1 2 2 0 0 0 0 1 0 1 1 1 1 1 1 1 1 1 1 1 0 1 0 1 1 0 1 1 1 1 1 1 1 1 1 1 1 1 1 1 1 2 1 1 1 1 1 2 2 2 2 1 1 1 2 0 2 1 1 0 1 2 2 1 1 1 2 2 2 2 2 2 2 2 2 2 1 1 1 1 2 2 1 2 2 2 2 2 1 2 1 2 2 2 2 2 2 2 2 2 0 2 0 1 0 

 Inviabilidades: 0 
FO: 68071.431169
Tempo total:63.120
######################## FIM ###################

######################## 450 ###################

Vetor de solucoes: 
2 1 0 0 2 0 0 2 2 1 2 0 1 1 1 2 2 2 2 2 2 2 2 2 2 2 2 2 2 2 1 1 1 2 1 2 2 2 2 0 2 2 1 2 2 1 2 0 0 2 2 0 1 2 1 1 1 1 2 1 2 1 1 2 1 2 2 1 1 1 2 1 1 2 1 1 1 2 0 0 2 2 0 2 2 2 2 2 2 2 0 0 2 1 2 2 2 2 0 1 2 0 2 2 1 1 1 1 1 1 1 2 2 2 1 1 2 0 0 2 1 1 2 0 1 0 1 1 1 2 2 2 1 2 2 2 2 0 1 1 1 0 2 0 0 0 1 0 0 2 2 1 1 1 0 2 2 1 2 1 0 0 0 0 2 1 2 1 0 1 0 0 0 0 0 2 2 2 1 2 

 Inviabilidades: 187 
FO: 73198.814473
Tempo total:100.909
######################## FIM ###################

######################## 450 ###################

Vetor de solucoes: 
1 0 2 2 1 2 2 1 1 0 1 2 0 0 0 1 1 1 1 1 1 1 1 1 1 1 1 1 1 1 0 0 0 1 0 1 1 1 1 2 1 1 0 1 1 0 1 2 2 1 1 2 0 1 0 0 0 0 1 0 1 0 0 1 0 1 1 0 0 0 1 0 0 1 0 0 0 1 2 2 1 1 2 1 1 1 1 1 1 1 2 2 1 0 1 1 1 1 2 0 1 2 1 1 0 0 0 0 0 0 0 1 1 1 0 0 1 2 2 1 0 0 1 2 0 2 0 0 0 1 1 1 0 1 1 1 1 2 0 0 0 2 1 2 2 2 0 2 2 1 1 0 0 0 2 1 1 0 1 0 2 2 2 2 1 0 1 0 2 0 2 2 2 2 2 1 1 1 0 1 

 Inviabilidades: 187 
FO: 73198.814473
Tempo total:101.672
######################## FIM ###################
