
 ######################## 450 ###################

Vetor de solucoes: 
1 0 1 1 1 0 0 1 1 0 1 1 0 0 1 0 2 1 1 2 1 1 1 1 0 1 1 1 0 1 0 0 1 2 0 1 1 1 1 1 1 0 1 1 1 0 1 1 1 1 1 1 1 1 0 0 0 0 0 0 0 0 0 1 2 2 2 0 0 0 1 0 0 1 0 0 0 1 2 2 2 2 2 2 2 2 2 2 2 2 2 2 2 2 2 2 2 2 0 0 1 2 2 2 0 0 0 0 0 0 0 2 2 2 0 0 1 0 2 2 0 0 1 0 0 0 0 0 0 1 1 2 0 2 2 2 1 0 0 0 0 1 1 1 0 1 0 1 1 1 1 0 0 0 2 1 1 0 1 0 1 1 0 2 1 0 1 0 1 1 0 1 0 1 1 1 1 2 0 1 

 Inviabilidades: 0 
FO: 68533.843088
Tempo total:92.268
######################## FIM ###################

 ######################## 450 ###################

Vetor de solucoes: 


 Inviabilidades: 3 
FO: 0.000000
Tempo total:13.920
######################## FIM ###################

 ######################## 450 ###################

Vetor de solucoes: 
2 1 0 0 2 0 0 2 2 1 2 0 1 1 2 2 2 2 2 2 2 2 2 2 2 2 2 2 2 2 1 1 1 2 1 2 2 2 2 0 2 2 1 2 2 1 2 0 0 2 2 0 1 2 1 1 1 1 2 1 1 1 1 2 2 2 2 1 1 1 2 1 1 2 1 1 1 2 0 0 2 2 0 2 2 2 2 2 2 2 0 0 2 1 2 2 2 2 0 1 2 0 2 1 1 1 1 1 1 1 1 2 2 2 1 1 2 0 0 2 1 1 2 2 1 0 1 1 1 2 2 2 1 2 2 2 2 0 1 1 1 0 2 0 0 0 1 0 0 2 2 1 1 1 0 0 2 1 2 1 0 0 0 0 2 1 2 1 0 1 0 0 0 0 0 2 2 2 1 2 

 Inviabilidades: 0 
FO: 72724.977341
Tempo total:182.971
######################## FIM ###################

 ######################## 450 ###################

Vetor de solucoes: 
1 2 2 2 1 2 2 2 1 0 1 2 2 2 2 2 1 1 1 0 1 1 2 1 2 1 1 1 0 2 0 0 2 1 2 1 1 1 1 1 1 2 2 1 1 0 1 2 1 1 1 1 2 1 0 0 0 2 0 2 2 0 0 2 0 0 0 0 0 2 2 2 2 2 0 0 2 2 1 2 1 1 0 0 0 0 0 0 0 0 0 0 0 0 0 1 0 1 0 0 1 0 0 0 0 0 0 0 0 0 0 0 0 0 0 0 2 0 0 0 0 0 1 2 2 2 0 0 0 1 1 2 2 0 1 0 2 2 0 2 2 2 2 2 2 2 2 2 2 2 1 2 0 0 0 2 1 0 2 2 2 2 2 0 1 0 2 2 2 2 2 2 2 2 2 1 2 1 0 1 

 Inviabilidades: 0 
FO: 68102.371436
Tempo total:131.475
######################## FIM ###################

 ######################## 450 ###################

Vetor de solucoes: 
0 1 2 2 0 2 2 0 0 1 0 2 1 1 1 0 0 0 0 0 0 0 0 0 0 0 0 0 0 0 1 1 1 0 1 0 0 0 0 2 0 0 1 0 0 1 0 2 0 0 0 2 1 0 1 1 1 1 0 1 1 1 1 0 0 0 0 1 1 1 0 1 1 0 1 1 1 0 2 2 0 0 2 0 0 0 0 0 0 0 2 2 0 1 0 0 0 0 2 1 0 2 0 1 1 1 1 1 1 1 1 0 0 0 1 1 0 2 2 0 1 1 0 0 1 2 1 1 1 0 0 0 1 0 0 0 0 2 1 1 1 2 0 2 2 2 1 2 2 0 0 1 1 1 2 2 0 1 0 1 2 2 2 2 0 1 0 1 2 1 2 2 2 2 2 0 0 0 1 0 

 Inviabilidades: 0 
FO: 72748.151385
Tempo total:88.115
######################## FIM ###################

 ######################## 450 ###################

Vetor de solucoes: 
2 0 1 1 2 1 1 2 2 0 2 1 0 0 2 2 2 2 2 2 2 2 2 2 2 2 2 2 2 2 0 0 0 2 0 2 2 2 2 1 2 2 0 2 2 0 2 1 1 2 2 1 0 2 0 0 0 0 2 0 0 0 0 2 2 2 2 0 0 0 2 0 0 2 0 0 0 2 1 1 2 2 1 2 2 2 2 2 2 2 1 1 2 0 2 2 2 2 1 0 2 1 2 0 0 0 0 0 0 0 0 2 2 2 0 0 2 1 1 2 0 0 2 2 0 1 0 0 0 2 2 2 0 2 2 2 2 1 0 0 0 1 2 1 1 1 0 1 1 2 2 0 0 0 1 1 2 0 2 0 1 1 1 1 2 0 2 0 1 0 1 1 1 1 1 2 2 2 0 2 

 Inviabilidades: 0 
FO: 72724.977341
Tempo total:91.113
######################## FIM ###################

 ######################## 450 ###################

Vetor de solucoes: 
0 2 1 1 0 1 1 0 0 2 0 1 2 2 0 0 0 0 0 0 0 0 0 0 0 0 0 0 0 0 2 2 2 0 2 0 0 0 0 1 0 0 2 0 0 2 0 1 1 0 0 1 2 0 2 2 2 2 0 2 2 2 2 0 0 0 0 2 2 2 0 2 2 0 2 2 2 0 1 1 0 0 1 0 0 0 0 0 0 0 1 1 0 2 0 0 0 0 1 2 0 1 0 2 2 2 2 2 2 2 2 0 0 0 2 2 0 1 1 0 2 2 0 0 2 1 2 2 2 0 0 0 2 0 0 0 0 1 2 2 2 1 0 1 1 1 2 1 1 0 0 2 2 2 1 1 0 2 0 2 1 1 1 1 0 2 0 2 1 2 1 1 1 1 1 0 0 0 2 0 

 Inviabilidades: 0 
FO: 72724.977341
Tempo total:89.412
######################## FIM ###################

 ######################## 450 ###################

Vetor de solucoes: 
0 1 2 2 0 2 2 0 0 1 0 2 1 1 0 0 0 0 0 0 0 0 0 0 0 0 0 0 0 0 1 1 1 0 1 0 0 0 0 2 0 0 1 0 0 1 0 2 2 0 0 2 1 0 1 1 1 1 0 1 1 1 1 0 0 0 0 1 1 1 0 1 1 0 1 1 1 0 2 2 0 0 2 0 0 0 0 0 0 0 2 2 0 1 0 0 0 0 2 1 0 2 0 1 1 1 1 1 1 1 1 0 0 0 1 1 0 2 2 0 1 1 0 0 1 2 1 1 1 0 0 0 1 0 0 0 0 2 1 1 1 2 0 2 2 2 1 2 2 0 0 1 1 1 2 2 0 1 0 1 2 2 2 2 0 1 0 1 2 1 2 2 2 2 2 0 0 0 1 0 

 Inviabilidades: 0 
FO: 72724.977341
Tempo total:89.096
######################## FIM ###################

 ######################## 450 ###################

Vetor de solucoes: 
0 2 1 1 0 1 1 0 0 2 0 1 2 2 0 0 0 0 0 0 0 0 0 0 0 0 0 0 0 0 2 2 2 0 2 0 0 0 0 1 0 0 2 0 0 2 0 1 1 0 0 1 2 0 2 2 2 2 0 2 2 2 2 0 0 0 0 2 2 2 0 2 2 0 2 2 2 0 1 1 0 0 1 0 0 0 0 0 0 0 1 1 0 2 0 0 0 0 1 2 0 1 0 2 2 2 2 2 2 2 2 0 0 0 2 2 0 1 1 0 2 2 0 0 2 1 2 2 2 0 0 0 2 0 0 0 0 1 2 2 2 1 0 1 1 1 2 1 1 0 0 2 2 2 1 1 0 2 0 2 1 1 1 1 0 2 0 2 1 2 1 1 1 1 1 0 0 0 2 0 

 Inviabilidades: 0 
FO: 72724.977341
Tempo total:89.908
######################## FIM ###################

 ######################## 450 ###################

Vetor de solucoes: 
0 1 2 2 0 2 2 0 0 1 0 2 1 1 0 0 0 0 0 0 0 0 0 0 0 0 0 0 0 0 1 1 1 0 1 0 0 0 0 2 0 0 1 0 0 1 0 2 2 0 0 2 1 0 1 1 1 1 0 1 1 1 1 0 0 0 0 1 1 1 0 1 1 0 1 1 1 0 2 2 0 0 2 0 0 0 0 0 0 0 2 2 0 1 0 0 0 0 2 1 0 2 0 1 1 1 1 1 1 1 1 0 0 0 1 1 0 2 2 0 1 1 0 0 1 2 1 1 1 0 0 0 1 0 0 0 0 2 1 1 1 2 0 2 2 2 1 2 2 0 0 1 1 1 2 2 0 1 0 1 2 2 2 2 0 1 0 1 2 1 2 2 2 2 2 0 0 0 1 0 

 Inviabilidades: 0 
FO: 72724.977341
Tempo total:89.846
######################## FIM ###################

 ######################## 450 ###################

Vetor de solucoes: 
2 1 0 0 2 0 0 2 2 1 2 0 1 1 2 2 2 2 2 2 2 2 2 2 2 2 2 2 2 2 1 1 1 2 1 2 2 2 2 0 2 2 1 2 2 1 2 0 0 2 2 0 1 2 1 1 1 1 2 1 1 1 1 2 2 2 2 1 1 1 2 1 1 2 1 1 1 2 0 0 2 2 0 2 2 2 2 2 2 2 0 0 2 1 2 2 2 2 0 1 2 0 2 1 1 1 1 1 1 1 1 2 2 2 1 1 2 0 0 2 1 1 2 2 1 0 1 1 1 2 2 2 1 2 2 2 2 0 1 1 1 0 2 0 0 0 1 0 0 2 2 1 1 1 0 0 2 1 2 1 0 0 0 0 2 1 2 1 0 1 0 0 0 0 0 2 2 2 1 2 

 Inviabilidades: 0 
FO: 72724.977341
Tempo total:90.113
######################## FIM ###################

 ######################## 450 ###################

Vetor de solucoes: 
1 0 2 2 1 2 2 1 1 0 1 2 0 0 1 1 1 1 1 1 1 1 1 1 1 1 1 1 1 1 0 0 0 1 0 1 1 1 1 2 1 1 0 1 1 0 1 2 2 1 1 2 0 1 0 0 0 0 1 0 0 0 0 1 1 1 1 0 0 0 1 0 0 1 0 0 0 1 2 2 1 1 2 1 1 1 1 1 1 1 2 2 1 0 1 1 1 1 2 0 1 2 1 0 0 0 0 0 0 0 0 1 1 1 0 0 1 2 2 1 0 0 1 1 0 2 0 0 0 1 1 1 0 1 1 1 1 2 0 0 0 2 1 2 2 2 0 2 2 1 1 0 0 0 2 2 1 0 1 0 2 2 2 2 1 0 1 0 2 0 2 2 2 2 2 1 1 1 0 1 

 Inviabilidades: 0 
FO: 72724.977341
Tempo total:86.248
######################## FIM ###################

 ######################## 450 ###################

Vetor de solucoes: 
1 0 2 2 1 2 2 1 1 0 1 2 0 0 1 1 1 1 1 1 1 1 1 1 1 1 1 1 1 1 0 0 0 1 0 1 1 1 1 2 1 1 0 1 1 0 1 2 2 1 1 2 0 1 0 0 0 0 1 0 0 0 0 1 1 1 1 0 0 0 1 0 0 1 0 0 0 1 2 2 1 1 2 1 1 1 1 1 1 1 2 2 1 0 1 1 1 1 2 0 1 2 1 0 0 0 0 0 0 0 0 1 1 1 0 0 1 2 2 1 0 0 1 1 0 2 0 0 0 1 1 1 0 1 1 1 1 2 0 0 0 2 1 2 2 2 0 2 2 1 1 0 0 0 2 2 1 0 1 0 2 2 2 2 1 0 1 0 2 0 2 2 2 2 2 1 1 1 0 1 

 Inviabilidades: 0 
FO: 72724.977341
Tempo total:88.107
######################## FIM ###################

 ######################## 450 ###################

Vetor de solucoes: 
1 0 2 2 1 2 2 1 1 0 1 2 0 0 1 1 1 1 1 1 1 1 1 1 1 1 1 1 1 1 0 0 0 1 0 1 1 1 1 2 1 1 0 1 1 0 1 2 2 1 1 2 0 1 0 0 0 0 1 0 0 0 0 1 1 1 1 0 0 0 1 0 0 1 0 0 0 1 2 2 1 1 2 1 1 1 1 1 1 1 2 2 1 0 1 1 1 1 2 0 1 2 1 0 0 0 0 0 0 0 0 1 1 1 0 0 1 2 2 1 0 0 1 1 0 2 0 0 0 1 1 1 0 1 1 1 1 2 0 0 0 2 1 2 2 2 0 2 2 1 1 0 0 0 2 2 1 0 1 0 2 2 2 2 1 0 1 0 2 0 2 2 2 2 2 1 1 1 0 1 

 Inviabilidades: 0 
FO: 72724.977341
Tempo total:89.339
######################## FIM ###################

 ######################## 450 ###################

Vetor de solucoes: 
1 0 2 2 1 2 2 1 1 0 1 2 0 0 1 1 1 1 1 1 1 1 1 1 1 1 1 1 1 1 0 0 0 1 0 1 1 1 1 2 1 1 0 1 1 0 1 2 2 1 1 2 0 1 0 0 0 0 1 0 0 0 0 1 1 1 1 0 0 0 1 0 0 1 0 0 0 1 2 2 1 1 2 1 1 1 1 1 1 1 2 2 1 0 1 1 1 1 2 0 1 2 1 0 0 0 0 0 0 0 0 1 1 1 0 0 1 2 2 1 0 0 1 1 0 2 0 0 0 1 1 1 0 1 1 1 1 2 0 0 0 2 1 2 2 2 0 2 2 1 1 0 0 0 2 2 1 0 1 0 2 2 2 2 1 0 1 0 2 0 2 2 2 2 2 1 1 1 0 1 

 Inviabilidades: 0 
FO: 72724.977341
Tempo total:87.403
######################## FIM ###################

 ######################## 450 ###################

Vetor de solucoes: 
0 1 2 2 0 2 2 0 0 1 0 2 1 1 0 0 0 0 0 0 0 0 0 0 0 0 0 0 0 0 1 1 1 0 1 0 0 0 0 2 0 0 1 0 0 1 0 2 2 0 0 2 1 0 1 1 1 1 0 1 1 1 1 0 0 0 0 1 1 1 0 1 1 0 1 1 1 0 2 2 0 0 2 0 0 0 0 0 0 0 2 2 0 1 0 0 0 0 2 1 0 2 0 1 1 1 1 1 1 1 1 0 0 0 1 1 0 2 2 0 1 1 0 0 1 2 1 1 1 0 0 0 1 0 0 0 0 2 1 1 1 2 0 2 2 2 1 2 2 0 0 1 1 1 2 2 0 1 0 1 2 2 2 2 0 1 0 1 2 1 2 2 2 2 2 0 0 0 1 0 

 Inviabilidades: 0 
FO: 72724.977341
Tempo total:88.993
######################## FIM ###################

 ######################## 450 ###################

Vetor de solucoes: 
0 1 2 2 0 2 2 0 0 1 0 2 1 1 0 0 0 0 0 0 0 0 0 0 0 0 0 0 0 0 1 1 1 0 1 0 0 0 0 2 0 0 1 0 0 1 0 2 2 0 0 2 1 0 1 1 1 1 0 1 1 1 1 0 0 0 0 1 1 1 0 1 1 0 1 1 1 0 2 2 0 0 2 0 0 0 0 0 0 0 2 2 0 1 0 0 0 0 2 1 0 2 0 1 1 1 1 1 1 1 1 0 0 0 1 1 0 2 2 0 1 1 0 0 1 2 1 1 1 0 0 0 1 0 0 0 0 2 1 1 1 2 0 2 2 2 1 2 2 0 0 1 1 1 2 2 0 1 0 1 2 2 2 2 0 1 0 1 2 1 2 2 2 2 2 0 0 0 1 0 

 Inviabilidades: 0 
FO: 72724.977341
Tempo total:89.034
######################## FIM ###################

 ######################## 450 ###################

Vetor de solucoes: 
0 1 2 2 0 2 2 0 0 1 0 2 1 1 0 0 0 0 0 0 0 0 0 0 0 0 0 0 0 0 1 1 1 0 1 0 0 0 0 2 0 0 1 0 0 1 0 2 2 0 0 2 1 0 1 1 1 1 0 1 1 1 1 0 0 0 0 1 1 1 0 1 1 0 1 1 1 0 2 2 0 0 2 0 0 0 0 0 0 0 2 2 0 1 0 0 0 0 2 1 0 2 0 1 1 1 1 1 1 1 1 0 0 0 1 1 0 2 2 0 1 1 0 0 1 2 1 1 1 0 0 0 1 0 0 0 0 2 1 1 1 2 0 2 2 2 1 2 2 0 0 1 1 1 2 2 0 1 0 1 2 2 2 2 0 1 0 1 2 1 2 2 2 2 2 0 0 0 1 0 

 Inviabilidades: 0 
FO: 72724.977341
Tempo total:89.882
######################## FIM ###################

 ######################## 450 ###################

Vetor de solucoes: 
2 0 1 1 2 1 1 2 2 0 2 1 0 0 2 2 2 2 2 2 2 2 2 2 2 2 2 2 2 2 0 0 0 2 0 2 2 2 2 1 2 2 0 2 2 0 2 1 1 2 2 1 0 2 0 0 0 0 2 0 0 0 0 2 2 2 2 0 0 0 2 0 0 2 0 0 0 2 1 1 2 2 1 2 2 2 2 2 2 2 1 1 2 0 2 2 2 2 1 0 2 1 2 0 0 0 0 0 0 0 0 2 2 2 0 0 2 1 1 2 0 0 2 2 0 1 0 0 0 2 2 2 0 2 2 2 2 1 0 0 0 1 2 1 1 1 0 1 1 2 2 0 0 0 1 1 2 0 2 0 1 1 1 1 2 0 2 0 1 0 1 1 1 1 1 2 2 2 0 2 

 Inviabilidades: 0 
FO: 72724.977341
Tempo total:88.138
######################## FIM ###################

 ######################## 450 ###################

Vetor de solucoes: 
1 0 2 2 1 2 2 1 1 0 1 2 0 0 1 1 1 1 1 1 1 1 1 1 1 1 1 1 1 1 0 0 0 1 0 1 1 1 1 2 1 1 0 1 1 0 1 2 2 1 1 2 0 1 0 0 0 0 1 0 0 0 0 1 1 1 1 0 0 0 1 0 0 1 0 0 0 1 2 2 1 1 2 1 1 1 1 1 1 1 2 2 1 0 1 1 1 1 2 0 1 2 1 0 0 0 0 0 0 0 0 1 1 1 0 0 1 2 2 1 0 0 1 1 0 2 0 0 0 1 1 1 0 1 1 1 1 2 0 0 0 2 1 2 2 2 0 2 2 1 1 0 0 0 2 1 1 0 1 0 2 2 2 2 1 0 2 0 2 0 2 2 2 2 2 1 1 1 0 1 

 Inviabilidades: 0 
FO: 72746.346939
Tempo total:89.568
######################## FIM ###################

 ######################## 450 ###################

Vetor de solucoes: 
1 2 0 0 1 0 0 1 1 2 1 0 2 2 2 1 1 1 1 1 1 1 1 1 1 1 1 1 1 1 2 2 2 1 2 1 1 1 1 0 1 1 2 1 1 2 1 0 0 1 1 0 2 1 2 2 2 2 1 2 2 2 2 1 1 1 1 2 2 2 1 2 2 1 2 2 2 1 0 0 1 1 0 1 1 1 1 1 1 1 0 0 1 2 1 1 1 1 0 2 1 1 1 2 2 2 2 2 2 2 2 1 1 1 2 2 1 0 0 1 2 2 1 1 2 0 2 2 2 1 1 1 2 1 1 1 1 0 2 2 2 0 1 0 0 0 2 0 0 1 1 2 2 2 0 0 1 2 1 2 0 0 0 0 1 2 1 2 0 2 0 0 0 0 0 1 1 1 2 1 

 Inviabilidades: 0 
FO: 72747.133039
Tempo total:90.282
######################## FIM ###################

 ######################## 450 ###################

Vetor de solucoes: 
1 0 2 2 1 2 2 1 1 0 1 2 0 0 1 1 1 1 1 1 1 1 1 1 1 1 1 1 1 1 0 0 0 1 0 1 1 1 1 2 1 1 0 1 1 0 1 2 2 1 1 2 0 1 0 0 0 0 1 0 0 0 0 1 1 1 1 0 0 0 1 0 0 1 0 0 0 1 2 2 1 1 2 1 1 1 1 1 1 1 2 2 1 0 1 1 1 1 2 0 1 2 1 0 0 0 0 0 0 0 0 1 1 1 0 0 1 2 2 1 0 0 1 1 0 2 0 0 0 1 1 1 0 1 1 1 1 2 0 0 0 2 1 2 2 2 0 2 2 1 1 0 0 0 2 2 1 0 1 0 2 2 2 2 1 0 1 0 2 0 2 2 2 2 2 1 1 1 0 1 

 Inviabilidades: 0 
FO: 72724.977341
Tempo total:87.749
######################## FIM ###################

 ######################## 450 ###################

Vetor de solucoes: 
0 1 2 2 0 2 2 0 0 1 0 2 1 1 1 0 0 0 0 0 0 0 0 0 0 0 0 0 0 0 1 1 1 0 1 0 0 0 0 2 0 0 1 0 0 1 0 2 0 0 0 2 1 0 1 1 1 1 0 1 1 1 1 0 0 0 0 1 1 1 0 1 1 0 1 1 1 0 2 2 0 0 2 0 0 0 0 0 0 0 2 2 0 1 0 0 0 0 2 1 0 2 0 1 1 1 1 1 1 1 1 0 0 0 1 1 0 2 2 0 1 1 0 0 1 2 1 1 1 0 0 0 1 0 0 0 0 2 1 1 1 2 0 2 2 2 1 2 2 0 0 1 1 1 2 2 0 1 0 1 2 2 2 2 0 1 0 1 2 1 2 2 2 2 2 0 0 0 1 0 

 Inviabilidades: 0 
FO: 72748.151385
Tempo total:89.088
######################## FIM ###################

 ######################## 450 ###################

Vetor de solucoes: 
0 1 2 2 0 2 2 0 0 1 0 2 1 1 0 0 0 0 0 0 0 0 0 0 0 0 0 0 0 0 1 1 1 0 1 0 0 0 0 2 0 0 1 0 0 1 0 2 2 0 0 2 1 0 1 1 1 1 0 1 1 1 1 0 0 0 0 1 1 1 0 1 1 0 1 1 1 0 2 2 0 0 2 0 0 0 0 0 0 0 2 2 0 1 0 0 0 0 2 1 0 2 0 1 1 1 1 1 1 1 1 0 0 0 1 1 0 2 2 0 1 1 0 0 1 2 1 1 1 0 0 0 1 0 0 0 0 2 1 1 1 2 0 2 2 2 1 2 2 0 0 1 1 1 2 2 0 1 0 1 2 2 2 2 0 1 0 1 2 1 2 2 2 2 2 0 0 0 1 0 

 Inviabilidades: 0 
FO: 72724.977341
Tempo total:87.175
######################## FIM ###################

 ######################## 450 ###################

Vetor de solucoes: 
0 2 1 1 0 1 1 0 0 2 0 1 2 2 0 0 0 0 0 0 0 0 0 0 0 0 0 0 0 0 2 2 2 0 2 0 0 0 0 1 0 0 2 0 0 2 0 1 1 0 0 1 2 0 2 2 2 2 0 2 2 2 2 0 0 0 0 2 2 2 0 2 2 0 2 2 2 0 1 1 0 0 1 0 0 0 0 0 0 0 1 1 0 2 0 0 0 0 1 2 0 1 0 2 2 2 2 2 2 2 2 0 0 0 2 2 0 1 1 0 2 2 0 0 2 1 2 2 2 0 0 0 2 0 0 0 0 1 2 2 2 1 0 1 1 1 2 1 1 0 0 2 2 2 1 1 0 2 0 2 1 1 1 1 0 2 0 2 1 2 1 1 1 1 1 0 0 0 2 0 

 Inviabilidades: 0 
FO: 72724.977341
Tempo total:90.034
######################## FIM ###################

 ######################## 450 ###################

Vetor de solucoes: 
0 1 2 2 0 2 2 0 0 1 0 2 1 1 0 0 0 0 0 0 0 0 0 0 0 0 0 0 0 0 1 1 1 0 1 0 0 0 0 2 0 0 1 0 0 1 0 2 2 0 0 2 1 0 1 1 1 1 0 1 1 1 1 0 0 0 0 1 1 1 0 1 1 0 1 1 1 0 2 2 0 0 2 0 0 0 0 0 0 0 2 2 0 1 0 0 0 0 2 1 0 2 0 1 1 1 1 1 1 1 1 0 0 0 1 1 0 2 2 0 1 1 0 0 1 2 1 1 1 0 0 0 1 0 0 0 0 2 1 1 1 2 0 2 2 2 1 2 2 0 0 1 1 1 2 2 0 1 0 1 2 2 2 2 0 1 0 1 2 1 2 2 2 2 2 0 0 0 1 0 

 Inviabilidades: 0 
FO: 72724.977341
Tempo total:88.989
######################## FIM ###################

 ######################## 450 ###################

Vetor de solucoes: 
1 0 2 2 1 2 2 1 1 0 1 2 0 0 1 1 1 1 1 1 1 1 1 1 1 1 1 1 1 1 0 0 0 1 0 1 1 1 1 2 1 1 0 1 1 0 1 2 2 1 1 2 0 1 0 0 0 0 1 0 0 0 0 1 1 1 1 0 0 0 1 0 0 1 0 0 0 1 2 2 1 1 2 1 1 1 1 1 1 1 2 2 1 0 1 1 1 1 2 0 1 2 1 0 0 0 0 0 0 0 0 1 1 1 0 0 1 2 2 1 0 0 1 1 0 2 0 0 0 1 1 1 0 1 1 1 1 2 0 0 0 2 1 2 2 2 0 2 2 1 1 0 0 0 2 2 1 0 1 0 2 2 2 2 1 0 1 0 2 0 2 2 2 2 2 1 1 1 0 1 

 Inviabilidades: 0 
FO: 72724.977341
Tempo total:89.129
######################## FIM ###################

 ######################## 450 ###################

Vetor de solucoes: 
2 0 1 1 2 1 1 2 2 0 2 1 0 0 2 2 2 2 2 2 2 2 2 2 2 2 2 2 2 2 0 0 0 2 0 2 2 2 2 1 2 2 0 2 2 0 2 1 1 2 2 1 0 2 0 0 0 0 2 0 0 0 0 2 2 2 2 0 0 0 2 0 0 2 0 0 0 2 1 1 2 2 1 2 2 2 2 2 2 2 1 1 2 0 2 2 2 2 1 0 2 1 2 0 0 0 0 0 0 0 0 2 2 2 0 0 2 1 1 2 0 0 2 2 0 1 0 0 0 2 2 2 0 2 2 2 2 1 0 0 0 1 2 1 1 1 0 1 1 2 2 0 0 0 1 1 2 0 2 0 1 1 1 1 2 0 2 0 1 0 1 1 1 1 1 2 2 2 0 2 

 Inviabilidades: 0 
FO: 72724.977341
Tempo total:90.908
######################## FIM ###################

 ######################## 450 ###################

Vetor de solucoes: 
1 0 2 2 1 2 2 1 1 0 1 2 0 0 1 1 1 1 1 1 1 1 1 1 1 1 1 1 1 1 0 0 0 1 0 1 1 1 1 2 1 1 0 1 1 0 1 2 2 1 1 2 0 1 0 0 0 0 1 0 0 0 0 1 1 1 1 0 0 0 1 0 0 1 0 0 0 1 2 2 1 1 2 1 1 1 1 1 1 1 2 2 1 0 1 1 1 1 2 0 1 2 1 0 0 0 0 0 0 0 0 1 1 1 0 0 1 2 2 1 0 0 1 1 0 2 0 0 0 1 1 1 0 1 1 1 1 2 0 0 0 2 1 2 2 2 0 2 2 1 1 0 0 0 2 2 1 0 1 0 2 2 2 2 1 0 1 0 2 0 2 2 2 2 2 1 1 1 0 1 

 Inviabilidades: 0 
FO: 72724.977341
Tempo total:91.647
######################## FIM ###################

 ######################## 450 ###################

Vetor de solucoes: 
0 2 1 1 0 1 1 0 0 2 0 1 2 2 0 0 0 0 0 0 0 0 0 0 0 0 0 0 0 0 2 2 2 0 2 0 0 0 0 1 0 0 2 0 0 2 0 1 1 0 0 1 2 0 2 2 2 2 0 2 2 2 2 0 0 0 0 2 2 2 0 2 2 0 2 2 2 0 1 1 0 0 1 0 0 0 0 0 0 0 1 1 0 2 0 0 0 0 1 2 0 1 0 2 2 2 2 2 2 2 2 0 0 0 2 2 0 1 1 0 2 2 0 0 2 1 2 2 2 0 0 0 2 0 0 0 0 1 2 2 2 1 0 1 1 1 2 1 1 0 0 2 2 2 1 1 0 2 0 2 1 1 1 1 0 2 0 2 1 2 1 1 1 1 1 0 0 0 2 0 

 Inviabilidades: 0 
FO: 72724.977341
Tempo total:90.161
######################## FIM ###################

 ######################## 450 ###################

Vetor de solucoes: 
1 0 2 2 1 2 2 1 1 0 1 2 0 0 0 1 1 1 1 1 1 1 1 1 1 1 1 1 1 1 0 0 0 1 0 1 1 1 1 2 1 1 0 1 1 0 1 2 2 1 1 2 0 1 0 0 0 0 1 0 0 0 0 1 1 1 1 0 0 0 1 0 0 1 0 0 0 1 2 2 1 1 2 1 1 1 1 1 1 1 2 2 1 0 1 1 1 1 2 0 1 1 1 0 0 0 0 0 0 0 0 1 1 1 0 0 1 2 2 1 0 0 1 1 0 2 0 0 0 1 1 1 0 1 1 1 1 2 0 0 0 2 1 2 2 2 0 2 2 1 1 0 0 0 2 2 1 0 1 0 2 2 2 2 1 0 1 0 2 0 2 2 2 2 2 1 1 1 0 1 

 Inviabilidades: 0 
FO: 72747.133039
Tempo total:87.949
######################## FIM ###################

 ######################## 450 ###################

Vetor de solucoes: 
0 1 2 2 0 2 2 0 0 1 0 2 1 1 1 0 0 0 0 0 0 0 0 0 0 0 0 0 0 0 1 1 1 0 1 0 0 0 0 2 0 0 1 0 0 1 0 2 0 0 0 2 1 0 1 1 1 1 0 1 1 1 1 0 0 0 0 1 1 1 0 1 1 0 1 1 1 0 2 2 0 0 2 0 0 0 0 0 0 0 2 2 0 1 0 0 0 0 2 1 0 2 0 1 1 1 1 1 1 1 1 0 0 0 1 1 0 2 2 0 1 1 0 0 1 2 1 1 1 0 0 0 1 0 0 0 0 2 1 1 1 2 0 2 2 2 1 2 2 0 0 1 1 1 2 2 0 1 0 1 2 2 2 2 0 1 0 1 2 1 2 2 2 2 2 0 0 0 1 0 

 Inviabilidades: 0 
FO: 72748.151385
Tempo total:94.632
######################## FIM ###################

 ######################## 450 ###################

Vetor de solucoes: 
2 0 1 1 2 1 1 2 2 0 2 1 0 0 2 2 2 2 2 2 2 2 2 2 2 2 2 2 2 2 0 0 0 2 0 2 2 2 2 1 2 2 0 2 2 0 2 1 1 2 2 1 0 2 0 0 0 0 2 0 0 0 0 2 2 2 2 0 0 0 2 0 0 2 0 0 0 2 1 1 2 2 1 2 2 2 2 2 2 2 1 1 2 0 2 2 2 2 1 0 2 1 2 0 0 0 0 0 0 0 0 2 2 2 0 0 2 1 1 2 0 0 2 2 0 1 0 0 0 2 2 2 0 2 2 2 2 1 0 0 0 1 2 1 1 1 0 1 1 2 2 0 0 0 1 1 2 0 2 0 1 1 1 1 2 0 2 0 1 0 1 1 1 1 1 2 2 2 0 2 

 Inviabilidades: 0 
FO: 72724.977341
Tempo total:89.454
######################## FIM ###################

 ######################## 450 ###################

Vetor de solucoes: 
0 2 1 1 0 1 1 0 0 2 0 1 2 2 0 0 0 0 0 0 0 0 0 0 0 0 0 0 0 0 2 2 2 0 2 0 0 0 0 1 0 0 2 0 0 2 0 1 1 0 0 1 2 0 2 2 2 2 0 2 2 2 2 0 0 0 0 2 2 2 0 2 2 0 2 2 2 0 1 1 0 0 1 0 0 0 0 0 0 0 1 1 0 2 0 0 0 0 1 2 0 1 0 2 2 2 2 2 2 2 2 0 0 0 2 2 0 1 1 0 2 2 0 0 2 1 2 2 2 0 0 0 2 0 0 0 0 1 2 2 2 1 0 1 1 1 2 1 1 0 0 2 2 2 1 1 0 2 0 2 1 1 1 1 0 2 0 2 1 2 1 1 1 1 1 0 0 0 2 0 

 Inviabilidades: 0 
FO: 72724.977341
Tempo total:86.713
######################## FIM ###################

 ######################## 450 ###################

Vetor de solucoes: 
1 0 2 2 1 2 2 1 1 0 1 2 0 0 1 1 1 1 1 1 1 1 1 1 1 1 1 1 1 1 0 0 0 1 0 1 1 1 1 2 1 1 0 1 1 0 1 2 2 1 1 2 0 1 0 0 0 0 1 0 0 0 0 1 1 1 1 0 0 0 1 0 0 1 0 0 0 1 2 2 1 1 2 1 1 1 1 1 1 1 2 2 1 0 1 1 1 1 2 0 1 2 1 0 0 0 0 0 0 0 0 1 1 1 0 0 1 2 2 1 0 0 1 1 0 2 0 0 0 1 1 1 0 1 1 1 1 2 0 0 0 2 1 2 2 2 0 2 2 1 1 0 0 0 2 2 1 0 1 0 2 2 2 2 1 0 1 0 2 0 2 2 2 2 2 1 1 1 0 1 

 Inviabilidades: 0 
FO: 72724.977341
Tempo total:88.219
######################## FIM ###################

 ######################## 450 ###################

Vetor de solucoes: 
1 0 2 2 1 2 2 1 1 0 1 2 0 0 0 1 1 1 1 1 1 1 1 1 1 1 1 1 1 1 0 0 0 1 0 1 1 1 1 2 1 1 1 1 1 0 1 2 2 1 1 2 0 1 0 0 0 0 1 0 0 0 0 1 1 1 1 0 0 0 1 0 0 1 0 0 0 1 2 2 1 1 2 1 1 1 1 1 1 1 2 2 1 0 1 1 1 1 2 0 1 2 1 0 0 0 0 0 0 0 0 1 1 1 0 0 1 2 2 1 0 0 1 1 0 2 0 0 0 1 1 1 0 1 1 1 1 2 0 0 0 2 1 2 2 2 0 2 2 1 1 0 0 0 2 2 1 0 1 0 2 2 2 2 1 0 1 0 2 0 2 2 2 2 2 1 1 1 0 1 

 Inviabilidades: 0 
FO: 72761.436217
Tempo total:89.104
######################## FIM ###################

 ######################## 450 ###################

Vetor de solucoes: 
1 0 2 2 1 2 2 1 1 0 1 2 0 0 1 1 1 1 1 1 1 1 1 1 1 1 1 1 1 1 0 0 0 1 0 1 1 1 1 2 1 1 0 1 1 0 1 2 2 1 1 2 0 1 0 0 0 0 1 0 0 0 0 1 1 1 1 0 0 0 1 0 0 1 0 0 0 1 2 2 1 1 2 1 1 1 1 1 1 1 2 2 1 0 1 1 1 1 2 0 1 2 1 0 0 0 0 0 0 0 0 1 1 1 0 0 1 2 2 1 0 0 1 1 0 2 0 0 0 1 1 1 0 1 1 1 1 2 0 0 0 2 1 2 2 2 0 2 2 1 1 0 0 0 2 2 1 0 1 0 2 2 2 2 1 0 1 0 2 0 2 2 2 2 2 1 1 1 0 1 

 Inviabilidades: 0 
FO: 72724.977341
Tempo total:88.320
######################## FIM ###################

 ######################## 450 ###################

Vetor de solucoes: 
0 1 2 2 0 2 2 0 0 1 0 2 1 1 0 0 0 0 0 0 0 0 0 0 0 0 0 0 0 0 1 1 1 0 1 0 0 0 0 2 0 0 1 0 0 1 0 2 2 0 0 2 1 0 1 1 1 1 0 1 1 1 1 0 0 0 0 1 1 1 0 1 1 0 1 1 1 0 2 2 0 0 2 0 0 0 0 0 0 0 2 2 0 1 0 0 0 0 2 1 0 2 0 1 1 1 1 1 1 1 1 0 0 0 1 1 0 2 2 0 1 1 0 0 1 2 1 1 1 0 0 0 1 0 0 0 0 2 1 1 1 2 0 2 2 2 1 2 2 0 0 1 1 1 2 2 0 1 0 1 2 2 2 2 0 1 0 1 2 1 2 2 2 2 2 0 0 0 1 0 

 Inviabilidades: 0 
FO: 72724.977341
Tempo total:88.365
######################## FIM ###################

 ######################## 450 ###################

Vetor de solucoes: 
0 2 1 1 0 1 1 0 0 2 0 1 2 2 2 0 0 0 0 0 0 0 0 0 0 0 0 0 0 0 2 2 2 0 2 0 0 0 0 1 0 0 2 0 0 2 0 1 0 0 0 1 2 0 2 2 2 2 0 2 2 2 2 0 0 0 0 2 2 2 0 2 2 0 2 2 2 0 1 1 0 0 1 0 0 0 0 0 0 0 1 1 0 2 0 0 0 0 1 2 0 1 0 2 2 2 2 2 2 2 2 0 0 0 2 2 0 1 1 0 2 2 0 0 2 1 2 2 2 0 0 0 2 0 0 0 0 1 2 2 2 1 0 1 1 1 2 1 1 0 0 2 2 2 1 1 0 2 0 2 1 1 1 1 0 2 0 2 1 2 1 1 1 1 1 0 0 0 2 0 

 Inviabilidades: 0 
FO: 72748.151385
Tempo total:88.947
######################## FIM ###################

 ######################## 450 ###################

Vetor de solucoes: 
1 0 2 2 1 2 2 1 1 0 1 2 0 0 1 1 1 1 1 1 1 1 1 1 1 1 1 1 1 1 0 0 0 1 0 1 1 1 1 2 1 1 0 1 1 0 1 2 2 1 1 2 0 1 0 0 0 0 1 0 0 0 0 1 1 1 1 0 0 0 1 0 0 1 0 0 0 1 2 2 1 1 2 1 1 1 1 1 1 1 2 2 1 0 1 1 1 1 2 0 1 2 1 0 0 0 0 0 0 0 0 1 1 1 0 0 1 2 2 1 0 0 1 1 0 2 0 0 0 1 1 1 0 1 1 1 1 2 0 0 0 2 1 2 2 2 0 2 2 1 1 0 0 0 2 1 1 0 1 0 2 2 2 2 1 0 2 0 2 0 2 2 2 2 2 1 1 1 0 1 

 Inviabilidades: 0 
FO: 72746.346939
Tempo total:88.923
######################## FIM ###################

 ######################## 450 ###################

Vetor de solucoes: 
1 0 0 0 1 0 0 0 1 2 1 0 0 0 0 0 1 1 1 2 1 1 0 1 0 1 1 1 2 0 2 2 0 1 0 1 1 1 1 1 1 0 0 1 1 2 1 0 1 1 1 1 0 1 2 2 2 0 2 0 0 2 2 0 2 2 2 2 2 0 0 0 0 0 2 2 0 0 1 0 1 1 2 2 2 2 2 2 2 2 2 2 2 2 2 1 2 1 2 2 1 2 2 2 2 2 2 2 2 2 2 2 2 2 2 2 0 2 2 2 2 2 1 0 0 0 2 2 2 1 1 0 0 2 1 2 0 0 2 0 0 0 0 0 0 0 0 0 0 0 1 0 2 2 2 0 1 2 0 0 0 0 0 2 1 2 0 0 0 0 0 0 0 0 0 1 0 1 2 1 

 Inviabilidades: 0 
FO: 68102.371436
Tempo total:63.275
######################## FIM ###################

 ######################## 450 ###################

Vetor de solucoes: 
0 2 0 0 0 0 2 0 0 2 0 0 0 2 0 2 1 0 0 1 0 0 0 0 0 0 0 0 2 0 2 2 0 1 2 0 0 0 0 0 0 0 0 0 0 2 0 0 0 0 0 0 0 0 2 2 2 2 2 0 2 2 2 0 1 1 1 2 2 2 0 0 2 0 2 2 2 0 1 0 1 1 1 1 1 1 1 1 1 1 1 1 1 1 1 1 1 1 2 2 1 1 1 1 2 2 2 2 2 2 2 1 1 1 2 2 0 2 1 1 2 2 0 0 2 0 2 2 2 0 0 0 2 1 1 1 0 0 2 2 2 0 0 0 0 0 2 0 0 0 0 2 2 2 1 0 0 2 0 2 0 0 2 1 0 2 0 0 0 0 0 0 2 0 0 0 0 1 2 1 

 Inviabilidades: 0 
FO: 68559.417123
Tempo total:63.858
######################## FIM ###################

 ######################## 450 ###################

Vetor de solucoes: 
0 2 2 2 0 2 2 2 0 1 0 2 2 2 2 2 0 0 0 1 0 0 2 0 2 0 0 0 1 2 1 1 2 0 2 0 0 0 0 0 0 2 2 0 0 1 0 0 0 0 0 0 2 0 1 1 1 2 1 2 2 1 1 2 0 1 1 1 1 2 2 2 2 2 1 1 2 2 0 0 0 0 1 0 1 1 1 1 1 1 1 1 1 1 1 0 1 0 1 1 0 1 1 1 1 1 1 1 1 1 1 1 1 1 1 1 2 1 1 1 1 1 2 2 2 2 1 1 1 2 0 2 1 1 0 1 2 2 1 1 1 2 2 2 2 2 2 2 2 2 2 1 1 1 1 2 2 1 2 2 2 2 2 1 2 1 2 2 2 2 2 2 2 2 2 0 2 0 1 0 

 Inviabilidades: 0 
FO: 68071.431169
Tempo total:63.120
######################## FIM ###################

 ######################## 450 ###################

Vetor de solucoes: 
1 2 2 2 1 2 0 2 1 0 1 2 2 2 2 2 1 1 1 0 1 1 2 1 2 1 1 1 0 2 0 0 2 1 2 1 1 1 1 1 1 2 2 1 1 0 1 1 1 1 1 1 2 1 0 0 0 2 0 2 2 0 0 2 0 0 0 0 0 2 2 2 2 2 0 0 2 2 1 1 1 1 0 1 0 0 0 0 0 0 0 0 0 0 0 1 0 1 0 0 1 0 0 0 0 0 0 0 0 0 0 0 0 0 0 0 2 0 0 0 0 0 2 2 2 2 0 0 0 2 1 2 0 0 1 0 2 2 0 0 0 2 2 2 2 2 2 2 2 2 2 0 0 0 0 2 2 0 2 2 2 2 2 0 2 0 2 2 2 2 2 2 2 2 2 1 2 1 0 1 

 Inviabilidades: 0 
FO: 68071.487976
Tempo total:63.556
######################## FIM ###################

 ######################## 450 ###################

Vetor de solucoes: 
2 1 1 1 2 1 1 1 2 0 2 1 1 1 1 1 2 2 2 0 2 2 1 2 1 2 2 2 0 1 0 0 1 2 1 2 2 2 2 2 2 1 1 2 2 0 2 2 2 2 2 2 1 2 0 0 0 1 0 1 1 0 0 1 2 0 0 0 0 1 1 1 1 1 0 0 1 1 2 2 2 2 0 2 0 0 0 0 0 0 0 0 0 0 0 2 0 2 0 0 2 0 0 0 0 0 0 0 0 0 0 0 0 0 0 0 1 0 0 0 0 0 1 1 1 1 0 0 0 1 2 1 0 0 2 0 1 1 0 0 0 1 1 1 1 1 1 1 1 1 1 0 0 0 0 1 1 0 1 1 1 1 1 0 1 0 1 1 1 1 1 1 1 1 1 2 1 2 0 2 

 Inviabilidades: 0 
FO: 68071.431169
Tempo total:63.527
######################## FIM ###################

 ######################## 450 ###################

Vetor de solucoes: 
1 2 1 1 1 2 2 1 1 2 1 1 2 2 1 2 0 1 1 0 1 1 1 1 2 1 1 1 2 1 2 2 1 0 2 1 1 1 1 1 1 2 1 1 1 2 1 1 1 1 1 1 1 1 2 2 2 2 2 2 2 2 2 1 0 0 0 2 2 2 1 2 2 1 2 2 2 1 0 0 0 0 0 0 0 0 0 0 0 0 0 0 0 0 0 0 0 0 2 2 1 0 0 0 2 2 2 2 2 2 2 0 0 0 2 2 1 2 0 0 2 2 1 2 2 2 2 2 2 1 1 0 2 0 0 0 1 2 2 2 2 1 1 1 2 1 2 1 1 1 1 2 2 2 0 1 1 2 1 2 1 1 2 0 1 2 1 2 1 1 2 1 2 1 1 1 1 0 2 1 

 Inviabilidades: 0 
FO: 68533.843088
Tempo total:63.130
######################## FIM ###################

 ######################## 450 ###################

Vetor de solucoes: 
2 1 1 1 2 1 1 1 2 0 2 1 1 1 1 1 2 2 2 0 2 2 1 2 1 2 2 2 0 1 0 0 1 2 1 2 2 2 2 2 2 1 1 2 2 0 2 1 2 2 2 2 1 2 0 0 0 1 0 1 1 0 0 1 0 0 0 0 0 1 1 1 1 1 0 0 1 1 2 1 2 2 0 0 0 0 0 0 0 0 0 0 0 0 0 2 0 2 0 0 2 0 0 0 0 0 0 0 0 0 0 0 0 0 0 0 1 0 0 0 0 0 2 1 1 1 0 0 0 2 2 1 1 0 2 0 1 1 0 1 1 1 1 1 1 1 1 1 1 1 2 1 0 0 0 1 2 0 1 1 1 1 1 0 2 0 1 1 1 1 1 1 1 1 1 2 1 2 0 2 

 Inviabilidades: 0 
FO: 68102.371436
Tempo total:63.256
######################## FIM ###################

 ######################## 450 ###################

Vetor de solucoes: 
1 0 0 0 1 0 0 0 1 2 1 0 0 0 0 0 1 1 1 2 1 1 0 1 0 1 1 1 2 0 2 2 0 1 0 1 1 1 1 1 1 0 0 1 1 2 1 0 1 1 1 1 0 1 2 2 2 0 2 0 0 2 2 0 2 2 2 2 2 0 0 0 0 0 2 2 0 0 1 0 1 1 2 2 2 2 2 2 2 2 2 2 2 2 2 1 2 1 2 2 1 2 2 2 2 2 2 2 2 2 2 2 2 2 2 2 0 2 2 2 2 2 1 0 0 0 2 2 2 1 1 0 0 2 1 2 0 0 2 0 0 0 0 0 0 0 0 0 0 0 1 0 2 2 2 0 1 2 0 0 0 0 0 2 1 2 0 0 0 0 0 0 0 0 0 1 0 1 2 1 

 Inviabilidades: 0 
FO: 68102.371436
Tempo total:63.322
######################## FIM ###################

 ######################## 450 ###################

Vetor de solucoes: 
0 1 0 0 0 0 1 0 0 1 0 0 0 1 0 1 2 0 0 2 0 0 0 0 0 0 0 0 1 0 1 1 0 2 1 0 0 0 0 0 0 0 0 0 0 1 0 0 0 0 0 0 0 0 1 1 1 1 1 0 1 1 1 0 2 2 2 1 1 1 0 0 1 0 1 1 1 0 2 0 2 2 2 2 2 2 2 2 2 2 2 2 2 2 2 2 2 2 1 1 2 2 2 2 1 1 1 1 1 1 1 2 2 2 1 1 0 1 2 2 1 1 0 0 1 1 1 1 1 0 0 0 1 2 2 2 0 0 1 1 1 0 0 0 0 0 1 0 0 0 0 1 1 1 2 0 0 1 0 1 0 0 1 2 0 1 0 0 0 0 1 0 1 0 0 0 0 2 1 0 

 Inviabilidades: 0 
FO: 68492.168068
Tempo total:64.099
######################## FIM ###################

 ######################## 450 ###################

Vetor de solucoes: 
1 2 2 2 1 2 0 2 1 0 1 2 2 2 2 2 1 1 1 0 1 1 2 1 2 1 1 1 0 2 0 0 2 1 2 1 1 1 1 1 1 2 2 1 1 0 1 1 1 1 1 1 2 1 0 0 0 2 0 2 2 0 0 2 0 0 0 0 0 2 2 2 2 2 0 0 2 2 1 1 1 1 0 1 0 0 0 0 0 0 0 0 0 0 0 1 0 1 0 0 1 0 0 0 0 0 0 0 0 0 0 0 0 0 0 0 2 0 0 0 0 0 2 2 2 2 0 0 0 2 1 2 0 0 1 0 2 2 0 0 0 2 2 2 2 2 2 2 2 2 2 0 0 0 0 2 2 0 2 2 2 2 2 0 2 0 2 2 2 2 2 2 2 2 2 1 2 1 0 1 

 Inviabilidades: 0 
FO: 68071.487976
Tempo total:63.352
######################## FIM ###################

 ######################## 450 ###################

Vetor de solucoes: 
2 1 0 0 2 0 0 2 2 1 2 0 1 1 1 2 2 2 2 2 2 2 2 2 2 2 2 2 2 2 1 1 1 2 1 2 2 2 2 0 2 2 1 2 2 1 2 0 0 2 2 0 1 2 1 1 1 1 2 1 2 1 1 2 1 2 2 1 1 1 2 1 1 2 1 1 1 2 0 0 2 2 0 2 2 2 2 2 2 2 0 0 2 1 2 2 2 2 0 1 2 0 2 2 1 1 1 1 1 1 1 2 2 2 1 1 2 0 0 2 1 1 2 0 1 0 1 1 1 2 2 2 1 2 2 2 2 0 1 1 1 0 2 0 0 0 1 0 0 2 2 1 1 1 0 2 2 1 2 1 0 0 0 0 2 1 2 1 0 1 0 0 0 0 0 2 2 2 1 2 

 Inviabilidades: 187 
FO: 73198.814473
Tempo total:100.909
######################## FIM ###################

 ######################## 450 ###################

Vetor de solucoes: 
0 1 2 2 0 2 2 0 0 1 0 2 1 1 1 0 0 0 0 0 0 0 0 0 0 0 0 0 0 0 1 1 1 0 1 0 0 0 0 2 0 0 1 0 0 1 0 2 2 0 0 2 1 0 1 1 1 1 0 1 0 1 1 0 1 0 0 1 1 1 0 1 1 0 1 1 1 0 2 2 0 0 2 0 0 0 0 0 0 0 2 2 0 1 0 0 0 0 2 1 0 2 0 0 1 1 1 1 1 1 1 0 0 0 1 1 0 2 2 0 1 1 0 2 1 2 1 1 1 0 0 0 1 0 0 0 0 2 1 1 1 2 0 2 2 2 1 2 2 0 0 1 1 1 2 0 0 1 0 1 2 2 2 2 0 1 0 1 2 1 2 2 2 2 2 0 0 0 1 0 

 Inviabilidades: 187 
FO: 73198.814473
Tempo total:100.263
######################## FIM ###################

 ######################## 450 ###################

Vetor de solucoes: 
0 2 1 1 0 1 1 0 0 2 0 1 2 2 2 0 0 0 0 0 0 0 0 0 0 0 0 0 0 0 2 2 2 0 2 0 0 0 0 1 0 0 2 0 0 2 0 1 1 0 0 1 2 0 2 2 2 2 0 2 0 2 2 0 2 0 0 2 2 2 0 2 2 0 2 2 2 0 1 1 0 0 1 0 0 0 0 0 0 0 1 1 0 2 0 0 0 0 1 2 0 1 0 0 2 2 2 2 2 2 2 0 0 0 2 2 0 1 1 0 2 2 0 1 2 1 2 2 2 0 0 0 2 0 0 0 0 1 2 2 2 1 0 1 1 1 2 1 1 0 0 2 2 2 1 0 0 2 0 2 1 1 1 1 0 2 0 2 1 2 1 1 1 1 1 0 0 0 2 0 

 Inviabilidades: 187 
FO: 73198.814473
Tempo total:99.763
######################## FIM ###################

 ######################## 450 ###################

Vetor de solucoes: 
1 2 0 0 1 0 0 1 1 2 1 0 2 2 2 1 1 1 1 1 1 1 1 1 1 1 1 1 1 1 2 2 2 1 2 1 1 1 1 0 1 1 2 1 1 2 1 0 0 1 1 0 2 1 2 2 2 2 1 2 1 2 2 1 2 1 1 2 2 2 1 2 2 1 2 2 2 1 0 0 1 1 0 1 1 1 1 1 1 1 0 0 1 2 1 1 1 1 0 2 1 0 1 1 2 2 2 2 2 2 2 1 1 1 2 2 1 0 0 1 2 2 1 0 2 0 2 2 2 1 1 1 2 1 1 1 1 0 2 2 2 0 1 0 0 0 2 0 0 1 1 2 2 2 0 1 1 2 1 2 0 0 0 0 1 2 1 2 0 2 0 0 0 0 0 1 1 1 2 1 

 Inviabilidades: 187 
FO: 73198.814473
Tempo total:101.790
######################## FIM ###################

 ######################## 450 ###################

Vetor de solucoes: 
0 1 2 2 0 2 2 0 0 1 0 2 1 1 1 0 0 0 0 0 0 0 0 0 0 0 0 0 0 0 1 1 1 0 1 0 0 0 0 2 0 0 1 0 0 1 0 2 2 0 0 2 1 0 1 1 1 1 0 1 0 1 1 0 1 0 0 1 1 1 0 1 1 0 1 1 1 0 2 2 0 0 2 0 0 0 0 0 0 0 2 2 0 1 0 0 0 0 2 1 0 2 0 0 1 1 1 1 1 1 1 0 0 0 1 1 0 2 2 0 1 1 0 2 1 2 1 1 1 0 0 0 1 0 0 0 0 2 1 1 1 2 0 2 2 2 1 2 2 0 0 1 1 1 2 0 0 1 0 1 2 2 2 2 0 1 0 1 2 1 2 2 2 2 2 0 0 0 1 0 

 Inviabilidades: 187 
FO: 73198.814473
Tempo total:102.930
######################## FIM ###################

 ######################## 450 ###################

Vetor de solucoes: 
0 1 2 2 0 2 2 0 0 1 0 2 1 1 1 0 0 0 0 0 0 0 0 0 0 0 0 0 0 0 1 1 1 0 1 0 0 0 0 2 0 0 1 0 0 1 0 2 2 0 0 2 1 0 1 1 1 1 0 1 0 1 1 0 1 0 0 1 1 1 0 1 1 0 1 1 1 0 2 2 0 0 2 0 0 0 0 0 0 0 2 2 0 1 0 0 0 0 2 1 0 2 0 0 1 1 1 1 1 1 1 0 0 0 1 1 0 2 2 0 1 1 0 2 1 2 1 1 1 0 0 0 1 0 0 0 0 2 1 1 1 2 0 2 2 2 1 2 2 0 0 1 1 1 2 0 0 1 0 1 2 2 2 2 0 1 0 1 2 1 2 2 2 2 2 0 0 0 1 0 

 Inviabilidades: 187 
FO: 73198.814473
Tempo total:100.786
######################## FIM ###################

 ######################## 450 ###################

Vetor de solucoes: 
0 1 2 2 0 2 2 0 0 1 0 2 1 1 1 0 0 0 0 0 0 0 0 0 0 0 0 0 0 0 1 1 1 0 1 0 0 0 0 2 0 0 1 0 0 1 0 2 2 0 0 2 1 0 1 1 1 1 0 1 0 1 1 0 1 0 0 1 1 1 0 1 1 0 1 1 1 0 2 2 0 0 2 0 0 0 0 0 0 0 2 2 0 1 0 0 0 0 2 1 0 2 0 0 1 1 1 1 1 1 1 0 0 0 1 1 0 2 2 0 1 1 0 2 1 2 1 1 1 0 0 0 1 0 0 0 0 2 1 1 1 2 0 2 2 2 1 2 2 0 0 1 1 1 2 0 0 1 0 1 2 2 2 2 0 1 0 1 2 1 2 2 2 2 2 0 0 0 1 0 

 Inviabilidades: 187 
FO: 73198.814473
Tempo total:99.699
######################## FIM ###################

 ######################## 450 ###################

Vetor de solucoes: 
0 2 1 1 0 1 1 0 0 2 0 1 2 2 2 0 0 0 0 0 0 0 0 0 0 0 0 0 0 0 2 2 2 0 2 0 0 0 0 1 0 0 2 0 0 2 0 1 1 0 0 1 2 0 2 2 2 2 0 2 0 2 2 0 2 0 0 2 2 2 0 2 2 0 2 2 2 0 1 1 0 0 1 0 0 0 0 0 0 0 1 1 0 2 0 0 0 0 1 2 0 1 0 0 2 2 2 2 2 2 2 0 0 0 2 2 0 1 1 0 2 2 0 1 2 1 2 2 2 0 0 0 2 0 0 0 0 1 2 2 2 1 0 1 1 1 2 1 1 0 0 2 2 2 1 0 0 2 0 2 1 1 1 1 0 2 0 2 1 2 1 1 1 1 1 0 0 0 2 0 

 Inviabilidades: 187 
FO: 73198.814473
Tempo total:99.935
######################## FIM ###################

 ######################## 450 ###################

Vetor de solucoes: 
2 1 0 0 2 0 0 2 2 1 2 0 1 1 1 2 2 2 2 2 2 2 2 2 2 2 2 2 2 2 1 1 1 2 1 2 2 2 2 0 2 2 1 2 2 1 2 0 0 2 2 0 1 2 1 1 1 1 2 1 2 1 1 2 1 2 2 1 1 1 2 1 1 2 1 1 1 2 0 0 2 2 0 2 2 2 2 2 2 2 0 0 2 1 2 2 2 2 0 1 2 0 2 2 1 1 1 1 1 1 1 2 2 2 1 1 2 0 0 2 1 1 2 0 1 0 1 1 1 2 2 2 1 2 2 2 2 0 1 1 1 0 2 0 0 0 1 0 0 2 2 1 1 1 0 2 2 1 2 1 0 0 0 0 2 1 2 1 0 1 0 0 0 0 0 2 2 2 1 2 

 Inviabilidades: 187 
FO: 73198.814473
Tempo total:99.901
######################## FIM ###################

 ######################## 450 ###################

Vetor de solucoes: 
0 1 2 2 0 2 2 0 0 1 0 2 1 1 1 0 0 0 0 0 0 0 0 0 0 0 0 0 0 0 1 1 1 0 1 0 0 0 0 2 0 0 1 0 0 1 0 2 2 0 0 2 1 0 1 1 1 1 0 1 0 1 1 0 1 0 0 1 1 1 0 1 1 0 1 1 1 0 2 2 0 0 2 0 0 0 0 0 0 0 2 2 0 1 0 0 0 0 2 1 0 2 0 0 1 1 1 1 1 1 1 0 0 0 1 1 0 2 2 0 1 1 0 2 1 2 1 1 1 0 0 0 1 0 0 0 0 2 1 1 1 2 0 2 2 2 1 2 2 0 0 1 1 1 2 0 0 1 0 1 2 2 2 2 0 1 0 1 2 1 2 2 2 2 2 0 0 0 1 0 

 Inviabilidades: 187 
FO: 73198.814473
Tempo total:100.322
######################## FIM ###################

 ######################## 450 ###################

Vetor de solucoes: 
0 1 2 2 0 2 2 0 0 1 0 2 1 1 1 0 0 0 0 0 0 0 0 0 0 0 0 0 0 0 1 1 1 0 1 0 0 0 0 2 0 0 1 0 0 1 0 2 2 0 0 2 1 0 1 1 1 1 0 1 0 1 1 0 1 0 0 1 1 1 0 1 1 0 1 1 1 0 2 2 0 0 2 0 0 0 0 0 0 0 2 2 0 1 0 0 0 0 2 1 0 2 0 0 1 1 1 1 1 1 1 0 0 0 1 1 0 2 2 0 1 1 0 2 1 2 1 1 1 0 0 0 1 0 0 0 0 2 1 1 1 2 0 2 2 2 1 2 2 0 0 1 1 1 2 0 0 1 0 1 2 2 2 2 0 1 0 1 2 1 2 2 2 2 2 0 0 0 1 0 

 Inviabilidades: 187 
FO: 73198.814473
Tempo total:100.590
######################## FIM ###################

 ######################## 450 ###################

Vetor de solucoes: 
0 1 2 2 0 2 2 0 0 1 0 2 1 1 1 0 0 0 0 0 0 0 0 0 0 0 0 0 0 0 1 1 1 0 1 0 0 0 0 2 0 0 1 0 0 1 0 2 2 0 0 2 1 0 1 1 1 1 0 1 0 1 1 0 1 0 0 1 1 1 0 1 1 0 1 1 1 0 2 2 0 0 2 0 0 0 0 0 0 0 2 2 0 1 0 0 0 0 2 1 0 2 0 0 1 1 1 1 1 1 1 0 0 0 1 1 0 2 2 0 1 1 0 2 1 2 1 1 1 0 0 0 1 0 0 0 0 2 1 1 1 2 0 2 2 2 1 2 2 0 0 1 1 1 2 0 0 1 0 1 2 2 2 2 0 1 0 1 2 1 2 2 2 2 2 0 0 0 1 0 

 Inviabilidades: 187 
FO: 73198.814473
Tempo total:100.029
######################## FIM ###################

 ######################## 450 ###################

Vetor de solucoes: 
0 1 2 2 0 2 2 0 0 1 0 2 1 1 1 0 0 0 0 0 0 0 0 0 0 0 0 0 0 0 1 1 1 0 1 0 0 0 0 2 0 0 1 0 0 1 0 2 2 0 0 2 1 0 1 1 1 1 0 1 0 1 1 0 1 0 0 1 1 1 0 1 1 0 1 1 1 0 2 2 0 0 2 0 0 0 0 0 0 0 2 2 0 1 0 0 0 0 2 1 0 2 0 0 1 1 1 1 1 1 1 0 0 0 1 1 0 2 2 0 1 1 0 2 1 2 1 1 1 0 0 0 1 0 0 0 0 2 1 1 1 2 0 2 2 2 1 2 2 0 0 1 1 1 2 0 0 1 0 1 2 2 2 2 0 1 0 1 2 1 2 2 2 2 2 0 0 0 1 0 

 Inviabilidades: 187 
FO: 73198.814473
Tempo total:105.628
######################## FIM ###################

 ######################## 450 ###################

Vetor de solucoes: 
1 2 0 0 1 0 0 1 1 2 1 0 2 2 2 1 1 1 1 1 1 1 1 1 1 1 1 1 1 1 2 2 2 1 2 1 1 1 1 0 1 1 2 1 1 2 1 0 0 1 1 0 2 1 2 2 2 2 1 2 1 2 2 1 2 1 1 2 2 2 1 2 2 1 2 2 2 1 0 0 1 1 0 1 1 1 1 1 1 1 0 0 1 2 1 1 1 1 0 2 1 0 1 1 2 2 2 2 2 2 2 1 1 1 2 2 1 0 0 1 2 2 1 0 2 0 2 2 2 1 1 1 2 1 1 1 1 0 2 2 2 0 1 0 0 0 2 0 0 1 1 2 2 2 0 1 1 2 1 2 0 0 0 0 1 2 1 2 0 2 0 0 0 0 0 1 1 1 2 1 

 Inviabilidades: 187 
FO: 73198.814473
Tempo total:100.375
######################## FIM ###################

 ######################## 450 ###################

Vetor de solucoes: 
0 1 2 2 0 2 2 0 0 1 0 2 1 1 1 0 0 0 0 0 0 0 0 0 0 0 0 0 0 0 1 1 1 0 1 0 0 0 0 2 0 0 1 0 0 1 0 2 2 0 0 2 1 0 1 1 1 1 0 1 0 1 1 0 1 0 0 1 1 1 0 1 1 0 1 1 1 0 2 2 0 0 2 0 0 0 0 0 0 0 2 2 0 1 0 0 0 0 2 1 0 2 0 0 1 1 1 1 1 1 1 0 0 0 1 1 0 2 2 0 1 1 0 2 1 2 1 1 1 0 0 0 1 0 0 0 0 2 1 1 1 2 0 2 2 2 1 2 2 0 0 1 1 1 2 0 0 1 0 1 2 2 2 2 0 1 0 1 2 1 2 2 2 2 2 0 0 0 1 0 

 Inviabilidades: 187 
FO: 73198.814473
Tempo total:99.839
######################## FIM ###################

 ######################## 450 ###################

Vetor de solucoes: 
1 2 0 0 1 0 0 1 1 2 1 0 2 2 2 1 1 1 1 1 1 1 1 1 1 1 1 1 1 1 2 2 2 1 2 1 1 1 1 0 1 1 2 1 1 2 1 0 0 1 1 0 2 1 2 2 2 2 1 2 1 2 2 1 2 1 1 2 2 2 1 2 2 1 2 2 2 1 0 0 1 1 0 1 1 1 1 1 1 1 0 0 1 2 1 1 1 1 0 2 1 0 1 1 2 2 2 2 2 2 2 1 1 1 2 2 1 0 0 1 2 2 1 0 2 0 2 2 2 1 1 1 2 1 1 1 1 0 2 2 2 0 1 0 0 0 2 0 0 1 1 2 2 2 0 1 1 2 1 2 0 0 0 0 1 2 1 2 0 2 0 0 0 0 0 1 1 1 2 1 

 Inviabilidades: 187 
FO: 73198.814473
Tempo total:100.016
######################## FIM ###################

 ######################## 450 ###################

Vetor de solucoes: 
2 0 1 1 2 1 1 2 2 0 2 1 0 0 0 2 2 2 2 2 2 2 2 2 2 2 2 2 2 2 0 0 0 2 0 2 2 2 2 1 2 2 0 2 2 0 2 1 1 2 2 1 0 2 0 0 0 0 2 0 2 0 0 2 0 2 2 0 0 0 2 0 0 2 0 0 0 2 1 1 2 2 1 2 2 2 2 2 2 2 1 1 2 0 2 2 2 2 1 0 2 1 2 2 0 0 0 0 0 0 0 2 2 2 0 0 2 1 1 2 0 0 2 1 0 1 0 0 0 2 2 2 0 2 2 2 2 1 0 0 0 1 2 1 1 1 0 1 1 2 2 0 0 0 1 2 2 0 2 0 1 1 1 1 2 0 2 0 1 0 1 1 1 1 1 2 2 2 0 2 

 Inviabilidades: 187 
FO: 73198.814473
Tempo total:100.528
######################## FIM ###################

 ######################## 450 ###################

Vetor de solucoes: 
0 2 1 1 0 1 1 0 0 2 0 1 2 2 2 0 0 0 0 0 0 0 0 0 0 0 0 0 0 0 2 2 2 0 2 0 0 0 0 1 0 0 2 0 0 2 0 1 1 0 0 1 2 0 2 2 2 2 0 2 0 2 2 0 2 0 0 2 2 2 0 2 2 0 2 2 2 0 1 1 0 0 1 0 0 0 0 0 0 0 1 1 0 2 0 0 0 0 1 2 0 1 0 0 2 2 2 2 2 2 2 0 0 0 2 2 0 1 1 0 2 2 0 1 2 1 2 2 2 0 0 0 2 0 0 0 0 1 2 2 2 1 0 1 1 1 2 1 1 0 0 2 2 2 1 0 0 2 0 2 1 1 1 1 0 2 0 2 1 2 1 1 1 1 1 0 0 0 2 0 

 Inviabilidades: 187 
FO: 73198.814473
Tempo total:99.662
######################## FIM ###################

 ######################## 450 ###################

Vetor de solucoes: 
2 0 1 1 2 1 1 2 2 0 2 1 0 0 0 2 2 2 2 2 2 2 2 2 2 2 2 2 2 2 0 0 0 2 0 2 2 2 2 1 2 2 0 2 2 0 2 1 1 2 2 1 0 2 0 0 0 0 2 0 2 0 0 2 0 2 2 0 0 0 2 0 0 2 0 0 0 2 1 1 2 2 1 2 2 2 2 2 2 2 1 1 2 0 2 2 2 2 1 0 2 1 2 2 0 0 0 0 0 0 0 2 2 2 0 0 2 1 1 2 0 0 2 1 0 1 0 0 0 2 2 2 0 2 2 2 2 1 0 0 0 1 2 1 1 1 0 1 1 2 2 0 0 0 1 2 2 0 2 0 1 1 1 1 2 0 2 0 1 0 1 1 1 1 1 2 2 2 0 2 

 Inviabilidades: 187 
FO: 73198.814473
Tempo total:100.086
######################## FIM ###################

 ######################## 450 ###################

Vetor de solucoes: 
0 2 1 1 0 1 1 0 0 2 0 1 2 2 2 0 0 0 0 0 0 0 0 0 0 0 0 0 0 0 2 2 2 0 2 0 0 0 0 1 0 0 2 0 0 2 0 1 1 0 0 1 2 0 2 2 2 2 0 2 0 2 2 0 2 0 0 2 2 2 0 2 2 0 2 2 2 0 1 1 0 0 1 0 0 0 0 0 0 0 1 1 0 2 0 0 0 0 1 2 0 1 0 0 2 2 2 2 2 2 2 0 0 0 2 2 0 1 1 0 2 2 0 1 2 1 2 2 2 0 0 0 2 0 0 0 0 1 2 2 2 1 0 1 1 1 2 1 1 0 0 2 2 2 1 0 0 2 0 2 1 1 1 1 0 2 0 2 1 2 1 1 1 1 1 0 0 0 2 0 

 Inviabilidades: 187 
FO: 73198.814473
Tempo total:104.557
######################## FIM ###################

 ######################## 450 ###################

Vetor de solucoes: 
0 2 1 1 0 1 1 0 0 2 0 1 2 2 2 0 0 0 0 0 0 0 0 0 0 0 0 0 0 0 2 2 2 0 2 0 0 0 0 1 0 0 2 0 0 2 0 1 1 0 0 1 2 0 2 2 2 2 0 2 0 2 2 0 2 0 0 2 2 2 0 2 2 0 2 2 2 0 1 1 0 0 1 0 0 0 0 0 0 0 1 1 0 2 0 0 0 0 1 2 0 1 0 0 2 2 2 2 2 2 2 0 0 0 2 2 0 1 1 0 2 2 0 1 2 1 2 2 2 0 0 0 2 0 0 0 0 1 2 2 2 1 0 1 1 1 2 1 1 0 0 2 2 2 1 0 0 2 0 2 1 1 1 1 0 2 0 2 1 2 1 1 1 1 1 0 0 0 2 0 

 Inviabilidades: 187 
FO: 73198.814473
Tempo total:101.451
######################## FIM ###################

 ######################## 450 ###################

Vetor de solucoes: 
0 1 2 2 0 2 2 0 0 1 0 2 1 1 1 0 0 0 0 0 0 0 0 0 0 0 0 0 0 0 1 1 1 0 1 0 0 0 0 2 0 0 1 0 0 1 0 2 2 0 0 2 1 0 1 1 1 1 0 1 0 1 1 0 1 0 0 1 1 1 0 1 1 0 1 1 1 0 2 2 0 0 2 0 0 0 0 0 0 0 2 2 0 1 0 0 0 0 2 1 0 2 0 0 1 1 1 1 1 1 1 0 0 0 1 1 0 2 2 0 1 1 0 2 1 2 1 1 1 0 0 0 1 0 0 0 0 2 1 1 1 2 0 2 2 2 1 2 2 0 0 1 1 1 2 0 0 1 0 1 2 2 2 2 0 1 0 1 2 1 2 2 2 2 2 0 0 0 1 0 

 Inviabilidades: 187 
FO: 73198.814473
Tempo total:102.135
######################## FIM ###################

 ######################## 450 ###################

Vetor de solucoes: 
0 2 1 1 0 1 1 0 0 2 0 1 2 2 2 0 0 0 0 0 0 0 0 0 0 0 0 0 0 0 2 2 2 0 2 0 0 0 0 1 0 0 2 0 0 2 0 1 1 0 0 1 2 0 2 2 2 2 0 2 0 2 2 0 2 0 0 2 2 2 0 2 2 0 2 2 2 0 1 1 0 0 1 0 0 0 0 0 0 0 1 1 0 2 0 0 0 0 1 2 0 1 0 0 2 2 2 2 2 2 2 0 0 0 2 2 0 1 1 0 2 2 0 1 2 1 2 2 2 0 0 0 2 0 0 0 0 1 2 2 2 1 0 1 1 1 2 1 1 0 0 2 2 2 1 0 0 2 0 2 1 1 1 1 0 2 0 2 1 2 1 1 1 1 1 0 0 0 2 0 

 Inviabilidades: 187 
FO: 73198.814473
Tempo total:101.029
######################## FIM ###################

 ######################## 450 ###################

Vetor de solucoes: 
0 2 1 1 0 1 1 0 0 2 0 1 2 2 2 0 0 0 0 0 0 0 0 0 0 0 0 0 0 0 2 2 2 0 2 0 0 0 0 1 0 0 2 0 0 2 0 1 1 0 0 1 2 0 2 2 2 2 0 2 0 2 2 0 2 0 0 2 2 2 0 2 2 0 2 2 2 0 1 1 0 0 1 0 0 0 0 0 0 0 1 1 0 2 0 0 0 0 1 2 0 1 0 0 2 2 2 2 2 2 2 0 0 0 2 2 0 1 1 0 2 2 0 1 2 1 2 2 2 0 0 0 2 0 0 0 0 1 2 2 2 1 0 1 1 1 2 1 1 0 0 2 2 2 1 0 0 2 0 2 1 1 1 1 0 2 0 2 1 2 1 1 1 1 1 0 0 0 2 0 

 Inviabilidades: 187 
FO: 73198.814473
Tempo total:103.003
######################## FIM ###################

 ######################## 450 ###################

Vetor de solucoes: 
1 2 0 0 1 0 0 1 1 2 1 0 2 2 2 1 1 1 1 1 1 1 1 1 1 1 1 1 1 1 2 2 2 1 2 1 1 1 1 0 1 1 2 1 1 2 1 0 0 1 1 0 2 1 2 2 2 2 1 2 1 2 2 1 2 1 1 2 2 2 1 2 2 1 2 2 2 1 0 0 1 1 0 1 1 1 1 1 1 1 0 0 1 2 1 1 1 1 0 2 1 0 1 1 2 2 2 2 2 2 2 1 1 1 2 2 1 0 0 1 2 2 1 0 2 0 2 2 2 1 1 1 2 1 1 1 1 0 2 2 2 0 1 0 0 0 2 0 0 1 1 2 2 2 0 1 1 2 1 2 0 0 0 0 1 2 1 2 0 2 0 0 0 0 0 1 1 1 2 1 

 Inviabilidades: 187 
FO: 73198.814473
Tempo total:102.336
######################## FIM ###################

 ######################## 450 ###################

Vetor de solucoes: 
0 2 1 1 0 1 1 0 0 2 0 1 2 2 2 0 0 0 0 0 0 0 0 0 0 0 0 0 0 0 2 2 2 0 2 0 0 0 0 1 0 0 2 0 0 2 0 1 1 0 0 1 2 0 2 2 2 2 0 2 0 2 2 0 2 0 0 2 2 2 0 2 2 0 2 2 2 0 1 1 0 0 1 0 0 0 0 0 0 0 1 1 0 2 0 0 0 0 1 2 0 1 0 0 2 2 2 2 2 2 2 0 0 0 2 2 0 1 1 0 2 2 0 1 2 1 2 2 2 0 0 0 2 0 0 0 0 1 2 2 2 1 0 1 1 1 2 1 1 0 0 2 2 2 1 0 0 2 0 2 1 1 1 1 0 2 0 2 1 2 1 1 1 1 1 0 0 0 2 0 

 Inviabilidades: 187 
FO: 73198.814473
Tempo total:100.729
######################## FIM ###################

 ######################## 450 ###################

Vetor de solucoes: 
1 0 2 2 1 2 2 1 1 0 1 2 0 0 0 1 1 1 1 1 1 1 1 1 1 1 1 1 1 1 0 0 0 1 0 1 1 1 1 2 1 1 0 1 1 0 1 2 2 1 1 2 0 1 0 0 0 0 1 0 1 0 0 1 0 1 1 0 0 0 1 0 0 1 0 0 0 1 2 2 1 1 2 1 1 1 1 1 1 1 2 2 1 0 1 1 1 1 2 0 1 2 1 1 0 0 0 0 0 0 0 1 1 1 0 0 1 2 2 1 0 0 1 2 0 2 0 0 0 1 1 1 0 1 1 1 1 2 0 0 0 2 1 2 2 2 0 2 2 1 1 0 0 0 2 1 1 0 1 0 2 2 2 2 1 0 1 0 2 0 2 2 2 2 2 1 1 1 0 1 

 Inviabilidades: 187 
FO: 73198.814473
Tempo total:100.317
######################## FIM ###################

 ######################## 450 ###################

Vetor de solucoes: 
1 0 2 2 1 2 2 1 1 0 1 2 0 0 0 1 1 1 1 1 1 1 1 1 1 1 1 1 1 1 0 0 0 1 0 1 1 1 1 2 1 1 0 1 1 0 1 2 2 1 1 2 0 1 0 0 0 0 1 0 1 0 0 1 0 1 1 0 0 0 1 0 0 1 0 0 0 1 2 2 1 1 2 1 1 1 1 1 1 1 2 2 1 0 1 1 1 1 2 0 1 2 1 1 0 0 0 0 0 0 0 1 1 1 0 0 1 2 2 1 0 0 1 2 0 2 0 0 0 1 1 1 0 1 1 1 1 2 0 0 0 2 1 2 2 2 0 2 2 1 1 0 0 0 2 1 1 0 1 0 2 2 2 2 1 0 1 0 2 0 2 2 2 2 2 1 1 1 0 1 

 Inviabilidades: 187 
FO: 73198.814473
Tempo total:101.701
######################## FIM ###################

 ######################## 450 ###################

Vetor de solucoes: 
0 1 2 2 0 2 2 0 0 1 0 2 1 1 1 0 0 0 0 0 0 0 0 0 0 0 0 0 0 0 1 1 1 0 1 0 0 0 0 2 0 0 1 0 0 1 0 2 2 0 0 2 1 0 1 1 1 1 0 1 0 1 1 0 1 0 0 1 1 1 0 1 1 0 1 1 1 0 2 2 0 0 2 0 0 0 0 0 0 0 2 2 0 1 0 0 0 0 2 1 0 2 0 0 1 1 1 1 1 1 1 0 0 0 1 1 0 2 2 0 1 1 0 2 1 2 1 1 1 0 0 0 1 0 0 0 0 2 1 1 1 2 0 2 2 2 1 2 2 0 0 1 1 1 2 0 0 1 0 1 2 2 2 2 0 1 0 1 2 1 2 2 2 2 2 0 0 0 1 0 

 Inviabilidades: 187 
FO: 73198.814473
Tempo total:100.037
######################## FIM ###################

 ######################## 450 ###################

Vetor de solucoes: 
2 0 1 1 2 1 1 2 2 0 2 1 0 0 0 2 2 2 2 2 2 2 2 2 2 2 2 2 2 2 0 0 0 2 0 2 2 2 2 1 2 2 0 2 2 0 2 1 1 2 2 1 0 2 0 0 0 0 2 0 2 0 0 2 0 2 2 0 0 0 2 0 0 2 0 0 0 2 1 1 2 2 1 2 2 2 2 2 2 2 1 1 2 0 2 2 2 2 1 0 2 1 2 2 0 0 0 0 0 0 0 2 2 2 0 0 2 1 1 2 0 0 2 1 0 1 0 0 0 2 2 2 0 2 2 2 2 1 0 0 0 1 2 1 1 1 0 1 1 2 2 0 0 0 1 2 2 0 2 0 1 1 1 1 2 0 2 0 1 0 1 1 1 1 1 2 2 2 0 2 

 Inviabilidades: 187 
FO: 73198.814473
Tempo total:102.654
######################## FIM ###################

 ######################## 450 ###################

Vetor de solucoes: 
2 1 0 0 2 0 0 2 2 1 2 0 1 1 1 2 2 2 2 2 2 2 2 2 2 2 2 2 2 2 1 1 1 2 1 2 2 2 2 0 2 2 1 2 2 1 2 0 0 2 2 0 1 2 1 1 1 1 2 1 2 1 1 2 1 2 2 1 1 1 2 1 1 2 1 1 1 2 0 0 2 2 0 2 2 2 2 2 2 2 0 0 2 1 2 2 2 2 0 1 2 0 2 2 1 1 1 1 1 1 1 2 2 2 1 1 2 0 0 2 1 1 2 0 1 0 1 1 1 2 2 2 1 2 2 2 2 0 1 1 1 0 2 0 0 0 1 0 0 2 2 1 1 1 0 2 2 1 2 1 0 0 0 0 2 1 2 1 0 1 0 0 0 0 0 2 2 2 1 2 

 Inviabilidades: 187 
FO: 73198.814473
Tempo total:103.604
######################## FIM ###################

 ######################## 450 ###################

Vetor de solucoes: 
0 1 2 2 0 2 2 0 0 1 0 2 1 1 1 0 0 0 0 0 0 0 0 0 0 0 0 0 0 0 1 1 1 0 1 0 0 0 0 2 0 0 1 0 0 1 0 2 2 0 0 2 1 0 1 1 1 1 0 1 0 1 1 0 1 0 0 1 1 1 0 1 1 0 1 1 1 0 2 2 0 0 2 0 0 0 0 0 0 0 2 2 0 1 0 0 0 0 2 1 0 2 0 0 1 1 1 1 1 1 1 0 0 0 1 1 0 2 2 0 1 1 0 2 1 2 1 1 1 0 0 0 1 0 0 0 0 2 1 1 1 2 0 2 2 2 1 2 2 0 0 1 1 1 2 0 0 1 0 1 2 2 2 2 0 1 0 1 2 1 2 2 2 2 2 0 0 0 1 0 

 Inviabilidades: 187 
FO: 73198.814473
Tempo total:100.875
######################## FIM ###################

 ######################## 450 ###################

Vetor de solucoes: 
0 2 1 1 0 1 1 0 0 2 0 1 2 2 2 0 0 0 0 0 0 0 0 0 0 0 0 0 0 0 2 2 2 0 2 0 0 0 0 1 0 0 2 0 0 2 0 1 1 0 0 1 2 0 2 2 2 2 0 2 0 2 2 0 2 0 0 2 2 2 0 2 2 0 2 2 2 0 1 1 0 0 1 0 0 0 0 0 0 0 1 1 0 2 0 0 0 0 1 2 0 1 0 0 2 2 2 2 2 2 2 0 0 0 2 2 0 1 1 0 2 2 0 1 2 1 2 2 2 0 0 0 2 0 0 0 0 1 2 2 2 1 0 1 1 1 2 1 1 0 0 2 2 2 1 0 0 2 0 2 1 1 1 1 0 2 0 2 1 2 1 1 1 1 1 0 0 0 2 0 

 Inviabilidades: 187 
FO: 73198.814473
Tempo total:100.829
######################## FIM ###################

 ######################## 450 ###################

Vetor de solucoes: 
0 2 1 1 0 1 1 0 0 2 0 1 2 2 2 0 0 0 0 0 0 0 0 0 0 0 0 0 0 0 2 2 2 0 2 0 0 0 0 1 0 0 2 0 0 2 0 1 1 0 0 1 2 0 2 2 2 2 0 2 0 2 2 0 2 0 0 2 2 2 0 2 2 0 2 2 2 0 1 1 0 0 1 0 0 0 0 0 0 0 1 1 0 2 0 0 0 0 1 2 0 1 0 0 2 2 2 2 2 2 2 0 0 0 2 2 0 1 1 0 2 2 0 1 2 1 2 2 2 0 0 0 2 0 0 0 0 1 2 2 2 1 0 1 1 1 2 1 1 0 0 2 2 2 1 0 0 2 0 2 1 1 1 1 0 2 0 2 1 2 1 1 1 1 1 0 0 0 2 0 

 Inviabilidades: 187 
FO: 73198.814473
Tempo total:99.674
######################## FIM ###################

 ######################## 450 ###################

Vetor de solucoes: 
2 0 1 1 2 1 1 2 2 0 2 1 0 0 0 2 2 2 2 2 2 2 2 2 2 2 2 2 2 2 0 0 0 2 0 2 2 2 2 1 2 2 0 2 2 0 2 1 1 2 2 1 0 2 0 0 0 0 2 0 2 0 0 2 0 2 2 0 0 0 2 0 0 2 0 0 0 2 1 1 2 2 1 2 2 2 2 2 2 2 1 1 2 0 2 2 2 2 1 0 2 1 2 2 0 0 0 0 0 0 0 2 2 2 0 0 2 1 1 2 0 0 2 1 0 1 0 0 0 2 2 2 0 2 2 2 2 1 0 0 0 1 2 1 1 1 0 1 1 2 2 0 0 0 1 2 2 0 2 0 1 1 1 1 2 0 2 0 1 0 1 1 1 1 1 2 2 2 0 2 

 Inviabilidades: 187 
FO: 73198.814473
Tempo total:100.303
######################## FIM ###################

 ######################## 450 ###################

Vetor de solucoes: 
1 2 0 0 1 0 0 1 1 2 1 0 2 2 2 1 1 1 1 1 1 1 1 1 1 1 1 1 1 1 2 2 2 1 2 1 1 1 1 0 1 1 2 1 1 2 1 0 0 1 1 0 2 1 2 2 2 2 1 2 1 2 2 1 2 1 1 2 2 2 1 2 2 1 2 2 2 1 0 0 1 1 0 1 1 1 1 1 1 1 0 0 1 2 1 1 1 1 0 2 1 0 1 1 2 2 2 2 2 2 2 1 1 1 2 2 1 0 0 1 2 2 1 0 2 0 2 2 2 1 1 1 2 1 1 1 1 0 2 2 2 0 1 0 0 0 2 0 0 1 1 2 2 2 0 1 1 2 1 2 0 0 0 0 1 2 1 2 0 2 0 0 0 0 0 1 1 1 2 1 

 Inviabilidades: 187 
FO: 73198.814473
Tempo total:102.578
######################## FIM ###################

 ######################## 450 ###################

Vetor de solucoes: 
1 0 2 2 1 2 2 1 1 0 1 2 0 0 0 1 1 1 1 1 1 1 1 1 1 1 1 1 1 1 0 0 0 1 0 1 1 1 1 2 1 1 0 1 1 0 1 2 2 1 1 2 0 1 0 0 0 0 1 0 1 0 0 1 0 1 1 0 0 0 1 0 0 1 0 0 0 1 2 2 1 1 2 1 1 1 1 1 1 1 2 2 1 0 1 1 1 1 2 0 1 2 1 1 0 0 0 0 0 0 0 1 1 1 0 0 1 2 2 1 0 0 1 2 0 2 0 0 0 1 1 1 0 1 1 1 1 2 0 0 0 2 1 2 2 2 0 2 2 1 1 0 0 0 2 1 1 0 1 0 2 2 2 2 1 0 1 0 2 0 2 2 2 2 2 1 1 1 0 1 

 Inviabilidades: 187 
FO: 73198.814473
Tempo total:101.672
######################## FIM ###################

 ######################## 450 ###################

Vetor de solucoes: 
2 0 1 1 2 1 1 2 2 0 2 1 0 0 0 2 2 2 2 2 2 2 2 2 2 2 2 2 2 2 0 0 0 2 0 2 2 2 2 1 2 2 0 2 2 0 2 1 1 2 2 1 0 2 0 0 0 0 2 0 2 0 0 2 0 2 2 0 0 0 2 0 0 2 0 0 0 2 1 1 2 2 1 2 2 2 2 2 2 2 1 1 2 0 2 2 2 2 1 0 2 1 2 2 0 0 0 0 0 0 0 2 2 2 0 0 2 1 1 2 0 0 2 1 0 1 0 0 0 2 2 2 0 2 2 2 2 1 0 0 0 1 2 1 1 1 0 1 1 2 2 0 0 0 1 2 2 0 2 0 1 1 1 1 2 0 2 0 1 0 1 1 1 1 1 2 2 2 0 2 

 Inviabilidades: 187 
FO: 73198.814473
Tempo total:101.013
######################## FIM ###################

 ######################## 450 ###################

Vetor de solucoes: 
1 0 2 2 1 2 2 1 1 0 1 2 0 0 0 1 1 1 1 1 1 1 1 1 1 1 1 1 1 1 0 0 0 1 0 1 1 1 1 2 1 1 0 1 1 0 1 2 2 1 1 2 0 1 0 0 0 0 1 0 1 0 0 1 0 1 1 0 0 0 1 0 0 1 0 0 0 1 2 2 1 1 2 1 1 1 1 1 1 1 2 2 1 0 1 1 1 1 2 0 1 2 1 1 0 0 0 0 0 0 0 1 1 1 0 0 1 2 2 1 0 0 1 2 0 2 0 0 0 1 1 1 0 1 1 1 1 2 0 0 0 2 1 2 2 2 0 2 2 1 1 0 0 0 2 1 1 0 1 0 2 2 2 2 1 0 1 0 2 0 2 2 2 2 2 1 1 1 0 1 

 Inviabilidades: 187 
FO: 73198.814473
Tempo total:100.155
######################## FIM ###################

 ######################## 450 ###################

Vetor de solucoes: 
1 0 2 2 1 2 2 1 1 0 1 2 0 0 0 1 1 1 1 1 1 1 1 1 1 1 1 1 1 1 0 0 0 1 0 1 1 1 1 2 1 1 0 1 1 0 1 2 2 1 1 2 0 1 0 0 0 0 1 0 1 0 0 1 0 1 1 0 0 0 1 0 0 1 0 0 0 1 2 2 1 1 2 1 1 1 1 1 1 1 2 2 1 0 1 1 1 1 2 0 1 2 1 1 0 0 0 0 0 0 0 1 1 1 0 0 1 2 2 1 0 0 1 2 0 2 0 0 0 1 1 1 0 1 1 1 1 2 0 0 0 2 1 2 2 2 0 2 2 1 1 0 0 0 2 1 1 0 1 0 2 2 2 2 1 0 1 0 2 0 2 2 2 2 2 1 1 1 0 1 

 Inviabilidades: 187 
FO: 73198.814473
Tempo total:103.755
######################## FIM ###################

 ######################## 450 ###################

Vetor de solucoes: 
2 1 0 0 2 0 0 2 2 1 2 0 1 1 1 2 2 2 2 2 2 2 2 2 2 2 2 2 2 2 1 1 1 2 1 2 2 2 2 0 2 2 1 2 2 1 2 0 0 2 2 0 1 2 1 1 1 1 2 1 2 1 1 2 1 2 2 1 1 1 2 1 1 2 1 1 1 2 0 0 2 2 0 2 2 2 2 2 2 2 0 0 2 1 2 2 2 2 0 1 2 0 2 2 1 1 1 1 1 1 1 2 2 2 1 1 2 0 0 2 1 1 2 0 1 0 1 1 1 2 2 2 1 2 2 2 2 0 1 1 1 0 2 0 0 0 1 0 0 2 2 1 1 1 0 2 2 1 2 1 0 0 0 0 2 1 2 1 0 1 0 0 0 0 0 2 2 2 1 2 

 Inviabilidades: 187 
FO: 73198.814473
Tempo total:102.500
######################## FIM ###################
