
 ######################## 100 ###################

Vetor de solucoes: 
2 2 2 2 2 2 1 0 2 1 2 2 0 1 0 1 1 2 0 1 0 0 0 0 0 2 0 0 0 0 1 1 0 1 0 0 0 0 0 0 0 0 0 2 0 1 0 2 0 0 2 2 2 0 1 1 1 0 1 0 0 1 1 0 1 1 1 1 1 2 2 2 2 0 1 1 2 0 1 2 1 1 1 1 1 1 1 1 1 1 1 1 1 1 1 1 1 0 0 1 0 1 1 1 1 1 1 1 1 1 1 1 1 1 1 1 0 1 1 1 1 1 0 2 2 2 1 1 1 2 0 2 1 0 1 1 2 2 1 1 1 2 2 0 2 2 2 2 2 2 0 1 1 1 2 2 2 1 2 2 2 2 2 1 2 1 2 2 2 2 2 0 2 2 2 0 0 1 1 0 

 Inviabilidades: 2 
FO: 70748.473316
Tempo total:12.172
######################## FIM ###################

 ######################## 100 ###################

Vetor de solucoes: 
1 1 1 0 1 0 2 1 1 2 1 1 1 2 1 2 2 1 2 2 2 2 0 1 2 2 2 1 2 1 2 2 1 2 1 1 2 1 1 1 1 1 1 1 2 2 1 2 1 1 2 1 1 1 2 2 1 1 2 1 1 2 2 1 2 2 2 2 2 2 1 1 1 1 2 2 0 1 2 2 2 2 2 2 2 2 2 2 2 2 2 2 2 2 2 2 2 2 1 2 2 2 2 2 2 2 2 2 2 2 2 2 2 2 2 2 1 1 2 2 2 2 1 0 1 1 2 2 2 1 1 2 2 2 2 2 1 2 2 2 2 1 1 0 0 1 1 0 1 0 1 2 2 2 2 0 1 2 1 1 1 0 0 1 1 2 1 1 1 1 2 1 1 1 1 1 1 2 2 2 

 Inviabilidades: 2 
FO: 73732.314526
Tempo total:13.690
######################## FIM ###################

 ######################## 100 ###################

Vetor de solucoes: 
2 1 2 2 1 1 0 2 2 1 2 2 2 1 2 1 1 1 1 1 2 1 1 2 1 1 1 2 1 2 1 0 2 1 1 1 1 1 1 2 1 1 2 2 1 1 2 1 2 2 1 2 1 2 0 1 1 1 1 1 1 1 1 1 0 1 1 1 1 2 1 2 1 2 0 0 2 1 1 1 1 1 1 0 0 1 0 1 1 1 1 0 1 1 1 1 0 1 1 1 0 1 0 1 1 1 1 1 1 0 1 1 1 1 1 1 1 1 1 1 1 1 2 0 1 2 1 0 1 2 2 1 1 1 1 1 2 2 1 1 1 2 2 2 2 2 2 2 2 2 2 1 0 1 1 2 2 1 1 1 2 2 2 1 2 1 2 2 2 2 1 2 1 2 2 2 2 1 1 1 

 Inviabilidades: 2 
FO: 75045.038740
Tempo total:12.856
######################## FIM ###################

 ######################## 100 ###################

Vetor de solucoes: 
2 2 2 2 2 2 1 0 2 1 2 2 0 1 0 1 1 2 0 1 0 0 0 0 0 2 0 0 0 0 1 1 0 1 0 0 0 0 0 0 0 0 0 2 0 1 0 2 0 0 2 2 2 0 1 1 1 0 1 0 0 1 1 0 1 1 1 1 1 2 2 2 2 0 1 1 2 0 1 2 1 1 1 1 1 1 1 1 1 1 1 1 1 1 1 1 1 0 0 1 0 1 1 1 1 1 1 1 1 1 1 1 1 1 1 1 0 1 1 1 1 1 0 2 2 2 1 1 1 2 0 2 1 0 1 1 2 2 1 1 1 2 2 0 2 2 2 2 2 2 0 1 1 1 2 2 2 1 2 2 2 2 2 1 2 1 2 2 2 2 2 0 2 2 2 0 0 1 1 0 

 Inviabilidades: 2 
FO: 70748.473316
Tempo total:11.246
######################## FIM ###################

 ######################## 100 ###################

Vetor de solucoes: 
2 0 2 1 2 1 0 2 2 0 2 2 2 0 2 0 0 2 0 0 2 2 0 2 2 2 2 2 0 2 0 0 2 0 2 2 2 2 2 2 2 2 2 0 2 0 2 2 2 2 2 2 2 2 0 0 0 2 0 2 2 0 0 2 0 0 0 0 0 0 2 2 0 1 0 0 0 2 0 0 2 0 0 0 0 0 0 0 0 0 0 0 0 0 0 0 0 0 0 0 2 0 0 0 0 0 0 0 0 0 0 0 0 0 0 0 2 0 0 0 0 0 2 1 0 1 0 0 0 1 1 1 0 0 0 0 1 1 0 0 0 1 1 1 1 1 1 1 1 1 1 0 0 0 0 1 1 0 1 0 1 1 1 0 1 0 1 1 1 2 1 1 0 1 1 1 2 1 0 2 

 Inviabilidades: 4 
FO: 70480.710920
Tempo total:11.677
######################## FIM ###################

 ######################## 100 ###################

Vetor de solucoes: 
1 2 2 2 1 2 0 2 2 0 2 2 2 2 2 0 0 2 2 0 1 1 1 1 2 1 1 1 0 1 0 0 2 0 2 1 0 1 1 2 1 2 2 2 1 0 1 2 2 2 2 2 2 1 0 0 0 1 0 1 2 0 0 0 0 0 0 0 0 0 2 2 2 2 0 0 0 2 0 0 0 0 0 0 0 0 0 0 0 0 0 0 0 0 0 0 0 1 0 0 1 0 0 0 0 0 0 0 0 0 0 0 0 0 0 0 1 0 0 0 0 0 1 2 0 2 0 0 0 1 1 0 0 0 0 0 2 0 0 0 0 2 2 2 2 0 0 2 0 2 1 0 0 0 0 2 2 0 2 0 2 2 0 2 2 0 2 2 2 2 2 1 2 2 2 1 1 0 0 1 

 Inviabilidades: 3 
FO: 71370.601893
Tempo total:10.899
######################## FIM ###################

 ######################## 100 ###################

Vetor de solucoes: 
2 2 2 2 2 2 0 1 2 0 2 2 1 0 1 0 0 2 1 0 1 1 1 1 1 2 1 1 1 1 0 0 1 0 1 1 1 1 1 1 1 1 1 2 1 0 1 2 1 1 2 2 2 1 0 0 0 1 0 1 1 0 0 1 0 0 0 0 0 2 2 2 2 1 0 0 2 1 0 2 0 0 0 0 0 0 0 0 0 0 0 0 0 0 0 0 0 1 1 0 1 0 0 0 0 0 0 0 0 0 0 0 0 0 0 0 1 0 0 0 0 0 1 2 2 2 0 0 0 2 1 2 0 1 0 0 2 2 0 0 0 2 2 1 2 2 2 2 2 2 1 0 0 0 2 2 2 0 2 2 2 2 2 0 2 0 2 2 2 2 2 1 2 2 2 1 1 0 0 1 

 Inviabilidades: 2 
FO: 70748.473316
Tempo total:11.563
######################## FIM ###################

 ######################## 100 ###################

Vetor de solucoes: 
2 2 2 0 2 2 1 2 2 1 2 2 0 1 2 1 1 2 2 1 2 2 0 2 1 2 2 2 1 2 1 1 2 2 0 2 2 2 2 2 2 2 2 0 2 1 2 2 2 2 2 2 2 2 1 1 1 2 1 0 2 1 1 2 1 1 1 1 1 1 2 0 0 0 1 1 0 2 1 1 2 1 1 1 1 1 1 1 1 1 1 1 1 1 1 1 1 1 0 1 0 1 1 1 1 1 1 1 1 1 1 1 1 1 1 1 2 1 1 1 1 1 0 0 0 0 1 1 1 0 2 1 1 0 1 1 0 0 1 1 1 0 0 0 0 0 0 0 0 0 0 1 1 1 1 0 0 1 0 0 0 0 0 1 0 1 0 0 2 2 0 0 0 2 0 2 0 1 1 2 

 Inviabilidades: 3 
FO: 69917.177588
Tempo total:12.164
######################## FIM ###################

 ######################## 100 ###################

Vetor de solucoes: 
0 2 0 0 0 0 2 0 0 2 0 0 2 2 0 2 2 2 0 2 1 1 2 1 2 1 2 1 2 2 2 2 0 2 2 0 2 0 1 0 2 2 0 0 0 2 0 0 1 0 0 0 0 2 2 2 2 2 2 2 0 2 2 2 2 2 0 2 2 0 0 2 2 0 2 2 2 0 2 2 2 2 2 2 2 2 1 2 2 2 2 2 2 2 2 2 2 2 2 2 0 2 2 2 2 2 2 2 2 0 2 2 2 2 2 2 0 2 0 2 2 2 0 0 2 0 2 2 0 0 0 2 2 2 0 2 0 0 2 2 2 0 0 0 0 0 2 0 2 0 0 2 2 2 2 0 0 2 0 0 0 0 2 2 0 2 0 0 0 0 2 1 2 0 0 2 0 0 2 2 

 Inviabilidades: 3 
FO: 74589.323529
Tempo total:12.196
######################## FIM ###################

 ######################## 100 ###################

Vetor de solucoes: 
1 1 1 1 1 1 0 1 1 0 1 1 1 1 1 0 0 1 1 0 1 1 2 2 2 1 0 2 0 0 0 0 1 0 2 1 0 2 2 1 2 2 1 0 0 0 2 1 1 2 1 1 2 2 0 0 0 0 0 0 2 0 0 0 0 0 0 0 0 1 1 1 1 1 0 0 1 2 0 0 0 0 0 0 0 0 2 0 0 0 0 0 0 0 0 0 0 0 2 0 2 0 0 0 0 0 0 0 0 1 0 0 0 0 0 0 2 0 0 0 0 0 2 1 1 1 0 0 1 1 1 0 0 0 0 0 1 0 0 0 0 1 1 1 1 1 0 1 1 1 2 0 0 0 0 1 1 0 1 1 1 1 1 2 1 0 1 1 1 1 1 2 1 1 1 1 2 0 0 0 

 Inviabilidades: 2 
FO: 73721.909842
Tempo total:11.107
######################## FIM ###################

 ######################## 100 ###################

Vetor de solucoes: 
1 1 1 1 1 1 0 1 1 0 1 1 1 0 1 0 1 1 1 0 1 2 2 2 1 1 1 2 0 1 0 0 1 0 0 1 1 2 2 1 2 2 1 1 0 0 1 1 1 2 1 1 2 2 0 0 0 0 0 1 2 0 0 0 0 0 0 0 0 0 1 1 1 1 0 0 1 2 0 1 0 0 0 0 0 0 0 0 0 0 0 0 0 0 0 0 0 0 1 0 1 0 0 0 0 0 0 0 0 0 0 0 0 0 0 0 1 0 0 0 0 0 1 2 1 1 0 0 0 1 1 0 0 0 0 0 1 1 0 0 0 1 1 1 1 1 1 1 1 1 1 0 0 0 0 1 1 0 1 1 1 1 1 0 1 0 1 1 1 1 0 2 1 1 1 1 1 1 0 0 

 Inviabilidades: 2 
FO: 72457.650531
Tempo total:11.020
######################## FIM ###################

 ######################## 100 ###################

Vetor de solucoes: 
2 2 2 1 2 1 0 2 2 0 2 2 2 2 2 0 0 2 2 0 2 2 0 2 2 2 2 2 0 2 0 0 2 0 2 2 2 2 2 2 2 2 2 0 2 0 2 2 2 2 2 2 2 2 0 0 0 2 0 2 2 0 0 2 0 0 0 0 0 0 2 1 1 2 0 0 1 2 0 0 0 0 0 0 0 0 0 0 0 0 0 0 0 0 0 0 0 0 0 0 2 0 0 0 0 0 0 0 0 0 0 0 0 0 0 0 2 0 0 0 0 0 2 1 2 2 0 0 0 2 2 0 0 0 0 0 2 0 0 0 0 2 2 2 1 1 1 1 0 1 2 0 0 0 0 1 2 0 2 0 1 1 1 1 2 0 2 2 0 2 1 1 1 2 2 2 2 0 0 0 

 Inviabilidades: 2 
FO: 72054.581409
Tempo total:12.431
######################## FIM ###################

 ######################## 100 ###################

Vetor de solucoes: 
2 2 2 2 2 2 1 2 2 1 2 2 2 1 2 1 2 2 2 1 2 0 0 0 2 2 2 0 1 2 1 1 2 1 1 2 2 0 0 2 0 0 2 2 1 1 2 2 2 0 2 2 0 0 1 1 1 1 1 2 0 1 1 1 1 1 1 1 1 1 2 2 2 2 1 1 2 0 1 2 1 1 1 1 1 1 1 1 1 1 1 1 1 1 1 1 1 1 2 1 2 1 1 1 1 1 1 1 1 1 1 1 1 1 1 1 2 1 1 1 1 1 2 0 2 2 1 1 1 2 2 1 1 1 1 1 2 2 1 1 1 2 2 2 2 2 2 2 2 2 2 1 1 1 1 2 2 1 2 2 2 2 2 1 2 1 2 2 2 2 1 0 2 2 2 2 2 2 1 1 

 Inviabilidades: 2 
FO: 72457.650531
Tempo total:12.899
######################## FIM ###################

 ######################## 100 ###################

Vetor de solucoes: 
0 2 0 1 0 1 2 0 0 2 0 1 1 2 0 2 0 0 0 0 0 0 1 0 0 0 0 0 0 1 2 2 0 0 0 0 0 0 0 0 0 0 0 1 0 2 0 0 0 0 0 0 0 0 2 2 2 0 2 1 0 2 2 0 2 2 2 2 2 2 0 1 2 1 2 2 2 0 2 2 0 2 2 2 2 2 2 2 2 2 2 2 2 2 2 2 2 0 2 2 0 2 2 2 2 2 2 2 2 2 2 2 2 2 2 2 1 2 2 2 2 2 1 0 2 1 2 2 2 1 1 1 2 2 2 2 1 1 2 2 2 1 1 1 1 1 1 1 1 1 1 2 2 2 2 1 1 2 1 2 1 1 1 2 0 2 1 0 1 1 1 1 2 1 0 0 1 2 2 0 

 Inviabilidades: 4 
FO: 69927.869299
Tempo total:12.442
######################## FIM ###################

 ######################## 100 ###################

Vetor de solucoes: 
1 1 1 0 1 1 2 1 1 2 1 1 0 2 1 2 2 1 1 2 1 1 0 1 2 1 1 1 2 1 2 2 1 1 0 1 1 1 1 1 1 1 1 0 1 2 1 1 1 1 1 1 1 1 2 2 2 1 2 0 1 2 2 1 2 2 2 2 2 2 1 0 0 0 2 2 0 1 2 2 1 2 2 2 2 2 2 2 2 2 2 2 2 2 2 2 2 2 0 2 0 2 2 2 2 2 2 2 2 2 2 2 2 2 2 2 1 2 2 2 2 2 0 0 0 0 2 2 2 0 1 2 2 0 2 2 0 0 2 2 2 0 0 0 0 0 0 0 0 0 0 2 2 2 2 0 0 2 0 0 0 0 0 2 0 2 0 0 1 1 0 0 0 1 0 1 0 2 2 1 

 Inviabilidades: 3 
FO: 69917.177588
Tempo total:11.382
######################## FIM ###################

 ######################## 100 ###################

Vetor de solucoes: 
2 0 0 0 2 0 1 0 0 1 0 0 0 0 0 1 1 0 0 1 2 2 2 2 0 2 2 2 1 2 1 1 0 1 0 2 1 2 2 0 2 0 0 0 2 1 2 0 0 0 0 0 0 2 1 1 1 2 1 2 0 1 1 1 1 1 1 1 1 1 0 0 0 0 1 1 1 0 1 1 1 1 1 1 1 1 1 1 1 1 1 1 1 1 1 1 1 2 1 1 2 1 1 1 1 1 1 1 1 1 1 1 1 1 1 1 2 1 1 1 1 1 2 0 1 0 1 1 1 2 2 1 1 1 1 1 0 1 1 1 1 0 0 0 0 1 1 0 1 0 2 1 1 1 1 0 0 1 0 1 0 0 1 0 0 1 0 0 0 0 0 2 0 0 0 2 2 1 1 2 

 Inviabilidades: 3 
FO: 71370.601893
Tempo total:11.324
######################## FIM ###################

 ######################## 100 ###################

Vetor de solucoes: 
2 2 2 2 2 2 1 2 2 1 2 2 2 1 2 1 2 2 2 1 2 0 0 0 2 2 2 0 1 2 1 1 2 1 1 2 2 0 0 2 0 0 2 2 1 1 2 2 2 0 2 2 0 0 1 1 1 1 1 2 0 1 1 1 1 1 1 1 1 1 2 2 2 2 1 1 2 0 1 2 1 1 1 1 1 1 1 1 1 1 1 1 1 1 1 1 1 1 2 1 2 1 1 1 1 1 1 1 1 1 1 1 1 1 1 1 2 1 1 1 1 1 2 0 2 2 1 1 1 2 2 1 1 1 1 1 2 2 1 1 1 2 2 2 2 2 2 2 2 2 2 1 1 1 1 2 2 1 2 2 2 2 2 1 2 1 2 2 2 2 1 0 2 2 2 2 2 2 1 1 

 Inviabilidades: 2 
FO: 72457.650531
Tempo total:12.551
######################## FIM ###################

 ######################## 100 ###################

Vetor de solucoes: 
1 0 0 0 1 0 2 0 0 2 0 0 0 0 0 2 2 0 0 2 1 1 1 1 0 1 1 1 2 1 2 2 0 2 0 1 2 1 1 0 1 0 0 0 1 2 1 0 0 0 0 0 0 1 2 2 2 1 2 1 0 2 2 2 2 2 2 2 2 2 0 0 0 0 2 2 2 0 2 2 2 2 2 2 2 2 2 2 2 2 2 2 2 2 2 2 2 1 2 2 1 2 2 2 2 2 2 2 2 2 2 2 2 2 2 2 1 2 2 2 2 2 1 0 2 0 2 2 2 1 1 2 2 2 2 2 0 2 2 2 2 0 0 0 0 2 2 0 2 0 1 2 2 2 2 0 0 2 0 2 0 0 2 0 0 2 0 0 0 0 0 1 0 0 0 1 1 2 2 1 

 Inviabilidades: 3 
FO: 71370.601893
Tempo total:11.668
######################## FIM ###################

 ######################## 100 ###################

Vetor de solucoes: 
0 0 0 2 0 2 1 0 0 1 0 0 0 0 0 1 1 0 0 1 0 0 1 0 0 0 0 0 1 0 1 1 0 1 0 0 0 0 0 0 0 0 0 1 0 1 0 0 0 0 0 0 0 0 1 1 1 0 1 0 0 1 1 0 1 1 1 1 1 1 0 2 2 0 1 1 2 0 1 1 1 1 1 1 1 1 1 1 1 1 1 1 1 1 1 1 1 1 1 1 0 1 1 1 1 1 1 1 1 1 1 1 1 1 1 1 0 1 1 1 1 1 0 2 0 0 1 1 1 0 0 1 1 1 1 1 0 1 1 1 1 0 0 0 2 2 2 2 1 2 0 1 1 1 1 2 0 1 0 1 2 2 2 2 0 1 0 0 1 0 2 2 2 0 0 0 0 1 1 1 

 Inviabilidades: 2 
FO: 72054.581409
Tempo total:11.199
######################## FIM ###################

 ######################## 100 ###################

Vetor de solucoes: 
1 1 1 1 1 1 0 1 1 0 1 1 1 0 1 0 0 1 0 0 2 1 2 2 1 1 0 1 0 1 0 0 1 0 1 1 2 2 2 2 2 1 1 2 1 0 1 0 1 2 1 1 2 1 0 0 0 1 0 1 2 0 0 0 0 0 0 0 0 0 1 1 0 1 0 0 1 2 0 0 0 0 0 0 0 0 0 0 0 0 0 0 0 0 0 0 0 0 0 0 2 0 0 0 0 0 0 0 0 0 0 0 0 0 0 0 1 0 0 0 0 0 1 2 1 1 0 0 0 1 1 0 0 0 0 0 1 1 0 0 0 1 1 1 1 1 1 1 0 1 1 0 0 0 0 1 1 0 1 1 1 1 0 0 1 0 1 1 1 1 0 1 1 1 1 1 1 0 0 0 

 Inviabilidades: 3 
FO: 72245.409122
Tempo total:10.801
######################## FIM ###################

 ######################## 100 ###################

Vetor de solucoes: 
1 1 1 1 1 0 0 1 1 0 1 1 1 0 1 1 0 1 1 0 2 2 2 2 0 1 1 1 0 1 0 0 1 0 1 1 0 2 2 1 1 1 1 1 1 0 1 0 1 1 1 1 1 1 0 0 0 0 0 1 1 0 0 0 0 0 0 0 0 0 1 1 0 1 0 0 0 1 0 0 0 0 0 0 0 0 0 0 0 0 0 0 0 0 0 0 0 1 0 0 2 0 0 0 0 0 0 0 0 0 0 0 0 0 0 0 1 0 0 0 0 0 1 2 1 1 0 0 0 1 1 1 0 0 0 0 1 0 0 0 0 1 2 1 1 1 0 0 1 2 1 0 0 0 0 1 1 0 1 0 1 0 0 1 1 0 1 1 1 1 0 1 0 1 1 1 1 0 0 2 

 Inviabilidades: 3 
FO: 72788.938715
Tempo total:11.405
######################## FIM ###################

 ######################## 100 ###################

Vetor de solucoes: 
0 0 0 1 0 1 2 0 0 2 0 0 0 0 0 2 2 0 0 2 0 0 2 0 0 0 0 0 2 0 2 2 0 2 0 0 0 0 0 0 0 0 0 2 0 2 0 0 0 0 0 0 0 0 2 2 2 0 2 0 0 2 2 0 2 2 2 2 2 2 0 1 1 0 2 2 1 0 2 2 2 2 2 2 2 2 2 2 2 2 2 2 2 2 2 2 2 2 2 2 0 2 2 2 2 2 2 2 2 2 2 2 2 2 2 2 0 2 2 2 2 2 0 1 0 0 2 2 2 0 0 2 2 2 2 2 0 2 2 2 2 0 0 0 1 1 1 1 2 1 0 2 2 2 2 1 0 2 0 2 1 1 1 1 0 2 0 0 2 0 1 1 1 0 0 0 0 2 2 2 

 Inviabilidades: 2 
FO: 72054.581409
Tempo total:11.871
######################## FIM ###################

 ######################## 100 ###################

Vetor de solucoes: 
0 2 0 0 2 0 1 2 2 1 0 0 2 1 2 1 2 2 2 1 0 2 2 2 2 0 2 2 1 2 1 1 2 2 2 2 2 2 2 2 2 2 2 0 2 1 2 2 2 2 2 2 2 2 1 1 1 2 1 2 2 1 1 2 1 1 1 1 1 1 0 2 1 0 1 1 1 2 1 2 2 1 1 1 1 1 1 1 1 1 1 1 1 1 1 1 1 2 1 1 2 1 1 1 1 1 1 1 1 1 1 1 1 1 1 1 2 2 1 1 1 1 0 0 2 0 1 1 1 0 0 2 1 1 1 1 0 0 1 1 1 0 0 0 0 0 1 0 0 0 0 1 1 1 1 0 0 1 2 1 0 0 0 1 0 1 0 2 0 2 0 0 0 2 0 0 2 0 1 2 

 Inviabilidades: 4 
FO: 70467.056448
Tempo total:12.092
######################## FIM ###################

 ######################## 100 ###################

Vetor de solucoes: 
2 2 2 2 2 2 1 2 2 1 2 2 2 2 2 1 1 2 2 1 2 2 0 0 0 2 1 0 1 1 1 1 2 1 0 2 1 0 0 2 0 0 2 1 1 1 0 2 2 0 2 2 0 0 1 1 1 1 1 1 0 1 1 1 1 1 1 1 1 2 2 2 2 2 1 1 2 0 1 1 1 1 1 1 1 1 0 1 1 1 1 1 1 1 1 1 1 1 0 1 0 1 1 1 1 1 1 1 1 2 1 1 1 1 1 1 0 1 1 1 1 1 0 2 2 2 1 1 2 2 2 1 1 1 1 1 2 1 1 1 1 2 2 2 2 2 1 2 2 2 0 1 1 1 1 2 2 1 2 2 2 2 2 0 2 1 2 2 2 2 2 0 2 2 2 2 0 1 1 1 

 Inviabilidades: 2 
FO: 73721.909842
Tempo total:12.005
######################## FIM ###################

 ######################## 100 ###################

Vetor de solucoes: 
2 1 1 2 2 2 0 2 2 1 1 2 2 1 2 0 1 2 1 1 2 2 2 2 1 1 1 2 0 2 1 0 2 1 1 1 1 1 1 2 1 1 2 1 1 0 1 1 2 2 2 2 1 2 0 0 1 1 0 1 1 1 1 1 0 1 1 1 1 0 2 1 1 2 0 0 2 1 1 1 1 1 1 0 0 1 0 1 1 1 1 0 1 1 1 1 0 1 0 0 2 1 0 1 1 1 0 1 1 0 0 1 1 1 1 1 1 1 0 1 1 1 2 0 1 2 1 2 1 2 2 1 1 1 1 1 2 2 1 1 2 1 2 2 2 2 2 2 1 2 2 1 0 1 1 2 2 1 2 2 2 2 2 1 2 1 2 2 2 2 2 2 1 2 2 2 2 1 1 1 

 Inviabilidades: 3 
FO: 74855.381401
Tempo total:12.400
######################## FIM ###################

 ######################## 100 ###################

Vetor de solucoes: 
1 2 2 2 1 2 0 2 2 0 2 2 2 2 2 0 0 2 2 0 1 1 1 1 2 1 1 1 0 1 0 0 2 0 2 1 0 1 1 2 1 2 2 2 1 0 1 2 2 2 2 2 2 1 0 0 0 1 0 1 2 0 0 0 0 0 0 0 0 0 2 2 2 2 0 0 0 2 0 0 0 0 0 0 0 0 0 0 0 0 0 0 0 0 0 0 0 1 0 0 1 0 0 0 0 0 0 0 0 0 0 0 0 0 0 0 1 0 0 0 0 0 1 2 0 2 0 0 0 1 1 0 0 0 0 0 2 0 0 0 0 2 2 2 2 0 0 2 0 2 1 0 0 0 0 2 2 0 2 0 2 2 0 2 2 0 2 2 2 2 2 1 2 2 2 1 1 0 0 1 

 Inviabilidades: 3 
FO: 71370.601893
Tempo total:11.632
######################## FIM ###################

 ######################## 100 ###################

Vetor de solucoes: 
2 2 2 0 2 2 1 2 2 1 2 2 0 1 2 1 1 2 2 1 2 2 0 2 1 2 2 2 1 2 1 1 2 2 0 2 2 2 2 2 2 2 2 0 2 1 2 2 2 2 2 2 2 2 1 1 1 2 1 0 2 1 1 2 1 1 1 1 1 1 2 0 0 0 1 1 0 2 1 1 2 1 1 1 1 1 1 1 1 1 1 1 1 1 1 1 1 1 0 1 0 1 1 1 1 1 1 1 1 1 1 1 1 1 1 1 2 1 1 1 1 1 0 0 0 0 1 1 1 0 2 1 1 0 1 1 0 0 1 1 1 0 0 0 0 0 0 0 0 0 0 1 1 1 1 0 0 1 0 0 0 0 0 1 0 1 0 0 2 2 0 0 0 2 0 2 0 1 1 2 

 Inviabilidades: 3 
FO: 69917.177588
Tempo total:12.202
######################## FIM ###################

 ######################## 100 ###################

Vetor de solucoes: 
0 0 0 0 0 0 2 0 0 2 0 0 0 0 0 2 2 0 0 2 0 0 1 1 1 0 2 1 2 2 2 2 0 2 1 0 2 1 1 0 1 1 0 2 2 2 1 0 0 1 0 0 1 1 2 2 2 2 2 2 1 2 2 2 2 2 2 2 2 0 0 0 0 0 2 2 0 1 2 2 2 2 2 2 2 2 1 2 2 2 2 2 2 2 2 2 2 2 1 2 1 2 2 2 2 2 2 2 2 0 2 2 2 2 2 2 1 2 2 2 2 2 1 0 0 0 2 2 0 0 0 2 2 2 2 2 0 2 2 2 2 0 0 0 0 0 2 0 0 0 1 2 2 2 2 0 0 2 0 0 0 0 0 1 0 2 0 0 0 0 0 1 0 0 0 0 1 2 2 2 

 Inviabilidades: 2 
FO: 73721.909842
Tempo total:11.548
######################## FIM ###################

 ######################## 100 ###################

Vetor de solucoes: 
0 0 0 0 0 0 1 0 0 1 0 0 0 1 0 1 0 0 0 1 0 2 2 2 0 0 0 2 1 0 1 1 0 1 1 0 0 2 2 0 2 2 0 0 1 1 0 0 0 2 0 0 2 2 1 1 1 1 1 0 2 1 1 1 1 1 1 1 1 1 0 0 0 0 1 1 0 2 1 0 1 1 1 1 1 1 1 1 1 1 1 1 1 1 1 1 1 1 0 1 0 1 1 1 1 1 1 1 1 1 1 1 1 1 1 1 0 1 1 1 1 1 0 2 0 0 1 1 1 0 0 1 1 1 1 1 0 0 1 1 1 0 0 0 0 0 0 0 0 0 0 1 1 1 1 0 0 1 0 0 0 0 0 1 0 1 0 0 0 0 1 2 0 0 0 0 0 0 1 1 

 Inviabilidades: 2 
FO: 72457.650531
Tempo total:11.572
######################## FIM ###################

 ######################## 100 ###################

Vetor de solucoes: 
2 2 0 0 2 0 1 0 0 2 2 0 0 2 0 2 2 2 2 2 2 2 2 0 2 2 2 0 2 0 2 1 0 2 0 2 2 2 2 0 2 2 0 0 2 2 2 2 0 0 2 0 2 2 1 2 2 2 2 2 2 2 2 2 1 2 2 2 2 0 2 0 2 0 1 1 0 2 2 2 2 2 2 1 1 2 1 2 2 2 2 1 2 2 2 2 1 2 2 2 1 2 1 2 2 2 2 2 2 1 1 2 2 2 2 2 2 2 2 2 2 2 0 1 0 0 2 0 2 0 0 2 2 2 1 2 0 0 2 2 2 0 0 0 0 0 0 0 0 0 0 2 1 2 2 0 0 2 0 2 0 0 0 2 0 2 0 0 0 0 0 0 2 0 0 2 0 2 2 2 

 Inviabilidades: 3 
FO: 75504.663728
Tempo total:12.164
######################## FIM ###################

 ######################## 100 ###################

Vetor de solucoes: 
1 1 1 2 1 1 0 1 1 0 1 1 2 0 1 0 0 1 1 0 1 1 2 1 0 1 1 1 0 1 0 0 1 1 2 1 1 1 1 1 1 1 1 2 1 0 1 1 1 1 1 1 1 1 0 0 0 1 0 2 1 0 0 1 0 0 0 0 0 0 1 2 2 2 0 0 2 1 0 0 1 0 0 0 0 0 0 0 0 0 0 0 0 0 0 0 0 0 2 0 2 0 0 0 0 0 0 0 0 0 0 0 0 0 0 0 1 0 0 0 0 0 2 2 2 2 0 0 0 2 1 0 0 2 0 0 2 2 0 0 0 2 2 2 2 2 2 2 2 2 2 0 0 0 0 2 2 0 2 2 2 2 2 0 2 0 2 2 1 1 2 2 2 1 2 1 2 0 0 1 

 Inviabilidades: 3 
FO: 69917.177588
Tempo total:11.399
######################## FIM ###################

 ######################## 100 ###################

Vetor de solucoes: 
0 0 0 2 0 0 1 0 0 1 0 0 2 1 0 1 1 0 0 1 0 0 2 0 1 0 0 0 1 0 1 1 0 0 2 0 0 0 0 0 0 0 0 2 0 1 0 0 0 0 0 0 0 0 1 1 1 0 1 2 0 1 1 0 1 1 1 1 1 1 0 2 2 2 1 1 2 0 1 1 0 1 1 1 1 1 1 1 1 1 1 1 1 1 1 1 1 1 2 1 2 1 1 1 1 1 1 1 1 1 1 1 1 1 1 1 0 1 1 1 1 1 2 2 2 2 1 1 1 2 0 1 1 2 1 1 2 2 1 1 1 2 2 2 2 2 2 2 2 2 2 1 1 1 1 2 2 1 2 2 2 2 2 1 2 1 2 2 0 0 2 2 2 0 2 0 2 1 1 0 

 Inviabilidades: 3 
FO: 69917.177588
Tempo total:11.493
######################## FIM ###################

 ######################## 100 ###################

Vetor de solucoes: 
1 1 1 1 1 1 0 1 1 0 1 1 1 0 1 0 1 1 1 0 1 2 2 2 1 1 1 2 0 1 0 0 1 0 0 1 1 2 2 1 2 2 1 1 0 0 1 1 1 2 1 1 2 2 0 0 0 0 0 1 2 0 0 0 0 0 0 0 0 0 1 1 1 1 0 0 1 2 0 1 0 0 0 0 0 0 0 0 0 0 0 0 0 0 0 0 0 0 1 0 1 0 0 0 0 0 0 0 0 0 0 0 0 0 0 0 1 0 0 0 0 0 1 2 1 1 0 0 0 1 1 0 0 0 0 0 1 1 0 0 0 1 1 1 1 1 1 1 1 1 1 0 0 0 0 1 1 0 1 1 1 1 1 0 1 0 1 1 1 1 0 2 1 1 1 1 1 1 0 0 

 Inviabilidades: 2 
FO: 72457.650531
Tempo total:11.003
######################## FIM ###################

 ######################## 100 ###################

Vetor de solucoes: 
1 1 1 0 1 0 2 1 1 2 1 1 1 2 1 2 2 1 2 2 2 2 0 1 2 2 2 1 2 1 2 2 1 2 1 1 2 1 1 1 1 1 1 1 2 2 1 2 1 1 2 1 1 1 2 2 1 1 2 1 1 2 2 1 2 2 2 2 2 2 1 1 1 1 2 2 0 1 2 2 2 2 2 2 2 2 2 2 2 2 2 2 2 2 2 2 2 2 1 2 2 2 2 2 2 2 2 2 2 2 2 2 2 2 2 2 1 1 2 2 2 2 1 0 1 1 2 2 2 1 1 2 2 2 2 2 1 2 2 2 2 1 1 0 0 1 1 0 1 0 1 2 2 2 2 0 1 2 1 1 1 0 0 1 1 2 1 1 1 1 2 1 1 1 1 1 1 2 2 2 

 Inviabilidades: 2 
FO: 73732.314526
Tempo total:13.171
######################## FIM ###################

 ######################## 100 ###################

Vetor de solucoes: 
2 1 1 1 2 1 0 2 2 0 1 2 2 0 2 1 0 2 2 0 2 2 2 2 2 2 2 2 2 2 0 0 2 0 2 2 2 2 2 2 2 2 2 1 2 0 2 2 2 2 2 1 2 2 0 0 0 2 0 2 2 0 0 2 0 0 0 0 0 0 2 1 0 1 0 0 0 2 0 0 0 0 0 0 0 0 0 0 0 0 0 0 0 0 0 0 0 0 0 0 2 0 0 0 0 0 0 0 0 0 0 0 0 0 0 0 2 0 0 0 0 0 2 1 1 1 0 0 0 1 1 1 0 0 0 1 1 1 0 0 0 1 1 1 1 1 1 1 1 1 1 1 0 0 1 1 1 0 1 0 1 1 1 0 1 0 1 1 1 2 1 1 0 1 2 2 1 0 0 2 

 Inviabilidades: 3 
FO: 70217.653242
Tempo total:11.306
######################## FIM ###################

 ######################## 100 ###################

Vetor de solucoes: 
0 0 0 1 0 1 2 0 0 2 0 0 0 0 0 2 2 0 0 2 0 0 2 0 0 0 0 0 2 0 2 2 0 2 0 0 0 0 0 0 0 0 0 2 0 2 0 0 0 0 0 0 0 0 2 2 2 0 2 0 0 2 2 0 2 2 2 2 2 2 0 1 1 0 2 2 1 0 2 2 2 2 2 2 2 2 2 2 2 2 2 2 2 2 2 2 2 2 2 2 0 2 2 2 2 2 2 2 2 2 2 2 2 2 2 2 0 2 2 2 2 2 0 1 0 0 2 2 2 0 0 2 2 2 2 2 0 2 2 2 2 0 0 0 1 1 1 1 2 1 0 2 2 2 2 1 0 2 0 2 1 1 1 1 0 2 0 0 2 0 1 1 1 0 0 0 0 2 2 2 

 Inviabilidades: 2 
FO: 72054.581409
Tempo total:11.424
######################## FIM ###################

 ######################## 100 ###################

Vetor de solucoes: 
2 2 2 1 2 1 0 2 2 0 2 2 2 0 2 0 0 2 0 0 0 0 1 2 0 0 0 2 0 2 0 0 2 0 2 2 0 2 2 2 2 2 2 2 0 0 2 0 2 2 0 2 2 2 0 0 2 2 0 2 2 0 0 2 0 0 0 0 0 0 2 2 2 2 0 0 1 2 0 0 0 0 0 0 0 0 0 0 0 0 0 0 0 0 0 0 0 0 2 0 0 0 0 0 0 0 0 0 0 0 0 0 0 0 0 0 2 2 0 0 0 0 2 1 2 2 0 0 0 2 2 0 0 0 0 0 2 0 0 0 0 2 2 1 1 2 2 1 2 1 2 0 0 0 0 1 2 0 2 2 2 1 1 2 2 0 2 2 2 2 0 2 2 2 2 2 2 0 0 0 

 Inviabilidades: 2 
FO: 73732.314526
Tempo total:11.401
######################## FIM ###################

 ######################## 100 ###################

Vetor de solucoes: 
2 2 2 2 2 2 1 2 2 1 2 2 2 2 2 1 1 2 2 1 2 2 0 0 0 2 1 0 1 1 1 1 2 1 0 2 1 0 0 2 0 0 2 1 1 1 0 2 2 0 2 2 0 0 1 1 1 1 1 1 0 1 1 1 1 1 1 1 1 2 2 2 2 2 1 1 2 0 1 1 1 1 1 1 1 1 0 1 1 1 1 1 1 1 1 1 1 1 0 1 0 1 1 1 1 1 1 1 1 2 1 1 1 1 1 1 0 1 1 1 1 1 0 2 2 2 1 1 2 2 2 1 1 1 1 1 2 1 1 1 1 2 2 2 2 2 1 2 2 2 0 1 1 1 1 2 2 1 2 2 2 2 2 0 2 1 2 2 2 2 2 0 2 2 2 2 0 1 1 1 

 Inviabilidades: 2 
FO: 73721.909842
Tempo total:11.936
######################## FIM ###################

 ######################## 100 ###################

Vetor de solucoes: 
0 1 0 2 0 2 1 0 0 1 0 0 0 1 0 1 1 0 0 1 0 0 1 0 1 0 0 0 1 0 1 1 0 1 0 0 0 0 0 0 0 0 0 1 0 1 0 0 0 0 0 0 0 0 1 1 1 0 1 0 0 1 1 0 1 1 1 1 1 1 0 0 1 0 1 1 1 0 1 1 0 1 1 1 1 1 1 1 1 1 1 1 1 1 1 1 1 1 1 1 0 1 1 1 1 1 1 1 1 1 1 1 1 1 1 1 0 1 1 1 1 1 0 2 1 2 1 1 1 2 2 2 1 1 1 1 2 2 1 1 1 2 2 2 2 2 2 2 2 2 0 1 1 1 1 2 2 1 2 1 2 2 2 1 0 1 2 2 2 0 2 2 1 2 2 0 2 2 1 0 

 Inviabilidades: 4 
FO: 70396.780446
Tempo total:11.738
######################## FIM ###################

 ######################## 100 ###################

Vetor de solucoes: 
1 1 1 2 1 2 0 1 1 0 1 1 1 1 1 0 0 1 1 0 1 1 0 1 1 1 1 1 0 1 0 0 1 0 1 1 1 1 1 1 1 1 1 0 1 0 1 1 1 1 1 1 1 1 0 0 0 1 0 1 1 0 0 1 0 0 0 0 0 0 1 2 2 1 0 0 2 1 0 0 0 0 0 0 0 0 0 0 0 0 0 0 0 0 0 0 0 0 0 0 1 0 0 0 0 0 0 0 0 0 0 0 0 0 0 0 1 0 0 0 0 0 1 2 1 1 0 0 0 1 1 0 0 0 0 0 1 0 0 0 0 1 1 1 2 2 2 2 0 2 1 0 0 0 0 2 1 0 1 0 2 2 2 2 1 0 1 1 0 1 2 2 2 1 1 1 1 0 0 0 

 Inviabilidades: 2 
FO: 72054.581409
Tempo total:11.101
######################## FIM ###################

 ######################## 100 ###################

Vetor de solucoes: 
1 1 1 1 1 1 2 1 1 2 1 1 1 1 1 2 2 1 1 2 1 1 0 0 0 1 2 0 2 2 2 2 1 2 0 1 2 0 0 1 0 0 1 2 2 2 0 1 1 0 1 1 0 0 2 2 2 2 2 2 0 2 2 2 2 2 2 2 2 1 1 1 1 1 2 2 1 0 2 2 2 2 2 2 2 2 0 2 2 2 2 2 2 2 2 2 2 2 0 2 0 2 2 2 2 2 2 2 2 1 2 2 2 2 2 2 0 2 2 2 2 2 0 1 1 1 2 2 1 1 1 2 2 2 2 2 1 2 2 2 2 1 1 1 1 1 2 1 1 1 0 2 2 2 2 1 1 2 1 1 1 1 1 0 1 2 1 1 1 1 1 0 1 1 1 1 0 2 2 2 

 Inviabilidades: 2 
FO: 73721.909842
Tempo total:11.993
######################## FIM ###################

 ######################## 100 ###################

Vetor de solucoes: 
0 2 2 2 0 2 1 2 2 1 2 2 2 2 2 1 1 2 2 1 0 0 0 0 2 0 0 0 1 0 1 1 2 1 2 0 1 0 0 2 0 2 2 2 0 1 0 2 2 2 2 2 2 0 1 1 1 0 1 0 2 1 1 1 1 1 1 1 1 1 2 2 2 2 1 1 1 2 1 1 1 1 1 1 1 1 1 1 1 1 1 1 1 1 1 1 1 0 1 1 0 1 1 1 1 1 1 1 1 1 1 1 1 1 1 1 0 1 1 1 1 1 0 2 1 2 1 1 1 0 0 1 1 1 1 1 2 1 1 1 1 2 2 2 2 1 1 2 1 2 0 1 1 1 1 2 2 1 2 1 2 2 1 2 2 1 2 2 2 2 2 0 2 2 2 0 0 1 1 0 

 Inviabilidades: 3 
FO: 71370.601893
Tempo total:11.960
######################## FIM ###################

 ######################## 100 ###################

Vetor de solucoes: 
1 1 1 1 1 1 0 1 1 0 1 1 1 0 1 0 1 1 1 0 1 2 2 2 1 1 1 2 0 1 0 0 1 0 0 1 1 2 2 1 2 2 1 1 0 0 1 1 1 2 1 1 2 2 0 0 0 0 0 1 2 0 0 0 0 0 0 0 0 0 1 1 1 1 0 0 1 2 0 1 0 0 0 0 0 0 0 0 0 0 0 0 0 0 0 0 0 0 1 0 1 0 0 0 0 0 0 0 0 0 0 0 0 0 0 0 1 0 0 0 0 0 1 2 1 1 0 0 0 1 1 0 0 0 0 0 1 1 0 0 0 1 1 1 1 1 1 1 1 1 1 0 0 0 0 1 1 0 1 1 1 1 1 0 1 0 1 1 1 1 0 2 1 1 1 1 1 1 0 0 

 Inviabilidades: 2 
FO: 72457.650531
Tempo total:11.187
######################## FIM ###################

 ######################## 100 ###################

Vetor de solucoes: 
2 2 1 1 2 1 0 1 1 2 2 1 1 2 1 2 2 2 2 2 2 2 2 1 2 2 2 2 2 1 2 0 1 2 2 2 2 2 2 1 2 2 2 1 2 2 2 2 1 2 2 1 2 2 0 0 2 2 2 2 2 2 2 2 0 2 2 2 2 1 2 1 1 1 0 0 1 2 2 2 2 2 2 0 0 2 0 2 2 2 2 0 2 2 0 2 0 2 0 2 1 2 0 2 2 2 2 2 2 0 0 2 2 2 2 2 2 2 2 2 2 0 1 0 2 1 1 1 2 1 1 2 2 2 0 2 1 1 2 2 2 1 1 1 1 1 1 1 1 1 1 2 0 2 2 1 1 2 1 2 1 1 1 2 1 2 1 1 1 1 1 1 2 1 1 1 1 2 2 2 

 Inviabilidades: 3 
FO: 75646.758979
Tempo total:12.851
######################## FIM ###################

 ######################## 100 ###################

Vetor de solucoes: 
2 2 2 0 2 2 1 2 2 1 2 2 0 1 2 1 1 2 2 1 2 2 0 2 1 2 2 2 1 2 1 1 2 2 0 2 2 2 2 2 2 2 2 0 2 1 2 2 2 2 2 2 2 2 1 1 1 2 1 0 2 1 1 2 1 1 1 1 1 1 2 0 0 0 1 1 0 2 1 1 2 1 1 1 1 1 1 1 1 1 1 1 1 1 1 1 1 1 0 1 0 1 1 1 1 1 1 1 1 1 1 1 1 1 1 1 2 1 1 1 1 1 0 0 0 0 1 1 1 0 2 1 1 0 1 1 0 0 1 1 1 0 0 0 0 0 0 0 0 0 0 1 1 1 1 0 0 1 0 0 0 0 0 1 0 1 0 0 2 2 0 0 0 2 0 2 0 1 1 2 

 Inviabilidades: 3 
FO: 69917.177588
Tempo total:11.937
######################## FIM ###################

 ######################## 100 ###################

Vetor de solucoes: 
2 0 0 0 2 0 1 2 2 1 0 2 2 1 2 0 1 2 2 1 2 2 2 2 2 2 2 2 2 2 1 1 2 1 2 2 2 2 2 2 2 2 2 0 2 1 2 2 2 2 2 0 2 2 1 1 1 2 1 2 2 1 1 2 1 1 1 1 1 1 2 0 1 0 1 1 1 2 1 1 1 1 1 1 1 1 1 1 1 1 1 1 1 1 1 1 1 1 1 1 2 1 1 1 1 1 1 1 1 1 1 1 1 1 1 1 2 1 1 1 1 1 2 0 0 0 1 1 1 0 0 0 1 1 1 0 0 0 1 1 1 0 0 0 0 0 0 0 0 0 0 0 1 1 0 0 0 1 0 1 0 0 0 1 0 1 0 0 0 2 0 0 1 0 2 2 0 1 1 2 

 Inviabilidades: 3 
FO: 70217.653242
Tempo total:11.513
######################## FIM ###################

 ######################## 100 ###################

Vetor de solucoes: 
1 1 1 1 1 1 0 2 1 0 1 1 2 0 2 0 0 1 2 0 2 2 2 2 2 1 2 2 2 2 0 0 2 0 2 2 2 2 2 2 2 2 2 1 2 0 2 1 2 2 1 1 1 2 0 0 0 2 0 2 2 0 0 2 0 0 0 0 0 1 1 1 1 2 0 0 1 2 0 1 0 0 0 0 0 0 0 0 0 0 0 0 0 0 0 0 0 2 2 0 2 0 0 0 0 0 0 0 0 0 0 0 0 0 0 0 2 0 0 0 0 0 2 1 1 1 0 0 0 1 2 1 0 2 0 0 1 1 0 0 0 1 1 2 1 1 1 1 1 1 2 0 0 0 1 1 1 0 1 1 1 1 1 0 1 0 1 1 1 1 1 2 1 1 1 2 2 0 0 2 

 Inviabilidades: 2 
FO: 70748.473316
Tempo total:11.309
######################## FIM ###################

 ######################## 100 ###################

Vetor de solucoes: 
2 2 2 1 2 2 0 2 2 0 2 2 1 0 2 0 0 2 2 0 2 2 1 2 0 2 2 2 0 2 0 0 2 2 1 2 2 2 2 2 2 2 2 1 2 0 2 2 2 2 2 2 2 2 0 0 0 2 0 1 2 0 0 2 0 0 0 0 0 0 2 1 1 1 0 0 1 2 0 0 2 0 0 0 0 0 0 0 0 0 0 0 0 0 0 0 0 0 1 0 1 0 0 0 0 0 0 0 0 0 0 0 0 0 0 0 2 0 0 0 0 0 1 1 1 1 0 0 0 1 2 0 0 1 0 0 1 1 0 0 0 1 1 1 1 1 1 1 1 1 1 0 0 0 0 1 1 0 1 1 1 1 1 0 1 0 1 1 2 2 1 1 1 2 1 2 1 0 0 2 

 Inviabilidades: 3 
FO: 69917.177588
Tempo total:11.266
######################## FIM ###################

 ######################## 100 ###################

Vetor de solucoes: 
1 1 0 0 1 0 2 0 0 1 1 0 0 1 0 1 1 1 1 1 1 1 1 0 1 1 1 0 1 0 1 2 0 1 0 1 1 1 1 0 1 1 0 0 1 1 1 1 0 0 1 0 1 1 2 1 1 1 1 1 1 1 1 1 2 1 1 1 1 0 1 0 1 0 2 2 0 1 1 1 1 1 1 2 2 1 2 1 1 1 1 2 1 1 1 1 2 1 1 1 2 1 2 1 1 1 1 1 1 2 2 1 1 1 1 1 1 1 1 1 1 1 0 2 0 0 1 0 1 0 0 1 1 1 2 1 0 0 1 1 1 0 0 0 0 0 0 0 0 0 0 1 2 1 1 0 0 1 0 1 0 0 0 1 0 1 0 0 0 0 0 0 1 0 0 1 0 1 1 1 

 Inviabilidades: 3 
FO: 75504.663728
Tempo total:11.464
######################## FIM ###################

 ######################## 100 ###################

Vetor de solucoes: 
0 0 0 0 0 0 1 2 0 1 0 0 2 1 2 1 1 0 2 1 2 2 2 2 2 0 2 2 2 2 1 1 2 1 2 2 2 2 2 2 2 2 2 0 2 1 2 0 2 2 0 0 0 2 1 1 1 2 1 2 2 1 1 2 1 1 1 1 1 0 0 0 0 2 1 1 0 2 1 0 1 1 1 1 1 1 1 1 1 1 1 1 1 1 1 1 1 2 2 1 2 1 1 1 1 1 1 1 1 1 1 1 1 1 1 1 2 1 1 1 1 1 2 0 0 0 1 1 1 0 2 0 1 2 1 1 0 0 1 1 1 0 0 2 0 0 0 0 0 0 2 1 1 1 0 0 0 1 0 0 0 0 0 1 0 1 0 0 0 0 0 2 0 0 0 2 2 1 1 2 

 Inviabilidades: 2 
FO: 70748.473316
Tempo total:11.883
######################## FIM ###################
