
######################## 300 ###################

Vetor de solucoes: 
2 1 2 0 2 0 1 2 2 1 2 2 0 1 2 1 1 2 2 1 0 2 0 0 1 2 2 2 1 2 1 1 2 1 2 2 2 2 2 2 2 2 2 0 2 1 2 2 2 2 2 2 2 2 1 1 1 2 1 2 2 1 1 2 1 1 1 1 1 1 0 0 0 0 1 1 0 2 1 1 1 1 1 1 1 1 1 1 1 1 1 1 1 1 1 1 1 1 1 1 2 1 1 1 1 1 1 1 1 1 1 1 1 1 1 1 0 1 1 1 1 1 2 0 0 0 1 1 1 0 0 1 1 1 1 1 0 0 1 1 1 0 0 0 0 0 0 0 0 0 0 1 1 1 1 0 0 1 0 0 2 0 0 1 0 1 0 2 0 2 0 0 0 0 0 2 0 1 1 2 

 Inviabilidades: 2 
FO: 70274.976815
Tempo total:25.710
######################## FIM ###################
