
 ######################## 300 ###################

Vetor de solucoes: 
2 1 2 0 2 0 1 2 2 1 2 2 0 1 2 1 1 2 2 1 0 2 0 0 1 2 2 2 1 2 1 1 2 1 2 2 2 2 2 2 2 2 2 0 2 1 2 2 2 2 2 2 2 2 1 1 1 2 1 2 2 1 1 2 1 1 1 1 1 1 0 0 0 0 1 1 0 2 1 1 1 1 1 1 1 1 1 1 1 1 1 1 1 1 1 1 1 1 1 1 2 1 1 1 1 1 1 1 1 1 1 1 1 1 1 1 0 1 1 1 1 1 2 0 0 0 1 1 1 0 0 1 1 1 1 1 0 0 1 1 1 0 0 0 0 0 0 0 0 0 0 1 1 1 1 0 0 1 0 0 2 0 0 1 0 1 0 2 0 2 0 0 0 0 0 2 0 1 1 2 

 Inviabilidades: 2 
FO: 70274.976815
Tempo total:25.710
######################## FIM ###################

 ######################## 300 ###################

Vetor de solucoes: 
1 2 1 0 1 0 2 1 1 2 1 1 0 2 1 2 2 1 1 2 0 1 0 0 2 1 1 1 2 1 2 2 1 2 1 1 1 1 1 1 1 1 1 0 1 2 1 1 1 1 1 1 1 1 2 2 2 1 2 1 1 2 2 1 2 2 2 2 2 2 0 0 0 0 2 2 0 1 2 2 2 2 2 2 2 2 2 2 2 2 2 2 2 2 2 2 2 2 2 2 1 2 2 2 2 2 2 2 2 2 2 2 2 2 2 2 0 2 2 2 2 2 1 0 0 0 2 2 2 0 0 2 2 2 2 2 0 0 2 2 2 0 0 0 0 0 0 0 0 0 0 2 2 2 2 0 0 2 0 0 1 0 0 2 0 2 0 1 0 1 0 0 0 0 0 1 0 2 2 1 

 Inviabilidades: 2 
FO: 70274.976815
Tempo total:26.930
######################## FIM ###################

 ######################## 300 ###################

Vetor de solucoes: 
1 2 0 0 1 0 2 1 1 2 1 1 0 2 1 2 2 1 1 2 0 1 1 0 2 1 1 1 2 1 2 2 1 2 1 1 1 1 1 0 1 1 1 0 1 2 1 1 1 1 1 1 2 1 2 2 2 1 2 1 1 2 2 1 2 2 2 2 2 2 0 0 0 0 2 2 0 1 2 2 2 2 2 2 2 2 2 2 2 2 2 2 2 2 2 2 2 2 2 2 0 2 2 2 2 2 2 2 2 2 2 2 2 2 2 2 0 2 2 2 2 2 0 0 0 0 2 2 2 0 0 2 2 2 2 2 0 0 2 2 0 0 0 0 0 0 0 0 0 0 0 2 2 2 2 0 0 2 0 0 1 0 0 2 0 2 0 1 0 0 0 0 0 0 0 0 0 2 2 1 

 Inviabilidades: 6 
FO: 70440.740152
Tempo total:24.939
######################## FIM ###################

 ######################## 300 ###################

Vetor de solucoes: 
0 2 0 1 0 1 2 0 0 2 0 0 1 2 0 2 2 0 0 2 1 0 1 1 2 0 0 0 2 0 2 2 0 2 0 0 0 0 0 0 0 0 0 1 0 2 0 0 0 0 0 0 0 0 2 2 2 0 2 0 0 2 2 0 2 2 2 2 2 2 1 1 1 1 2 2 1 0 2 2 2 2 2 2 2 2 2 2 2 2 2 2 2 2 2 2 2 2 2 2 0 2 2 2 2 2 2 2 2 2 2 2 2 2 2 2 1 2 2 2 2 2 0 1 1 1 2 2 2 1 1 2 2 2 2 2 1 1 2 2 2 1 1 1 1 1 1 1 1 1 1 2 2 2 2 1 1 2 1 1 0 1 1 2 1 2 1 0 1 0 1 1 1 1 1 0 1 2 2 0 

 Inviabilidades: 2 
FO: 70274.976815
Tempo total:26.528
######################## FIM ###################

 ######################## 300 ###################

Vetor de solucoes: 
0 2 0 1 0 0 2 0 0 2 0 0 1 2 0 2 2 0 0 0 1 0 1 1 2 0 0 0 0 0 2 2 0 2 0 0 0 0 0 0 0 0 0 1 0 2 0 0 0 0 0 0 0 0 2 2 2 0 2 0 0 2 2 0 2 2 2 2 2 2 1 1 1 1 2 2 1 0 2 2 2 2 2 2 2 2 2 2 2 2 2 2 2 2 2 2 2 2 2 2 0 2 2 2 2 2 2 2 2 2 2 2 2 2 2 2 1 2 2 2 2 2 0 1 1 1 2 2 2 1 1 2 2 2 2 2 1 1 2 2 2 1 1 1 1 1 1 1 1 1 1 2 2 2 2 1 1 2 1 1 0 1 1 2 1 2 1 0 1 0 2 1 1 1 1 0 1 2 2 0 

 Inviabilidades: 3 
FO: 70601.409923
Tempo total:26.373
######################## FIM ###################

 ######################## 300 ###################

Vetor de solucoes: 
2 0 1 1 2 1 0 2 2 0 2 1 1 0 2 0 0 2 2 2 1 2 2 1 2 2 2 2 2 2 0 0 2 0 1 2 2 2 2 1 2 2 2 1 2 0 2 2 2 2 2 2 2 2 0 0 0 2 0 2 2 0 0 2 0 0 0 0 0 0 1 1 1 1 0 0 1 2 0 0 0 0 0 0 0 0 0 0 0 0 0 0 0 0 0 0 0 0 0 0 2 0 0 0 0 0 0 0 0 0 0 0 0 0 0 0 1 0 0 0 0 0 2 1 1 1 0 0 0 1 1 0 0 0 0 0 1 1 0 0 1 1 1 1 1 1 1 1 1 1 1 1 0 0 0 1 1 0 1 1 2 1 1 0 1 0 1 2 1 1 1 1 1 1 1 2 1 0 0 2 

 Inviabilidades: 6 
FO: 70534.440478
Tempo total:27.025
######################## FIM ###################

 ######################## 300 ###################

Vetor de solucoes: 
2 1 0 0 2 0 1 2 2 1 2 2 0 1 2 1 1 2 2 1 0 2 2 0 1 2 2 2 1 2 1 1 2 1 2 2 2 2 2 0 2 2 2 0 2 1 2 2 2 2 2 2 1 2 1 1 1 2 1 2 2 1 1 2 1 1 1 1 1 1 0 0 0 0 1 1 0 2 1 1 1 1 1 1 1 1 1 1 1 1 1 1 1 1 1 1 1 1 1 1 0 1 1 1 1 1 1 1 1 1 1 1 1 1 1 1 0 1 1 1 1 1 0 0 0 0 1 1 1 0 0 1 1 1 1 1 0 0 1 1 0 0 0 0 0 0 0 0 0 0 0 1 1 1 1 0 0 1 0 0 2 0 0 1 0 1 0 2 0 0 0 0 0 0 0 0 0 1 1 2 

 Inviabilidades: 6 
FO: 70440.740152
Tempo total:27.173
######################## FIM ###################

 ######################## 300 ###################

Vetor de solucoes: 
2 0 2 1 2 1 0 2 2 0 2 2 1 0 2 0 0 2 2 0 1 2 1 1 0 2 2 2 0 2 0 0 2 0 2 2 2 2 2 2 2 2 2 1 2 0 2 2 2 2 2 2 2 2 0 0 0 2 0 2 2 0 0 2 0 0 0 0 0 0 1 1 1 1 0 0 1 2 0 0 0 0 0 0 0 0 0 0 0 0 0 0 0 0 0 0 0 0 0 0 2 0 0 0 0 0 0 0 0 0 0 0 0 0 0 0 1 0 0 0 0 0 2 1 1 1 0 0 0 1 1 0 0 0 0 0 1 1 0 0 0 1 1 1 1 1 1 1 1 1 1 0 0 0 0 1 1 0 1 1 2 1 1 0 1 0 1 2 1 2 1 1 1 1 1 2 1 0 0 2 

 Inviabilidades: 2 
FO: 70274.976815
Tempo total:27.261
######################## FIM ###################

 ######################## 300 ###################

Vetor de solucoes: 
1 0 1 2 1 2 0 1 1 0 1 1 2 0 1 0 0 1 1 0 2 1 2 2 0 1 1 1 0 1 0 0 1 0 1 1 1 1 1 1 1 1 1 2 1 0 1 1 1 1 1 1 1 1 0 0 0 1 0 1 1 0 0 1 0 0 0 0 0 0 2 2 2 2 0 0 2 1 0 0 0 0 0 0 0 0 0 0 0 0 0 0 0 0 0 0 0 0 0 0 1 0 0 0 0 0 0 0 0 0 0 0 0 0 0 0 2 0 0 0 0 0 1 2 2 2 0 0 0 2 2 0 0 0 0 0 2 2 0 0 0 2 2 2 2 2 2 2 2 2 2 0 0 0 0 2 2 0 2 2 1 2 2 0 2 0 2 1 2 1 2 2 2 2 2 1 2 0 0 1 

 Inviabilidades: 2 
FO: 70274.976815
Tempo total:26.875
######################## FIM ###################

 ######################## 300 ###################

Vetor de solucoes: 
2 2 2 0 2 0 1 2 2 1 2 2 0 1 2 1 1 2 2 2 0 2 0 0 1 2 2 2 2 2 1 1 2 1 2 2 2 2 2 2 2 2 2 0 2 1 2 2 2 2 2 2 2 2 1 1 1 2 1 2 2 1 1 2 1 2 1 1 1 1 0 0 0 0 1 1 0 2 1 1 1 1 1 1 1 1 1 1 1 1 1 1 1 1 1 1 1 1 1 1 2 1 1 1 1 1 1 1 1 1 1 1 1 1 1 1 0 1 1 1 1 1 2 0 0 0 1 1 1 0 0 2 1 1 1 1 0 0 1 1 1 0 0 0 0 0 0 0 0 0 0 1 1 1 1 0 0 1 0 0 2 0 0 1 0 1 0 2 0 2 1 0 0 0 0 2 0 1 1 2 

 Inviabilidades: 3 
FO: 70726.965861
Tempo total:28.141
######################## FIM ###################

 ######################## 300 ###################

Vetor de solucoes: 
0 1 0 2 0 0 1 0 0 1 0 0 2 1 0 1 1 0 0 0 2 0 2 2 1 0 0 0 0 0 1 1 0 1 0 0 0 0 0 0 0 0 0 2 0 1 0 0 0 0 0 0 0 0 1 1 1 0 1 0 0 1 1 0 1 1 1 1 1 1 2 2 2 2 1 1 2 0 1 1 1 1 1 1 1 1 1 1 1 1 1 1 1 1 1 1 1 1 1 1 0 1 1 1 1 1 1 1 1 1 1 1 1 1 1 1 2 1 1 1 1 1 0 2 2 2 1 1 1 2 2 1 1 1 1 1 2 2 1 1 1 2 2 2 2 2 2 2 2 2 2 1 1 1 1 2 2 1 2 2 0 2 2 1 2 1 2 0 2 0 1 2 2 2 2 0 2 1 1 0 

 Inviabilidades: 3 
FO: 70601.409923
Tempo total:27.060
######################## FIM ###################

 ######################## 300 ###################

Vetor de solucoes: 
1 2 1 0 1 0 2 1 1 2 1 1 0 2 1 2 2 1 1 2 0 1 0 0 2 1 1 1 2 1 2 2 1 2 1 1 1 1 1 1 1 1 1 0 1 2 1 1 1 1 1 1 1 1 2 2 2 1 2 1 1 2 2 1 2 2 2 2 2 2 0 0 0 0 2 2 0 1 2 2 2 2 2 2 2 2 2 2 2 2 2 2 2 2 2 2 2 2 2 2 1 2 2 2 2 2 2 2 2 2 2 2 2 2 2 2 0 2 2 2 2 2 1 0 0 0 2 2 2 0 0 2 2 2 2 2 0 0 2 2 2 0 0 0 0 0 0 0 0 0 0 2 2 2 2 0 0 2 0 0 1 0 0 2 0 2 0 1 0 1 0 0 0 0 0 1 0 2 2 1 

 Inviabilidades: 2 
FO: 70274.976815
Tempo total:28.528
######################## FIM ###################

 ######################## 300 ###################

Vetor de solucoes: 
1 2 1 0 1 0 2 1 1 2 1 1 0 2 1 2 2 1 1 2 0 1 0 0 2 1 1 1 2 1 2 2 1 2 1 1 1 1 1 1 1 1 1 0 1 2 1 1 1 1 1 1 1 1 2 2 2 1 2 1 1 2 2 1 2 2 2 2 2 2 0 0 0 0 2 2 0 1 2 2 2 2 2 2 2 2 2 2 2 2 2 2 2 2 2 2 2 2 2 2 1 2 2 2 2 2 2 2 2 2 2 2 2 2 2 2 0 2 2 2 2 2 1 0 0 0 2 2 2 0 0 2 2 2 2 2 0 0 2 2 2 0 0 0 0 0 0 0 0 0 0 2 2 2 2 0 0 2 0 0 1 0 0 2 0 2 0 1 0 1 0 0 0 0 0 1 0 2 2 1 

 Inviabilidades: 2 
FO: 70274.976815
Tempo total:28.620
######################## FIM ###################

 ######################## 300 ###################

Vetor de solucoes: 
1 2 1 0 1 0 2 1 1 2 1 1 0 2 1 2 2 1 1 2 0 1 0 0 2 1 1 1 2 1 2 2 1 2 1 1 1 1 1 1 1 1 1 0 1 2 1 1 1 1 1 1 1 1 2 2 2 1 2 1 1 2 2 1 2 2 2 2 2 2 0 0 0 0 2 2 0 1 2 2 2 2 2 2 2 2 2 2 2 2 2 2 2 2 2 2 2 2 2 2 1 2 2 2 2 2 2 2 2 2 2 2 2 2 2 2 0 2 2 2 2 2 1 0 0 0 2 2 2 0 0 2 2 2 2 2 0 0 2 2 2 0 0 0 0 0 0 0 0 0 0 2 2 2 2 0 0 2 0 0 1 0 0 2 0 2 0 1 0 1 0 0 0 0 0 1 0 2 2 1 

 Inviabilidades: 2 
FO: 70274.976815
Tempo total:27.946
######################## FIM ###################

 ######################## 300 ###################

Vetor de solucoes: 
0 1 0 2 0 2 1 0 0 1 0 0 2 1 0 1 1 0 0 1 2 0 2 2 1 0 0 0 1 0 1 1 0 1 0 0 0 0 0 0 0 0 0 2 0 1 0 0 0 0 0 0 0 0 1 1 1 0 1 0 0 1 1 0 1 1 1 1 1 1 2 2 2 2 1 1 2 0 1 1 1 1 1 1 1 1 1 1 1 1 1 1 1 1 1 1 1 1 1 1 0 1 1 1 1 1 1 1 1 1 1 1 1 1 1 1 2 1 1 1 1 1 0 2 2 2 1 1 1 2 2 1 1 1 1 1 2 2 1 1 1 2 2 2 2 2 2 2 2 2 2 1 1 1 1 2 2 1 2 2 0 2 2 1 2 1 2 0 2 0 2 2 2 2 2 0 2 1 1 0 

 Inviabilidades: 2 
FO: 70274.976815
Tempo total:27.627
######################## FIM ###################

 ######################## 300 ###################

Vetor de solucoes: 
0 2 0 1 0 1 2 0 0 2 0 0 1 2 0 2 2 0 0 2 1 0 1 1 2 0 0 0 2 0 2 2 0 2 0 0 0 0 0 0 0 0 0 1 0 2 0 0 0 0 0 0 0 0 2 2 2 0 2 0 0 2 2 0 2 2 2 2 2 2 1 1 1 1 2 2 1 0 2 2 2 2 2 2 2 2 2 2 2 2 2 2 2 2 2 2 2 2 2 2 0 2 2 2 2 2 2 2 2 2 2 2 2 2 2 2 1 2 2 2 2 2 0 1 1 1 2 2 2 1 1 2 2 2 2 2 1 1 2 2 2 1 1 1 1 1 1 1 1 1 1 2 2 2 2 1 1 2 1 1 0 1 1 2 1 2 1 0 1 0 1 1 1 1 1 0 1 2 2 0 

 Inviabilidades: 2 
FO: 70274.976815
Tempo total:27.825
######################## FIM ###################

 ######################## 300 ###################

Vetor de solucoes: 
0 2 0 1 0 1 2 0 0 2 0 0 1 2 0 2 2 0 0 2 1 0 1 1 2 0 0 0 2 0 2 2 0 2 0 0 0 0 0 0 0 0 0 1 0 2 0 0 0 0 0 0 0 0 2 2 2 0 2 0 0 2 2 0 2 2 2 2 2 2 1 1 1 1 2 2 1 0 2 2 2 2 2 2 2 2 2 2 2 2 2 2 2 2 2 2 2 2 2 2 0 2 2 2 2 2 2 2 2 2 2 2 2 2 2 2 1 2 2 2 2 2 0 1 1 1 2 2 2 1 1 2 2 2 2 2 1 1 2 2 2 1 1 1 1 1 1 1 1 1 1 2 2 2 2 1 1 2 1 1 0 1 1 2 1 2 1 0 1 0 1 1 1 1 1 0 1 2 2 0 

 Inviabilidades: 2 
FO: 70274.976815
Tempo total:26.780
######################## FIM ###################

 ######################## 300 ###################

Vetor de solucoes: 
0 2 0 1 0 0 2 0 0 2 0 0 1 2 0 2 2 0 0 0 1 0 1 1 2 0 0 0 0 0 2 2 0 2 0 0 0 0 0 0 0 0 0 1 0 2 0 0 0 0 0 0 0 0 2 2 2 0 2 0 0 2 2 0 2 2 2 2 2 2 1 1 1 1 2 2 1 0 2 2 2 2 2 2 2 2 2 2 2 2 2 2 2 2 2 2 2 2 2 2 0 2 2 2 2 2 2 2 2 2 2 2 2 2 2 2 1 2 2 2 2 2 0 1 1 1 2 2 2 1 1 2 2 2 2 2 1 1 2 2 2 1 1 1 1 1 1 1 1 1 1 2 2 2 2 1 1 2 1 1 0 1 1 2 1 2 1 0 1 0 2 1 1 1 1 0 1 2 2 0 

 Inviabilidades: 3 
FO: 70601.409923
Tempo total:26.212
######################## FIM ###################

 ######################## 300 ###################

Vetor de solucoes: 
1 2 1 0 1 1 2 1 1 2 1 1 0 2 1 2 2 1 1 1 0 1 0 0 2 1 1 1 1 1 2 2 1 2 1 1 1 1 1 1 1 1 1 0 1 2 1 1 1 1 1 1 1 1 2 2 2 1 2 1 1 2 2 1 2 2 2 2 2 2 0 0 0 0 2 2 0 1 2 2 2 2 2 2 2 2 2 2 2 2 2 2 2 2 2 2 2 2 2 2 1 2 2 2 2 2 2 2 2 2 2 2 2 2 2 2 0 2 2 2 2 2 1 0 0 0 2 2 2 0 0 2 2 2 2 2 0 0 2 2 2 0 0 0 0 0 0 0 0 0 0 2 2 2 2 0 0 2 0 0 1 0 0 2 0 2 0 1 0 1 2 0 0 0 0 1 0 2 2 1 

 Inviabilidades: 3 
FO: 70601.409923
Tempo total:27.366
######################## FIM ###################

 ######################## 300 ###################

Vetor de solucoes: 
2 0 1 1 2 1 0 2 2 0 2 2 1 0 2 0 0 2 2 0 1 2 2 1 0 2 2 2 0 2 0 0 2 0 2 2 2 2 2 1 2 2 2 1 2 0 2 2 2 2 2 2 0 2 0 0 0 2 0 2 2 0 0 2 0 0 0 0 0 0 1 1 1 1 0 0 1 2 0 0 0 0 0 0 0 0 0 0 0 0 0 0 0 0 0 0 0 0 0 0 1 0 0 0 0 0 0 0 0 0 0 0 0 0 0 0 1 0 0 0 0 0 1 1 1 1 0 0 0 1 1 0 0 0 0 0 1 1 0 0 1 1 1 1 1 1 1 1 1 1 1 0 0 0 0 1 1 0 1 1 2 1 1 0 1 0 1 2 1 1 1 1 1 1 1 1 1 0 0 2 

 Inviabilidades: 6 
FO: 70440.740152
Tempo total:27.012
######################## FIM ###################

 ######################## 300 ###################

Vetor de solucoes: 
0 1 2 2 0 2 1 0 0 1 0 0 2 1 0 1 1 0 0 1 2 0 0 2 1 0 0 0 1 0 1 1 0 1 0 0 0 0 0 2 0 0 0 2 0 1 0 0 0 0 0 0 1 0 1 1 1 0 1 0 0 1 1 0 1 1 1 1 1 1 2 2 2 2 1 1 2 0 1 1 1 1 1 1 1 1 1 1 1 1 1 1 1 1 1 1 1 1 1 1 2 1 1 1 1 1 1 1 1 1 1 1 1 1 1 1 2 1 1 1 1 1 2 2 2 2 1 1 1 2 2 1 1 1 1 1 2 2 1 1 2 2 2 2 2 2 2 2 2 2 2 1 1 1 1 2 2 1 2 2 0 2 2 1 2 1 2 0 2 2 2 2 2 2 2 2 2 1 1 0 

 Inviabilidades: 6 
FO: 70440.740152
Tempo total:26.647
######################## FIM ###################

 ######################## 300 ###################

Vetor de solucoes: 
0 1 0 2 0 2 1 0 0 1 0 0 2 1 0 1 1 0 0 1 2 0 2 2 1 0 0 0 1 0 1 1 0 1 0 0 0 0 0 0 0 0 0 2 0 1 0 0 0 0 0 0 0 0 1 1 1 0 1 0 0 1 1 0 1 1 1 1 1 1 2 2 2 2 1 1 2 0 1 1 1 1 1 1 1 1 1 1 1 1 1 1 1 1 1 1 1 1 1 1 0 1 1 1 1 1 1 1 1 1 1 1 1 1 1 1 2 1 1 1 1 1 0 2 2 2 1 1 1 2 2 1 1 1 1 1 2 2 1 1 1 2 2 2 2 2 2 2 2 2 2 1 1 1 1 2 2 1 2 2 0 2 2 1 2 1 2 0 2 0 2 2 2 2 2 0 2 1 1 0 

 Inviabilidades: 2 
FO: 70274.976815
Tempo total:26.876
######################## FIM ###################

 ######################## 300 ###################

Vetor de solucoes: 
2 0 2 1 2 2 0 2 2 0 2 2 1 0 2 0 0 2 2 2 1 2 1 1 0 2 2 2 2 2 0 0 2 0 2 2 2 2 2 2 2 2 2 1 2 0 2 2 2 2 2 2 2 2 0 0 0 2 0 2 2 0 0 2 0 0 0 0 0 0 1 1 1 1 0 0 1 2 0 0 0 0 0 0 0 0 0 0 0 0 0 0 0 0 0 0 0 0 0 0 2 0 0 0 0 0 0 0 0 0 0 0 0 0 0 0 1 0 0 0 0 0 2 1 1 1 0 0 0 1 1 0 0 0 0 0 1 1 0 0 0 1 1 1 1 1 1 1 1 1 1 0 0 0 0 1 1 0 1 1 2 1 1 0 1 0 1 2 1 2 0 1 1 1 1 2 1 0 0 2 

 Inviabilidades: 3 
FO: 70601.409923
Tempo total:26.999
######################## FIM ###################

 ######################## 300 ###################

Vetor de solucoes: 
0 2 0 1 0 1 2 0 0 2 0 0 1 2 0 2 2 0 0 2 1 0 1 1 2 0 0 0 2 0 2 2 0 2 0 0 0 0 0 0 0 0 0 1 0 2 0 0 0 0 0 0 0 0 2 2 2 0 2 0 0 2 2 0 2 2 2 2 2 2 1 1 1 1 2 2 1 0 2 2 2 2 2 2 2 2 2 2 2 2 2 2 2 2 2 2 2 2 2 2 0 2 2 2 2 2 2 2 2 2 2 2 2 2 2 2 1 2 2 2 2 2 0 1 1 1 2 2 2 1 1 2 2 2 2 2 1 1 2 2 2 1 1 1 1 1 1 1 1 1 1 2 2 2 2 1 1 2 1 1 0 1 1 2 1 2 1 0 1 0 1 1 1 1 1 0 1 2 2 0 

 Inviabilidades: 2 
FO: 70274.976815
Tempo total:26.745
######################## FIM ###################

 ######################## 300 ###################

Vetor de solucoes: 
1 1 1 0 1 0 2 0 1 2 0 1 0 2 0 2 2 1 1 2 0 1 0 0 0 1 1 1 2 1 2 2 1 2 1 1 1 1 1 1 1 1 1 0 1 2 1 1 1 0 1 1 1 1 2 2 2 1 2 1 1 2 2 1 2 2 2 2 2 2 0 0 0 2 2 2 0 1 2 2 2 2 2 2 2 2 2 2 2 2 2 2 2 2 2 2 2 2 2 2 0 2 2 2 2 2 2 2 2 2 2 2 2 2 2 2 1 2 2 2 2 2 1 0 0 0 2 2 2 1 1 2 2 2 2 2 0 0 2 2 2 0 1 0 0 0 0 0 0 0 1 2 2 2 2 0 1 2 0 0 1 0 0 2 0 2 1 1 1 1 0 0 0 0 0 1 1 2 2 1 

 Inviabilidades: 6 
FO: 71306.964507
Tempo total:26.518
######################## FIM ###################

 ######################## 300 ###################

Vetor de solucoes: 
2 1 2 0 2 2 1 2 2 1 2 2 0 1 2 1 1 2 2 2 0 2 0 0 1 2 2 2 2 2 1 1 2 1 2 2 2 2 2 2 2 2 2 0 2 1 2 2 2 2 2 2 2 2 1 1 1 2 1 2 2 1 1 2 1 1 1 1 1 1 0 0 0 0 1 1 0 2 1 1 1 1 1 1 1 1 1 1 1 1 1 1 1 1 1 1 1 1 1 1 2 1 1 1 1 1 1 1 1 1 1 1 1 1 1 1 0 1 1 1 1 1 2 0 0 0 1 1 1 0 0 1 1 1 1 1 0 0 1 1 1 0 0 0 0 0 0 0 0 0 0 1 1 1 1 0 0 1 0 0 2 0 0 1 0 1 0 2 0 2 1 0 0 0 0 2 0 1 1 2 

 Inviabilidades: 3 
FO: 70601.409923
Tempo total:24.751
######################## FIM ###################

 ######################## 300 ###################

Vetor de solucoes: 
0 1 0 2 0 2 1 0 0 1 0 0 2 1 0 1 1 0 0 1 2 0 2 2 1 0 0 0 1 0 1 1 0 1 0 0 0 0 0 0 0 0 0 2 0 1 0 0 0 0 0 0 0 0 1 1 1 0 1 0 0 1 1 0 1 1 1 1 1 1 2 2 2 2 1 1 2 0 1 1 1 1 1 1 1 1 1 1 1 1 1 1 1 1 1 1 1 1 1 1 0 1 1 1 1 1 1 1 1 1 1 1 1 1 1 1 2 1 1 1 1 1 0 2 2 2 1 1 1 2 2 1 1 1 1 1 2 2 1 1 1 2 2 2 2 2 2 2 2 2 2 1 1 1 1 2 2 1 2 2 0 2 2 1 2 1 2 0 2 0 2 2 2 2 2 0 2 1 1 0 

 Inviabilidades: 2 
FO: 70274.976815
Tempo total:24.146
######################## FIM ###################

 ######################## 300 ###################

Vetor de solucoes: 
0 2 0 1 0 1 2 0 0 2 0 0 1 2 0 2 2 0 0 2 1 0 1 1 2 0 0 0 2 0 2 2 0 2 0 0 0 0 0 0 0 0 0 1 0 2 0 0 0 0 0 0 0 0 2 2 2 0 2 0 0 2 2 0 2 2 2 2 2 2 1 1 1 1 2 2 1 0 2 2 2 2 2 2 2 2 2 2 2 2 2 2 2 2 2 2 2 2 2 2 0 2 2 2 2 2 2 2 2 2 2 2 2 2 2 2 1 2 2 2 2 2 0 1 1 1 2 2 2 1 1 2 2 2 2 2 1 1 2 2 2 1 1 1 1 1 1 1 1 1 1 2 2 2 2 1 1 2 1 1 0 1 1 2 1 2 1 0 1 0 1 1 1 1 1 0 1 2 2 0 

 Inviabilidades: 2 
FO: 70274.976815
Tempo total:24.970
######################## FIM ###################

 ######################## 300 ###################

Vetor de solucoes: 
1 2 1 0 1 0 2 1 1 2 1 1 0 2 1 2 2 1 1 2 0 1 0 0 2 1 1 1 2 1 2 2 1 2 1 1 1 1 1 1 1 1 1 0 1 2 1 1 1 1 1 1 1 1 2 2 2 1 2 1 1 2 2 1 2 2 2 2 2 2 0 0 0 0 2 2 0 1 2 2 2 2 2 2 2 2 2 2 2 2 2 2 2 2 2 2 2 2 2 2 1 2 2 2 2 2 2 2 2 2 2 2 2 2 2 2 0 2 2 2 2 2 1 0 0 0 2 2 2 0 0 2 2 2 2 2 0 0 2 2 2 0 0 0 0 0 0 0 0 0 0 2 2 2 2 0 0 2 0 0 1 0 0 2 0 2 0 1 0 1 0 0 0 0 0 1 0 2 2 1 

 Inviabilidades: 2 
FO: 70274.976815
Tempo total:25.852
######################## FIM ###################

 ######################## 300 ###################

Vetor de solucoes: 
2 1 2 0 2 0 1 2 2 1 2 2 0 1 2 1 1 2 2 1 0 2 0 0 1 2 2 2 1 2 1 1 2 1 2 2 2 2 2 2 2 2 2 0 2 1 2 2 2 2 2 2 2 2 1 1 1 2 1 2 2 1 1 2 1 1 1 1 1 1 0 0 0 0 1 1 0 2 1 1 1 1 1 1 1 1 1 1 1 1 1 1 1 1 1 1 1 1 1 1 2 1 1 1 1 1 1 1 1 1 1 1 1 1 1 1 0 1 1 1 1 1 2 0 0 0 1 1 1 0 0 1 1 1 1 1 0 0 1 1 1 0 0 0 0 0 0 0 0 0 0 1 1 1 1 0 0 1 0 0 2 0 0 1 0 1 0 2 0 2 0 0 0 0 0 2 0 1 1 2 

 Inviabilidades: 2 
FO: 70274.976815
Tempo total:26.511
######################## FIM ###################

 ######################## 300 ###################

Vetor de solucoes: 
1 0 1 2 1 1 0 1 1 0 1 1 2 0 1 0 0 1 1 1 2 1 2 2 0 1 1 1 1 1 0 0 1 0 1 1 1 1 1 1 1 1 1 2 1 0 1 1 1 1 1 1 1 1 0 0 0 1 0 1 1 0 0 1 0 0 0 0 0 0 2 2 2 2 0 0 2 1 0 0 0 0 0 0 0 0 0 0 0 0 0 0 0 0 0 0 0 0 0 0 1 0 0 0 0 0 0 0 0 0 0 0 0 0 0 0 2 0 0 0 0 0 1 2 2 2 0 0 0 2 2 0 0 0 0 0 2 2 0 0 0 2 2 2 2 2 2 2 2 2 2 0 0 0 0 2 2 0 2 2 1 2 2 0 2 0 2 1 2 1 0 2 2 2 2 1 2 0 0 1 

 Inviabilidades: 3 
FO: 70601.409923
Tempo total:24.530
######################## FIM ###################

 ######################## 300 ###################

Vetor de solucoes: 
2 0 2 1 2 1 0 2 2 0 2 2 1 0 2 0 0 2 2 0 1 2 1 1 0 2 2 2 0 2 0 0 2 0 2 2 2 2 2 2 2 2 2 1 2 0 2 2 2 2 2 2 2 2 0 0 0 2 0 2 2 0 0 2 0 0 0 0 0 0 1 1 1 1 0 0 1 2 0 0 0 0 0 0 0 0 0 0 0 0 0 0 0 0 0 0 0 0 0 0 2 0 0 0 0 0 0 0 0 0 0 0 0 0 0 0 1 0 0 0 0 0 2 1 1 1 0 0 0 1 1 0 0 0 0 0 1 1 0 0 0 1 1 1 1 1 1 1 1 1 1 0 0 0 0 1 1 0 1 1 2 1 1 0 1 0 1 2 1 2 1 1 1 1 1 2 1 0 0 2 

 Inviabilidades: 2 
FO: 70274.976815
Tempo total:25.160
######################## FIM ###################

 ######################## 300 ###################

Vetor de solucoes: 
1 1 1 2 1 2 0 2 1 0 2 1 2 0 2 0 0 1 1 0 2 1 2 2 2 1 1 1 0 1 0 0 1 0 1 1 1 1 1 1 1 1 1 2 1 0 1 1 1 2 1 1 1 1 0 0 0 1 0 1 1 0 0 1 0 0 0 0 0 0 2 2 2 0 0 0 2 1 0 0 0 0 0 0 0 0 0 0 0 0 0 0 0 0 0 0 0 0 0 0 2 0 0 0 0 0 0 0 0 0 0 0 0 0 0 0 1 0 0 0 0 0 1 2 2 2 0 0 0 1 1 0 0 0 0 0 2 2 0 0 0 2 1 2 2 2 2 2 2 2 1 0 0 0 0 2 1 0 2 2 1 2 2 0 2 0 1 1 1 1 2 2 2 2 2 1 1 0 0 1 

 Inviabilidades: 6 
FO: 71306.964507
Tempo total:24.725
######################## FIM ###################

 ######################## 300 ###################

Vetor de solucoes: 
0 2 0 1 0 1 2 0 0 2 0 0 1 2 0 2 2 0 0 2 1 0 1 1 2 0 0 0 2 0 2 2 0 2 0 0 0 0 0 0 0 0 0 1 0 2 0 0 0 0 0 0 0 0 2 2 2 0 2 0 0 2 2 0 2 2 2 2 2 2 1 1 1 1 2 2 1 0 2 2 2 2 2 2 2 2 2 2 2 2 2 2 2 2 2 2 2 2 2 2 0 2 2 2 2 2 2 2 2 2 2 2 2 2 2 2 1 2 2 2 2 2 0 1 1 1 2 2 2 1 1 2 2 2 2 2 1 1 2 2 2 1 1 1 1 1 1 1 1 1 1 2 2 2 2 1 1 2 1 1 0 1 1 2 1 2 1 0 1 0 1 1 1 1 1 0 1 2 2 0 

 Inviabilidades: 2 
FO: 70274.976815
Tempo total:25.322
######################## FIM ###################

 ######################## 300 ###################

Vetor de solucoes: 
0 2 0 1 0 1 2 0 0 2 0 0 1 2 0 2 2 0 0 2 1 0 1 1 2 0 0 0 2 0 2 2 0 2 0 0 0 0 0 0 0 0 0 1 0 2 0 0 0 0 0 0 0 0 2 2 2 0 2 0 0 2 2 0 2 2 2 2 2 2 1 1 1 1 2 2 1 0 2 2 2 2 2 2 2 2 2 2 2 2 2 2 2 2 2 2 2 2 2 2 0 2 2 2 2 2 2 2 2 2 2 2 2 2 2 2 1 2 2 2 2 2 0 1 1 1 2 2 2 1 1 2 2 2 2 2 1 1 2 2 2 1 1 1 1 1 1 1 1 1 1 2 2 2 2 1 1 2 1 1 0 1 1 2 1 2 1 0 1 0 1 1 1 1 1 0 1 2 2 0 

 Inviabilidades: 2 
FO: 70274.976815
Tempo total:25.276
######################## FIM ###################

 ######################## 300 ###################

Vetor de solucoes: 
0 2 0 1 0 0 2 0 0 2 0 0 1 2 0 2 2 0 0 0 1 0 1 1 2 0 0 0 0 0 2 2 0 2 0 0 0 0 0 0 0 0 0 1 0 2 0 0 0 0 0 0 0 0 2 2 2 0 2 0 0 2 2 0 2 2 2 2 2 2 1 1 1 1 2 2 1 0 2 2 2 2 2 2 2 2 2 2 2 2 2 2 2 2 2 2 2 2 2 2 0 2 2 2 2 2 2 2 2 2 2 2 2 2 2 2 1 2 2 2 2 2 0 1 1 1 2 2 2 1 1 2 2 2 2 2 1 1 2 2 2 1 1 1 1 1 1 1 1 1 1 2 2 2 2 1 1 2 1 1 0 1 1 2 1 2 1 0 1 0 2 1 1 1 1 0 1 2 2 0 

 Inviabilidades: 3 
FO: 70601.409923
Tempo total:25.541
######################## FIM ###################

 ######################## 300 ###################

Vetor de solucoes: 
0 2 0 1 0 1 2 0 0 2 0 1 1 2 0 2 2 0 0 2 0 1 1 1 2 0 0 0 2 0 2 2 0 2 0 0 0 0 0 0 0 1 0 0 0 2 0 0 0 0 0 0 0 0 2 2 2 0 2 0 1 2 2 0 2 2 2 2 2 2 1 1 1 1 2 2 0 1 2 2 2 2 2 2 2 2 2 2 2 2 2 2 2 2 2 2 2 2 2 2 1 2 2 2 2 2 2 2 2 2 2 2 2 2 2 2 1 2 2 2 2 2 1 1 1 1 2 2 2 1 1 2 2 2 2 2 1 1 2 2 2 1 1 1 1 1 1 1 1 1 1 2 2 2 2 1 1 2 1 1 1 1 2 2 1 2 1 0 1 1 2 1 1 1 1 1 1 2 2 0 

 Inviabilidades: 5 
FO: 70045.124253
Tempo total:26.240
######################## FIM ###################

 ######################## 300 ###################

Vetor de solucoes: 
1 0 1 2 1 2 0 1 1 0 1 1 2 0 1 0 0 1 1 0 2 1 2 2 0 1 1 1 0 1 0 0 1 0 1 1 1 1 1 1 1 1 1 2 1 0 1 1 1 1 1 1 1 1 0 0 0 1 0 1 1 0 0 1 0 0 0 0 0 0 2 2 2 2 0 0 2 1 0 0 0 0 0 0 0 0 0 0 0 0 0 0 0 0 0 0 0 0 0 0 1 0 0 0 0 0 0 0 0 0 0 0 0 0 0 0 2 0 0 0 0 0 1 2 2 2 0 0 0 2 2 0 0 0 0 0 2 2 0 0 0 2 2 2 2 2 2 2 2 2 2 0 0 0 0 2 2 0 2 2 1 2 2 0 2 0 2 1 2 1 2 2 2 2 2 1 2 0 0 1 

 Inviabilidades: 2 
FO: 70274.976815
Tempo total:24.301
######################## FIM ###################

 ######################## 300 ###################

Vetor de solucoes: 
0 2 0 1 0 0 2 0 0 2 0 0 1 2 0 2 2 0 0 0 1 0 1 1 2 0 0 0 0 0 2 2 0 2 0 0 0 0 0 0 0 0 0 1 0 2 0 0 0 0 0 0 0 0 2 2 2 0 2 0 0 2 2 0 2 2 2 2 2 2 1 1 1 1 2 2 1 0 2 2 2 2 2 2 2 2 2 2 2 2 2 2 2 2 2 2 2 2 2 2 0 2 2 2 2 2 2 2 2 2 2 2 2 2 2 2 1 2 2 2 2 2 0 1 1 1 2 2 2 1 1 2 2 2 2 2 1 1 2 2 2 1 1 1 1 1 1 1 1 1 1 2 2 2 2 1 1 2 1 1 0 1 1 2 1 2 1 0 1 0 2 1 1 1 1 0 1 2 2 0 

 Inviabilidades: 3 
FO: 70601.409923
Tempo total:24.783
######################## FIM ###################

 ######################## 300 ###################

Vetor de solucoes: 
0 1 0 2 0 2 1 0 0 1 0 0 2 1 0 1 1 0 0 1 2 0 2 2 1 0 0 0 1 0 1 1 0 1 0 0 0 0 0 0 0 0 0 2 0 1 0 0 0 0 0 0 0 0 1 1 1 0 1 0 0 1 1 0 1 1 1 1 1 1 2 2 2 2 1 1 2 0 1 1 1 1 1 1 1 1 1 1 1 1 1 1 1 1 1 1 1 1 1 1 0 1 1 1 1 1 1 1 1 1 1 1 1 1 1 1 2 1 1 1 1 1 0 2 2 2 1 1 1 2 2 1 1 1 1 1 2 2 1 1 1 2 2 2 2 2 2 2 2 2 2 1 1 1 1 2 2 1 2 2 0 2 2 1 2 1 2 0 2 0 2 2 2 2 2 0 2 1 1 0 

 Inviabilidades: 2 
FO: 70274.976815
Tempo total:23.566
######################## FIM ###################

 ######################## 300 ###################

Vetor de solucoes: 
2 0 2 1 2 1 0 2 2 0 2 2 1 0 2 0 0 2 2 0 1 2 1 1 0 2 2 2 0 2 0 0 2 0 2 2 2 2 2 2 2 2 2 1 2 0 2 2 2 2 2 2 2 2 0 0 0 2 0 2 2 0 0 2 0 0 0 0 0 0 1 1 1 1 0 0 1 2 0 0 0 0 0 0 0 0 0 0 0 0 0 0 0 0 0 0 0 0 0 0 2 0 0 0 0 0 0 0 0 0 0 0 0 0 0 0 1 0 0 0 0 0 2 1 1 1 0 0 0 1 1 0 0 0 0 0 1 1 0 0 0 1 1 1 1 1 1 1 1 1 1 0 0 0 0 1 1 0 1 1 2 1 1 0 1 0 1 2 1 2 1 1 1 1 1 2 1 0 0 2 

 Inviabilidades: 2 
FO: 70274.976815
Tempo total:24.882
######################## FIM ###################

 ######################## 300 ###################

Vetor de solucoes: 
2 1 2 0 2 0 1 2 2 1 2 2 0 1 2 1 1 2 2 1 0 2 0 0 1 2 2 2 1 2 1 1 2 1 2 2 2 2 2 2 2 2 2 0 2 1 2 2 2 2 2 2 2 2 1 1 1 2 1 2 2 1 1 2 1 1 1 1 1 1 0 0 0 0 1 1 0 2 1 1 1 1 1 1 1 1 1 1 1 1 1 1 1 1 1 1 1 1 1 1 2 1 1 1 1 1 1 1 1 1 1 1 1 1 1 1 0 1 1 1 1 1 2 0 0 0 1 1 1 0 0 1 1 1 1 1 0 0 1 1 1 0 0 0 0 0 0 0 0 0 0 1 1 1 1 0 0 1 0 0 2 0 0 1 0 1 0 2 0 2 0 0 0 0 0 2 0 1 1 2 

 Inviabilidades: 2 
FO: 70274.976815
Tempo total:26.553
######################## FIM ###################

 ######################## 300 ###################

Vetor de solucoes: 
0 0 0 1 0 1 2 1 0 2 1 0 1 2 1 2 2 0 0 2 1 0 1 1 1 0 0 0 2 0 2 2 0 2 0 0 0 0 0 0 0 0 0 1 0 2 0 0 0 1 0 0 0 0 2 2 2 0 2 0 0 2 2 0 2 2 2 2 2 2 1 1 1 2 2 2 1 0 2 2 2 2 2 2 2 2 2 2 2 2 2 2 2 2 2 2 2 2 2 2 1 2 2 2 2 2 2 2 2 2 2 2 2 2 2 2 0 2 2 2 2 2 0 1 1 1 2 2 2 0 0 2 2 2 2 2 1 1 2 2 2 1 0 1 1 1 1 1 1 1 0 2 2 2 2 1 0 2 1 1 0 1 1 2 1 2 0 0 0 0 1 1 1 1 1 0 0 2 2 0 

 Inviabilidades: 6 
FO: 71306.964507
Tempo total:23.847
######################## FIM ###################

 ######################## 300 ###################

Vetor de solucoes: 
2 0 2 1 2 1 0 2 2 0 2 2 1 0 2 0 0 2 2 0 1 2 1 1 0 2 2 2 0 2 0 0 2 0 2 2 2 2 2 2 2 2 2 1 2 0 2 2 2 2 2 2 2 2 0 0 0 2 0 2 2 0 0 2 0 0 0 0 0 0 1 1 1 1 0 0 1 2 0 0 0 0 0 0 0 0 0 0 0 0 0 0 0 0 0 0 0 0 0 0 2 0 0 0 0 0 0 0 0 0 0 0 0 0 0 0 1 0 0 0 0 0 2 1 1 1 0 0 0 1 1 0 0 0 0 0 1 1 0 0 0 1 1 1 1 1 1 1 1 1 1 0 0 0 0 1 1 0 1 1 2 1 1 0 1 0 1 2 1 2 1 1 1 1 1 2 1 0 0 2 

 Inviabilidades: 2 
FO: 70274.976815
Tempo total:24.729
######################## FIM ###################

 ######################## 300 ###################

Vetor de solucoes: 
2 1 2 0 2 2 1 2 2 1 2 2 0 1 2 1 1 2 2 2 0 2 0 0 1 2 2 2 2 2 1 1 2 1 2 2 2 2 2 2 2 2 2 0 2 1 2 2 2 2 2 2 2 2 1 1 1 2 1 2 2 1 1 2 1 1 1 1 1 1 0 0 0 0 1 1 0 2 1 1 1 1 1 1 1 1 1 1 1 1 1 1 1 1 1 1 1 1 1 1 2 1 1 1 1 1 1 1 1 1 1 1 1 1 1 1 0 1 1 1 1 1 2 0 0 0 1 1 1 0 0 1 1 1 1 1 0 0 1 1 1 0 0 0 0 0 0 0 0 0 0 1 1 1 1 0 0 1 0 0 2 0 0 1 0 1 0 2 0 2 1 0 0 0 0 2 0 1 1 2 

 Inviabilidades: 3 
FO: 70601.409923
Tempo total:25.502
######################## FIM ###################

 ######################## 300 ###################

Vetor de solucoes: 
2 0 2 1 2 1 0 2 2 0 2 2 1 0 2 0 0 2 2 0 1 2 1 1 0 2 2 2 0 2 0 0 2 0 2 2 2 2 2 2 2 2 2 1 2 0 2 2 2 2 2 2 2 2 0 0 0 2 0 2 2 0 0 2 0 0 0 0 0 0 1 1 1 1 0 0 1 2 0 0 0 0 0 0 0 0 0 0 0 0 0 0 0 0 0 0 0 0 0 0 2 0 0 0 0 0 0 0 0 0 0 0 0 0 0 0 1 0 0 0 0 0 2 1 1 1 0 0 0 1 1 0 0 0 0 0 1 1 0 0 0 1 1 1 1 1 1 1 1 1 1 0 0 0 0 1 1 0 1 1 2 1 1 0 1 0 1 2 1 2 1 1 1 1 1 2 1 0 0 2 

 Inviabilidades: 2 
FO: 70274.976815
Tempo total:25.361
######################## FIM ###################

 ######################## 300 ###################

Vetor de solucoes: 
0 2 0 1 0 1 2 0 0 2 0 0 1 2 0 2 2 0 0 2 1 0 1 1 2 0 0 0 2 0 2 2 0 2 0 0 0 0 0 0 0 0 0 1 0 2 0 0 0 0 0 0 0 0 2 2 2 0 2 0 0 2 2 0 2 2 2 2 2 2 1 1 1 1 2 2 1 0 2 2 2 2 2 2 2 2 2 2 2 2 2 2 2 2 2 2 2 2 2 2 0 2 2 2 2 2 2 2 2 2 2 2 2 2 2 2 1 2 2 2 2 2 0 1 1 1 2 2 2 1 1 2 2 2 2 2 1 1 2 2 2 1 1 1 1 1 1 1 1 1 1 2 2 2 2 1 1 2 1 1 0 1 1 2 1 2 1 0 1 0 1 1 1 1 1 0 1 2 2 0 

 Inviabilidades: 2 
FO: 70274.976815
Tempo total:24.664
######################## FIM ###################

 ######################## 300 ###################

Vetor de solucoes: 
2 1 2 0 2 0 1 2 2 1 2 2 0 1 2 1 1 2 2 1 0 2 0 0 1 2 2 2 1 2 1 1 2 1 2 2 2 2 2 2 2 2 2 0 2 1 2 2 2 2 2 2 2 2 1 1 1 2 1 2 2 1 1 2 1 1 1 1 1 1 0 0 0 0 1 1 0 2 1 1 1 1 1 1 1 1 1 1 1 1 1 1 1 1 1 1 1 1 1 1 2 1 1 1 1 1 1 1 1 1 1 1 1 1 1 1 0 1 1 1 1 1 2 0 0 0 1 1 1 0 0 1 1 1 1 1 0 0 1 1 1 0 0 0 0 0 0 0 0 0 0 1 1 1 1 0 0 1 0 0 2 0 0 1 0 1 0 2 0 2 0 0 0 0 0 2 0 1 1 2 

 Inviabilidades: 2 
FO: 70274.976815
Tempo total:26.124
######################## FIM ###################

 ######################## 300 ###################

Vetor de solucoes: 
2 0 2 1 2 2 0 2 2 0 2 2 1 0 2 0 0 2 2 2 1 2 1 1 0 2 2 2 2 2 0 0 2 0 2 2 2 2 2 2 2 2 2 1 2 0 2 2 2 2 2 2 2 2 0 0 0 2 0 2 2 0 0 2 0 0 0 0 0 0 1 1 1 1 0 0 1 2 0 0 0 0 0 0 0 0 0 0 0 0 0 0 0 0 0 0 0 0 0 0 2 0 0 0 0 0 0 0 0 0 0 0 0 0 0 0 1 0 0 0 0 0 2 1 1 1 0 0 0 1 1 0 0 0 0 0 1 1 0 0 0 1 1 1 1 1 1 1 1 1 1 0 0 0 0 1 1 0 1 1 2 1 1 0 1 0 1 2 1 2 0 1 1 1 1 2 1 0 0 2 

 Inviabilidades: 3 
FO: 70601.409923
Tempo total:24.856
######################## FIM ###################

 ######################## 300 ###################

Vetor de solucoes: 
0 0 0 1 0 1 2 1 0 2 1 0 1 2 1 2 2 0 0 2 1 0 1 1 1 0 0 0 2 0 2 2 0 2 0 0 0 0 0 0 0 0 0 1 0 2 0 0 0 1 0 0 0 0 2 2 2 0 2 0 0 2 2 0 2 2 2 2 2 2 1 1 1 2 2 2 1 0 2 2 2 2 2 2 2 2 2 2 2 2 2 2 2 2 2 2 2 2 2 2 1 2 2 2 2 2 2 2 2 2 2 2 2 2 2 2 0 2 2 2 2 2 0 1 1 1 2 2 2 0 0 2 2 2 2 2 1 1 2 2 2 1 0 1 1 1 1 1 1 1 0 2 2 2 2 1 0 2 1 1 0 1 1 2 1 2 0 0 0 0 1 1 1 1 1 0 0 2 2 0 

 Inviabilidades: 6 
FO: 71306.964507
Tempo total:23.605
######################## FIM ###################
