
######################## 50 ###################

Vetor de solucoes: 
0 0 0 0 0 0 1 0 0 1 0 0 0 1 0 0 1 1 1 1 2 2 0 2 1 0 2 2 1 0 1 1 0 1 0 0 1 1 0 0 1 0 0 0 0 1 0 1 0 0 1 0 0 2 1 0 1 0 1 0 0 1 1 1 1 1 1 1 1 0 0 0 0 0 1 1 0 0 1 1 1 1 1 1 1 1 1 1 1 1 1 1 1 1 1 1 1 1 1 1 2 1 1 1 1 1 1 1 1 1 1 1 1 1 1 1 0 0 1 1 1 1 0 1 0 0 1 1 1 0 1 1 1 1 1 1 0 1 1 1 1 0 0 0 0 0 0 0 0 0 0 1 1 1 1 0 0 1 0 0 0 0 0 1 0 1 0 0 0 0 0 0 0 0 0 0 0 1 1 1 

 Inviabilidades: 1 
FO: 72026.837861
Tempo total:9.048
######################## FIM ###################

######################## 50 ###################

Vetor de solucoes: 
0 0 0 1 0 0 2 0 0 2 0 0 1 2 0 2 2 0 0 2 0 0 0 0 2 0 0 0 2 0 2 2 0 0 1 0 0 0 0 0 0 0 0 1 0 2 0 0 0 0 0 0 0 0 2 2 2 0 2 1 0 2 2 0 2 2 2 2 2 2 0 1 1 1 2 2 1 0 2 2 0 2 2 2 2 2 2 2 2 2 2 2 2 2 2 2 2 2 1 2 1 2 2 2 2 2 2 2 2 2 2 2 2 2 2 2 0 2 2 2 2 2 1 0 1 1 2 2 2 1 0 2 2 1 2 2 1 1 2 2 2 1 1 1 1 1 1 1 1 1 1 2 2 2 2 1 1 2 1 1 1 1 1 2 1 2 1 1 0 0 1 1 1 0 1 0 1 2 2 0 

 Inviabilidades: 1 
FO: 69922.303827
Tempo total:8.484
######################## FIM ###################

######################## 50 ###################

Vetor de solucoes: 
1 0 1 1 1 0 0 1 1 0 0 1 1 0 1 0 0 0 1 0 2 2 1 2 0 1 1 1 0 1 0 0 1 1 1 1 1 1 1 1 1 1 1 1 1 0 1 0 1 1 1 1 1 1 0 0 0 1 0 1 1 0 0 0 0 0 0 0 0 0 1 1 1 1 0 0 1 1 0 0 1 0 0 0 0 0 0 0 0 0 0 0 0 0 0 0 0 1 0 0 2 0 0 0 0 0 0 0 0 0 0 0 0 0 0 0 1 0 1 0 0 0 1 0 0 1 0 0 0 1 1 0 0 1 0 0 1 1 0 0 0 1 1 1 1 1 1 0 1 2 1 0 0 0 0 1 1 0 1 1 1 1 1 0 1 0 1 1 1 1 0 1 0 1 1 1 1 0 0 2 

 Inviabilidades: 0 
FO: 72610.792937
Tempo total:8.895
######################## FIM ###################

######################## 50 ###################

Vetor de solucoes: 
0 0 0 2 0 2 2 0 0 2 0 0 0 2 0 2 2 0 0 2 1 1 0 0 2 0 0 1 2 0 2 2 0 2 2 0 0 0 0 0 0 0 0 0 0 2 0 2 0 0 0 0 0 0 2 0 0 0 2 0 0 2 2 0 2 2 2 2 2 2 2 0 2 0 2 2 0 0 2 2 1 2 2 2 2 2 2 2 2 2 2 2 2 2 2 2 2 0 2 2 1 2 2 2 2 2 2 2 2 2 2 2 2 2 2 2 0 0 2 2 2 2 1 2 0 1 2 2 2 1 1 2 2 2 1 2 1 2 2 2 2 1 1 1 1 1 2 1 1 1 1 2 2 2 2 1 1 2 2 0 0 2 2 2 1 2 0 0 1 0 0 0 2 1 1 0 0 2 2 0 

 Inviabilidades: 0 
FO: 71523.439554
Tempo total:8.184
######################## FIM ###################
