
 ######################## 50 ###################

Vetor de solucoes: 
0 0 0 0 0 0 1 0 0 1 0 0 0 1 0 0 1 1 1 1 2 2 0 2 1 0 2 2 1 0 1 1 0 1 0 0 1 1 0 0 1 0 0 0 0 1 0 1 0 0 1 0 0 2 1 0 1 0 1 0 0 1 1 1 1 1 1 1 1 0 0 0 0 0 1 1 0 0 1 1 1 1 1 1 1 1 1 1 1 1 1 1 1 1 1 1 1 1 1 1 2 1 1 1 1 1 1 1 1 1 1 1 1 1 1 1 0 0 1 1 1 1 0 1 0 0 1 1 1 0 1 1 1 1 1 1 0 1 1 1 1 0 0 0 0 0 0 0 0 0 0 1 1 1 1 0 0 1 0 0 0 0 0 1 0 1 0 0 0 0 0 0 0 0 0 0 0 1 1 1 

 Inviabilidades: 1 
FO: 72026.837861
Tempo total:9.048
######################## FIM ###################

 ######################## 50 ###################

Vetor de solucoes: 
0 0 0 1 0 0 2 0 0 2 0 0 1 2 0 2 2 0 0 2 0 0 0 0 2 0 0 0 2 0 2 2 0 0 1 0 0 0 0 0 0 0 0 1 0 2 0 0 0 0 0 0 0 0 2 2 2 0 2 1 0 2 2 0 2 2 2 2 2 2 0 1 1 1 2 2 1 0 2 2 0 2 2 2 2 2 2 2 2 2 2 2 2 2 2 2 2 2 1 2 1 2 2 2 2 2 2 2 2 2 2 2 2 2 2 2 0 2 2 2 2 2 1 0 1 1 2 2 2 1 0 2 2 1 2 2 1 1 2 2 2 1 1 1 1 1 1 1 1 1 1 2 2 2 2 1 1 2 1 1 1 1 1 2 1 2 1 1 0 0 1 1 1 0 1 0 1 2 2 0 

 Inviabilidades: 1 
FO: 69922.303827
Tempo total:8.484
######################## FIM ###################

 ######################## 50 ###################

Vetor de solucoes: 
2 1 2 2 2 1 1 2 2 1 2 2 2 1 2 1 1 2 2 1 0 0 2 0 1 2 0 2 1 2 1 1 2 1 2 2 2 2 2 2 2 2 2 2 2 1 2 1 2 2 2 2 2 2 1 1 1 2 1 2 2 1 1 1 1 1 1 1 1 1 2 2 1 2 1 1 2 2 1 1 1 1 1 1 1 1 1 1 1 1 1 1 1 1 1 0 1 1 1 1 0 1 1 1 1 1 1 1 1 1 1 1 1 1 1 1 2 1 1 1 1 1 2 1 1 2 1 1 1 2 2 1 1 1 0 1 2 1 1 1 1 2 2 2 2 1 1 2 2 0 2 1 1 1 1 2 2 1 1 2 2 1 1 1 2 1 2 2 2 2 2 2 1 2 2 2 2 1 1 0 

 Inviabilidades: 1 
FO: 71636.811434
Tempo total:9.338
######################## FIM ###################

 ######################## 50 ###################

Vetor de solucoes: 
1 0 1 1 1 0 0 1 1 0 0 1 1 0 1 0 0 0 1 0 2 2 1 2 0 1 1 1 0 1 0 0 1 1 1 1 1 1 1 1 1 1 1 1 1 0 1 0 1 1 1 1 1 1 0 0 0 1 0 1 1 0 0 0 0 0 0 0 0 0 1 1 1 1 0 0 1 1 0 0 1 0 0 0 0 0 0 0 0 0 0 0 0 0 0 0 0 1 0 0 2 0 0 0 0 0 0 0 0 0 0 0 0 0 0 0 1 0 1 0 0 0 1 0 0 1 0 0 0 1 1 0 0 1 0 0 1 1 0 0 0 1 1 1 1 1 1 0 1 2 1 0 0 0 0 1 1 0 1 1 1 1 1 0 1 0 1 1 1 1 0 1 0 1 1 1 1 0 0 2 

 Inviabilidades: 0 
FO: 72610.792937
Tempo total:8.895
######################## FIM ###################

 ######################## 50 ###################

Vetor de solucoes: 
2 2 2 2 2 2 0 2 2 0 2 1 2 0 2 2 1 2 2 0 1 1 2 1 0 1 1 2 0 2 0 0 2 0 2 2 1 1 1 2 2 2 2 2 1 0 2 1 1 2 1 2 2 1 0 0 0 0 0 2 2 0 0 0 0 0 0 0 0 0 2 2 2 2 0 0 2 2 0 2 1 0 0 0 0 0 0 0 0 0 0 0 0 0 0 0 0 0 0 0 1 0 0 0 0 0 0 0 0 0 0 0 0 0 0 0 2 2 0 0 0 0 2 2 2 2 0 0 0 2 2 0 2 0 0 0 2 2 0 0 2 2 2 2 2 2 2 2 2 1 2 0 0 0 0 2 2 0 2 2 2 2 2 0 2 0 2 2 2 1 2 2 2 2 2 2 2 0 0 1 

 Inviabilidades: 1 
FO: 70833.960115
Tempo total:9.068
######################## FIM ###################

 ######################## 50 ###################

Vetor de solucoes: 
0 1 0 0 0 1 1 0 0 1 1 0 0 1 0 1 1 1 0 1 2 2 0 2 1 0 0 0 1 0 1 1 0 0 0 0 0 0 0 0 0 0 0 0 0 1 0 1 0 0 0 0 0 0 1 1 1 0 1 0 0 1 1 1 1 1 1 1 1 1 0 0 0 0 1 1 0 0 1 1 0 1 1 1 1 1 1 1 1 1 1 1 1 1 1 1 1 0 1 1 2 1 1 1 1 1 1 1 1 1 1 1 1 1 1 1 0 1 0 1 1 1 0 1 1 0 1 1 1 0 0 1 1 0 1 1 0 0 1 1 1 0 0 0 0 0 0 1 0 2 0 1 1 1 1 0 0 1 0 0 0 0 0 1 0 1 0 0 0 0 1 0 1 0 0 0 0 1 1 2 

 Inviabilidades: 0 
FO: 72610.792937
Tempo total:9.333
######################## FIM ###################

 ######################## 50 ###################

Vetor de solucoes: 
2 2 2 2 2 2 1 2 2 1 2 0 2 1 2 2 0 2 2 1 0 0 2 0 1 0 0 2 1 2 1 1 2 1 2 2 0 0 0 2 2 2 2 2 0 1 2 0 0 2 0 2 2 0 1 1 1 1 1 2 2 1 1 1 1 1 1 1 1 1 2 2 2 2 1 1 2 2 1 2 0 1 1 1 1 1 1 1 1 1 1 1 1 1 1 1 1 1 1 1 0 1 1 1 1 1 1 1 1 1 1 1 1 1 1 1 2 2 1 1 1 1 2 2 2 2 1 1 1 2 2 1 2 1 1 1 2 2 1 1 2 2 2 2 2 2 2 2 2 0 2 1 1 1 1 2 2 1 2 2 2 2 2 1 2 1 2 2 2 0 2 2 2 2 2 2 2 1 1 0 

 Inviabilidades: 1 
FO: 70833.960115
Tempo total:9.219
######################## FIM ###################

 ######################## 50 ###################

Vetor de solucoes: 
1 2 2 2 2 2 0 2 2 2 2 2 2 2 2 2 0 2 2 2 1 1 2 1 2 2 1 2 2 2 2 2 2 2 2 2 2 2 2 2 2 2 2 2 2 2 2 2 2 2 2 2 2 2 2 2 2 2 2 2 2 2 2 0 2 0 2 0 2 0 2 2 2 2 0 2 2 2 0 2 2 2 0 0 0 0 0 0 0 0 0 0 2 0 0 0 0 2 2 2 1 0 0 2 2 2 2 2 2 2 0 2 2 0 2 0 2 2 2 0 0 0 1 2 2 1 0 2 2 1 1 2 2 2 0 2 1 0 2 2 2 1 1 1 1 1 2 1 1 1 1 2 2 0 1 1 1 2 2 2 1 2 2 0 1 2 2 2 1 2 2 1 2 0 1 1 1 0 0 2 

 Inviabilidades: 0 
FO: 74131.177458
Tempo total:8.957
######################## FIM ###################

 ######################## 50 ###################

Vetor de solucoes: 
2 2 2 2 2 2 0 2 2 0 2 2 2 0 2 2 0 2 2 0 1 1 1 1 2 2 1 1 0 2 0 0 2 0 2 2 1 1 1 1 1 2 1 2 1 0 1 2 2 2 2 2 2 1 0 0 0 2 0 2 2 0 0 0 0 0 0 0 0 0 2 2 2 2 0 0 2 2 0 0 0 0 0 0 0 0 0 0 0 0 0 0 0 0 0 0 0 1 2 0 1 0 0 0 0 0 0 0 0 0 0 0 0 0 0 0 1 0 0 0 0 0 1 0 2 2 0 0 0 2 2 0 0 0 0 0 2 0 0 0 0 2 2 2 2 2 2 2 2 2 1 0 0 0 2 2 2 0 2 2 2 2 0 0 2 0 2 2 2 2 2 1 2 2 2 2 2 0 0 1 

 Inviabilidades: 1 
FO: 70688.290635
Tempo total:8.417
######################## FIM ###################

 ######################## 50 ###################

Vetor de solucoes: 
0 0 0 2 0 2 2 0 0 2 0 0 0 2 0 2 2 0 0 2 1 1 0 0 2 0 0 1 2 0 2 2 0 2 2 0 0 0 0 0 0 0 0 0 0 2 0 2 0 0 0 0 0 0 2 0 0 0 2 0 0 2 2 0 2 2 2 2 2 2 2 0 2 0 2 2 0 0 2 2 1 2 2 2 2 2 2 2 2 2 2 2 2 2 2 2 2 0 2 2 1 2 2 2 2 2 2 2 2 2 2 2 2 2 2 2 0 0 2 2 2 2 1 2 0 1 2 2 2 1 1 2 2 2 1 2 1 2 2 2 2 1 1 1 1 1 2 1 1 1 1 2 2 2 2 1 1 2 2 0 0 2 2 2 1 2 0 0 1 0 0 0 2 1 1 0 0 2 2 0 

 Inviabilidades: 0 
FO: 71523.439554
Tempo total:8.184
######################## FIM ###################

 ######################## 50 ###################

Vetor de solucoes: 
0 0 0 0 0 0 1 0 0 1 0 0 2 1 0 1 1 0 0 1 0 0 0 0 0 0 0 0 1 0 1 1 0 1 0 0 0 0 0 0 0 0 0 2 0 1 0 1 0 0 0 0 0 0 1 1 1 0 1 0 0 1 1 1 1 1 1 1 1 1 2 2 2 0 1 1 2 0 1 1 1 1 1 1 1 1 1 1 1 1 1 1 1 1 1 1 1 0 0 1 0 1 1 1 1 1 1 1 1 1 1 1 1 1 1 1 0 1 1 1 1 1 0 0 0 2 1 1 1 0 0 0 1 1 1 1 0 0 1 1 1 0 0 2 0 0 0 2 2 2 0 1 1 1 2 2 2 1 0 2 2 0 0 1 2 1 0 0 0 0 2 2 2 0 0 0 2 1 1 0 

 Inviabilidades: 0 
FO: 71593.334522
Tempo total:7.925
######################## FIM ###################

 ######################## 50 ###################

Vetor de solucoes: 
1 1 1 1 1 0 0 1 1 0 1 1 1 0 1 0 0 0 0 0 1 0 1 1 0 0 1 2 0 1 0 0 1 0 2 1 0 0 2 2 0 0 1 2 2 0 1 2 2 2 1 2 2 2 0 2 2 1 0 1 2 0 0 0 0 0 0 0 0 1 1 1 1 1 0 0 1 2 0 0 0 0 0 0 0 0 0 0 0 0 0 0 0 0 0 0 0 0 1 0 0 0 0 0 0 0 0 0 0 0 0 0 0 0 0 0 1 0 0 0 0 0 1 0 1 1 0 0 0 1 1 0 0 0 0 0 1 1 0 0 0 1 1 1 1 1 1 1 1 1 1 0 0 0 1 1 1 0 1 1 1 1 1 0 1 0 1 1 1 1 1 1 1 1 1 1 1 0 0 0 

 Inviabilidades: 0 
FO: 72798.218950
Tempo total:7.995
######################## FIM ###################

 ######################## 50 ###################

Vetor de solucoes: 
1 1 1 1 1 1 2 1 1 2 1 1 1 2 1 1 2 1 1 2 0 0 0 0 1 1 0 0 2 1 2 2 1 2 1 1 0 0 0 0 0 1 0 1 0 2 0 1 1 1 1 1 1 0 2 2 2 1 2 1 1 2 2 2 2 2 2 2 2 2 1 1 1 1 2 2 1 1 2 2 2 2 2 2 2 2 2 2 2 2 2 2 2 2 2 2 2 0 1 2 0 2 2 2 2 2 2 2 2 2 2 2 2 2 2 2 0 2 2 2 2 2 0 2 1 1 2 2 2 1 1 2 2 2 2 2 1 2 2 2 2 1 1 1 1 1 1 1 1 1 0 2 2 2 1 1 1 2 1 1 1 1 2 2 1 2 1 1 1 1 1 0 1 1 1 1 1 2 2 0 

 Inviabilidades: 1 
FO: 70688.290635
Tempo total:9.335
######################## FIM ###################

 ######################## 50 ###################

Vetor de solucoes: 
0 2 2 2 2 2 1 2 2 2 2 2 2 2 2 2 1 2 2 2 0 0 2 0 2 2 0 2 2 2 2 2 2 2 2 2 2 2 2 2 2 2 2 2 2 2 2 2 2 2 2 2 2 2 2 2 2 2 2 2 2 2 2 1 2 1 2 1 2 1 2 2 2 2 1 2 2 2 1 2 2 2 1 1 1 1 1 1 1 1 1 1 2 1 1 1 1 2 2 2 0 1 1 2 2 2 2 2 2 2 1 2 2 1 2 1 2 2 2 1 1 1 0 2 2 0 1 2 2 0 0 2 2 2 1 2 0 1 2 2 2 0 0 0 0 0 2 0 0 0 0 2 2 1 0 0 0 2 2 2 0 2 2 1 0 2 2 2 0 2 2 0 2 1 0 0 0 1 1 2 

 Inviabilidades: 0 
FO: 74131.177458
Tempo total:8.890
######################## FIM ###################

 ######################## 50 ###################

Vetor de solucoes: 
0 0 0 0 0 0 1 0 0 1 0 0 0 1 0 0 1 0 0 1 2 2 2 2 0 0 2 2 1 0 1 1 0 1 0 0 2 2 2 2 2 0 2 0 2 1 2 0 0 0 0 0 0 2 1 1 1 0 1 0 0 1 1 1 1 1 1 1 1 1 0 0 0 0 1 1 0 0 1 1 1 1 1 1 1 1 1 1 1 1 1 1 1 1 1 1 1 2 0 1 2 1 1 1 1 1 1 1 1 1 1 1 1 1 1 1 2 1 1 1 1 1 2 1 0 0 1 1 1 0 0 1 1 1 1 1 0 1 1 1 1 0 0 0 0 0 0 0 0 0 2 1 1 1 0 0 0 1 0 0 0 0 1 1 0 1 0 0 0 0 0 2 0 0 0 0 0 1 1 2 

 Inviabilidades: 1 
FO: 70688.290635
Tempo total:8.556
######################## FIM ###################

 ######################## 50 ###################

Vetor de solucoes: 
2 1 2 2 2 1 1 2 2 1 1 2 2 1 2 1 1 1 2 1 0 0 2 0 1 2 2 2 1 2 1 1 2 2 2 2 2 2 2 2 2 2 2 2 2 1 2 1 2 2 2 2 2 2 1 1 1 2 1 2 2 1 1 1 1 1 1 1 1 1 2 2 2 2 1 1 2 2 1 1 2 1 1 1 1 1 1 1 1 1 1 1 1 1 1 1 1 2 1 1 0 1 1 1 1 1 1 1 1 1 1 1 1 1 1 1 2 1 2 1 1 1 2 1 1 2 1 1 1 2 2 1 1 2 1 1 2 2 1 1 1 2 2 2 2 2 2 1 2 0 2 1 1 1 1 2 2 1 2 2 2 2 2 1 2 1 2 2 2 2 1 2 1 2 2 2 2 1 1 0 

 Inviabilidades: 0 
FO: 72610.792937
Tempo total:8.620
######################## FIM ###################

 ######################## 50 ###################

Vetor de solucoes: 
1 2 1 1 1 2 2 1 1 2 1 1 1 2 1 2 2 1 2 2 1 1 1 1 1 1 1 1 2 1 2 2 1 2 1 1 1 1 1 1 1 1 1 2 1 2 1 1 1 1 1 1 1 1 2 2 2 1 2 1 1 2 2 2 2 2 2 2 2 2 1 1 2 0 2 2 1 1 2 2 1 2 2 2 2 2 2 2 2 2 2 2 2 2 2 2 2 2 2 2 1 2 2 2 2 2 2 2 2 2 2 2 2 2 2 2 1 2 2 2 2 2 0 2 2 0 2 2 2 0 0 2 2 2 2 2 0 2 2 2 2 0 0 0 0 1 0 0 0 0 0 2 2 2 2 0 0 2 2 2 2 2 2 2 1 2 1 1 0 1 2 0 2 0 1 0 1 2 2 1 

 Inviabilidades: 1 
FO: 71146.179409
Tempo total:9.195
######################## FIM ###################

 ######################## 50 ###################

Vetor de solucoes: 
2 0 0 0 0 0 1 0 0 1 0 0 0 1 0 1 1 0 0 1 2 0 2 2 0 2 2 2 1 2 1 1 0 1 0 2 1 2 0 0 1 0 0 2 2 1 2 0 0 0 0 0 0 2 1 1 0 1 1 1 0 1 1 1 1 1 1 1 1 0 0 0 0 0 1 1 1 0 1 1 1 1 1 1 1 1 1 1 1 1 1 1 1 1 1 2 1 2 1 1 2 1 1 1 1 1 1 1 1 1 1 1 1 1 1 1 0 1 1 1 1 1 2 0 0 0 1 1 1 0 0 0 0 1 2 1 0 0 1 1 1 0 0 0 0 0 0 0 0 0 0 1 1 1 1 2 0 1 0 1 0 0 0 1 0 1 0 0 0 0 0 2 0 0 0 0 0 0 1 2 

 Inviabilidades: 1 
FO: 71487.290958
Tempo total:7.829
######################## FIM ###################

 ######################## 50 ###################

Vetor de solucoes: 
1 2 2 2 2 2 0 2 2 0 2 2 2 0 2 0 0 2 2 0 1 2 1 1 2 1 1 1 0 1 0 0 2 0 2 1 0 1 2 2 0 2 2 1 1 0 1 2 2 2 2 2 2 1 0 0 2 0 0 0 2 0 0 0 0 0 0 0 0 2 2 2 2 2 0 0 0 2 0 0 0 0 0 0 0 0 0 0 0 0 0 0 0 0 0 1 0 1 0 0 1 0 0 0 0 0 0 0 0 0 0 0 0 0 0 0 2 0 0 0 0 0 1 2 2 2 0 0 0 2 2 2 2 0 1 0 2 2 0 0 0 2 2 2 2 2 2 2 2 2 2 0 0 0 0 1 2 0 2 0 2 2 2 0 2 0 2 2 2 2 2 1 2 2 2 2 2 2 0 1 

 Inviabilidades: 1 
FO: 71487.290958
Tempo total:8.067
######################## FIM ###################

 ######################## 50 ###################

Vetor de solucoes: 
1 2 2 2 2 2 0 2 2 2 2 2 2 2 2 2 0 2 2 2 1 1 2 1 2 2 1 2 2 2 2 2 2 2 2 2 2 2 2 2 2 2 2 2 2 2 2 2 2 2 2 2 2 2 2 2 2 2 2 2 2 2 2 0 2 0 2 0 2 0 2 2 2 2 0 2 2 2 0 2 2 2 0 0 0 0 0 0 0 0 0 0 2 0 0 0 0 2 2 2 1 0 0 2 2 2 2 2 2 2 0 2 2 0 2 0 2 2 2 0 0 0 1 2 2 1 0 2 2 1 1 2 2 2 0 2 1 0 2 2 2 1 1 1 1 1 2 1 1 1 1 2 2 0 1 1 1 2 2 2 1 2 2 0 1 2 2 2 1 2 2 1 2 0 1 1 1 0 0 2 

 Inviabilidades: 0 
FO: 74131.177458
Tempo total:8.853
######################## FIM ###################

 ######################## 50 ###################

Vetor de solucoes: 
1 0 1 1 1 0 0 1 1 0 0 1 1 0 1 0 0 0 1 0 2 2 1 2 0 1 1 1 0 1 0 0 1 1 1 1 1 1 1 1 1 1 1 1 1 0 1 0 1 1 1 1 1 1 0 0 0 1 0 1 1 0 0 0 0 0 0 0 0 0 1 1 1 1 0 0 1 1 0 0 1 0 0 0 0 0 0 0 0 0 0 0 0 0 0 0 0 1 0 0 2 0 0 0 0 0 0 0 0 0 0 0 0 0 0 0 1 0 1 0 0 0 1 0 0 1 0 0 0 1 1 0 0 1 0 0 1 1 0 0 0 1 1 1 1 1 1 0 1 2 1 0 0 0 0 1 1 0 1 1 1 1 1 0 1 0 1 1 1 1 0 1 0 1 1 1 1 0 0 2 

 Inviabilidades: 0 
FO: 72610.792937
Tempo total:8.992
######################## FIM ###################

 ######################## 50 ###################

Vetor de solucoes: 
2 2 2 2 2 2 0 2 2 0 2 2 2 0 2 2 0 2 2 0 1 1 1 1 2 2 1 1 0 2 0 0 2 0 2 2 1 1 1 1 1 2 1 2 1 0 1 2 2 2 2 2 2 1 0 0 0 2 0 2 2 0 0 0 0 0 0 0 0 0 2 2 2 2 0 0 2 2 0 0 0 0 0 0 0 0 0 0 0 0 0 0 0 0 0 0 0 1 2 0 1 0 0 0 0 0 0 0 0 0 0 0 0 0 0 0 1 0 0 0 0 0 1 0 2 2 0 0 0 2 2 0 0 0 0 0 2 0 0 0 0 2 2 2 2 2 2 2 2 2 1 0 0 0 2 2 2 0 2 2 2 2 0 0 2 0 2 2 2 2 2 1 2 2 2 2 2 0 0 1 

 Inviabilidades: 1 
FO: 70688.290635
Tempo total:10.162
######################## FIM ###################

 ######################## 50 ###################

Vetor de solucoes: 
1 1 1 1 1 1 0 1 1 1 1 1 1 1 1 1 1 1 1 0 2 1 2 1 1 1 1 2 1 1 1 1 1 1 1 1 1 1 1 1 1 1 1 2 1 1 1 1 1 1 1 1 1 1 1 1 1 1 0 1 1 1 0 2 1 1 0 0 0 0 1 1 1 1 0 1 1 1 0 1 1 1 0 0 0 0 0 0 0 0 0 0 0 0 0 0 0 1 1 0 0 0 0 0 1 0 0 0 0 0 0 0 0 0 0 0 1 0 1 0 0 0 2 1 1 2 1 0 0 2 2 1 1 0 0 0 2 1 0 0 0 1 2 2 2 2 2 2 2 2 2 1 1 0 1 2 2 0 1 2 1 1 1 0 2 0 1 1 2 1 1 2 1 0 1 2 2 0 0 1 

 Inviabilidades: 1 
FO: 72074.540183
Tempo total:8.633
######################## FIM ###################

 ######################## 50 ###################

Vetor de solucoes: 
2 2 2 0 2 2 1 2 2 1 2 2 0 1 2 1 1 2 2 1 2 2 2 2 1 2 2 2 1 2 1 1 2 2 0 2 2 2 2 2 2 2 2 0 2 1 2 2 2 2 2 2 2 2 1 1 1 2 1 0 2 1 1 2 1 1 1 1 1 1 2 0 0 0 1 1 0 2 1 1 2 1 1 1 1 1 1 1 1 1 1 1 1 1 1 1 1 1 0 1 0 1 1 1 1 1 1 1 1 1 1 1 1 1 1 1 2 1 1 1 1 1 0 2 0 0 1 1 1 0 2 1 1 0 1 1 0 0 1 1 1 0 0 0 0 0 0 0 0 0 0 1 1 1 1 0 0 1 0 0 0 0 0 1 0 1 0 0 2 2 0 0 0 2 0 2 0 1 1 2 

 Inviabilidades: 1 
FO: 69922.303827
Tempo total:8.537
######################## FIM ###################

 ######################## 50 ###################

Vetor de solucoes: 
1 0 0 0 0 0 2 0 0 0 0 0 0 0 0 0 2 0 0 0 1 1 0 1 0 0 1 0 0 0 0 0 0 0 0 0 0 0 0 0 0 0 0 0 0 0 0 0 0 0 0 0 0 0 0 0 0 0 0 0 0 0 0 2 0 2 0 2 0 2 0 0 0 0 2 0 0 0 2 0 0 0 2 2 2 2 2 2 2 2 2 2 0 2 2 2 2 0 0 0 1 2 2 0 0 0 0 0 0 0 2 0 0 2 0 2 0 0 0 2 2 2 1 0 0 1 2 0 0 1 1 0 0 0 2 0 1 2 0 0 0 1 1 1 1 1 0 1 1 1 1 0 0 2 1 1 1 0 0 0 1 0 0 2 1 0 0 0 1 0 0 1 0 2 1 1 1 2 2 0 

 Inviabilidades: 0 
FO: 74131.177458
Tempo total:8.156
######################## FIM ###################

 ######################## 50 ###################

Vetor de solucoes: 
1 1 1 1 1 1 2 1 1 2 1 0 1 2 1 1 0 1 1 2 0 0 1 0 2 0 0 1 2 1 2 2 1 2 1 1 0 0 0 1 1 1 1 1 0 2 1 0 0 1 0 1 1 0 2 2 2 2 2 1 1 2 2 2 2 2 2 2 2 2 1 1 1 1 2 2 1 1 2 1 0 2 2 2 2 2 2 2 2 2 2 2 2 2 2 2 2 2 2 2 0 2 2 2 2 2 2 2 2 2 2 2 2 2 2 2 1 1 2 2 2 2 1 1 1 1 2 2 2 1 1 2 1 2 2 2 1 1 2 2 1 1 1 1 1 1 1 1 1 0 1 2 2 2 2 1 1 2 1 1 1 1 1 2 1 2 1 1 1 0 1 1 1 1 1 1 1 2 2 0 

 Inviabilidades: 1 
FO: 70833.960115
Tempo total:9.230
######################## FIM ###################

 ######################## 50 ###################

Vetor de solucoes: 
2 2 2 0 2 2 1 2 2 1 2 2 0 1 2 1 1 2 2 1 2 2 2 2 1 2 2 2 1 2 1 1 2 2 0 2 2 2 2 2 2 2 2 0 2 1 2 2 2 2 2 2 2 2 1 1 1 2 1 0 2 1 1 2 1 1 1 1 1 1 2 0 0 0 1 1 0 2 1 1 2 1 1 1 1 1 1 1 1 1 1 1 1 1 1 1 1 1 0 1 0 1 1 1 1 1 1 1 1 1 1 1 1 1 1 1 2 1 1 1 1 1 0 2 0 0 1 1 1 0 2 1 1 0 1 1 0 0 1 1 1 0 0 0 0 0 0 0 0 0 0 1 1 1 1 0 0 1 0 0 0 0 0 1 0 1 0 0 2 2 0 0 0 2 0 2 0 1 1 2 

 Inviabilidades: 1 
FO: 69922.303827
Tempo total:9.421
######################## FIM ###################

 ######################## 50 ###################

Vetor de solucoes: 
1 1 1 1 1 1 2 0 1 2 1 1 0 2 0 2 2 1 0 2 0 0 0 0 0 1 0 0 0 0 2 2 0 2 0 0 0 0 0 0 0 0 0 1 0 2 0 1 0 0 1 1 1 0 2 2 2 0 2 0 0 2 2 0 2 2 2 2 2 1 1 1 1 0 2 2 1 1 2 1 2 2 2 2 2 2 2 2 2 2 2 2 2 2 2 2 2 0 0 2 0 2 2 2 2 2 2 2 2 2 2 2 2 2 2 2 0 2 2 2 2 2 0 1 1 1 2 2 2 1 0 1 2 0 2 2 1 1 2 2 2 1 1 0 1 1 1 1 1 1 0 2 2 2 1 1 1 2 1 1 1 1 1 2 1 2 1 1 1 1 1 0 1 1 1 0 0 2 2 0 

 Inviabilidades: 1 
FO: 70641.025196
Tempo total:9.578
######################## FIM ###################

 ######################## 50 ###################

Vetor de solucoes: 
0 0 0 0 0 1 1 0 0 1 0 0 0 1 0 1 1 1 1 1 0 1 0 0 1 1 0 2 1 0 1 1 0 1 2 0 1 1 2 2 1 1 0 2 2 1 0 2 2 2 0 2 2 2 1 2 2 0 1 0 2 1 1 1 1 1 1 1 1 0 0 0 0 0 1 1 0 2 1 1 1 1 1 1 1 1 1 1 1 1 1 1 1 1 1 1 1 1 0 1 1 1 1 1 1 1 1 1 1 1 1 1 1 1 1 1 0 1 1 1 1 1 0 1 0 0 1 1 1 0 0 1 1 1 1 1 0 0 1 1 1 0 0 0 0 0 0 0 0 0 0 1 1 1 0 0 0 1 0 0 0 0 0 1 0 1 0 0 0 0 0 0 0 0 0 0 0 1 1 1 

 Inviabilidades: 0 
FO: 72798.218950
Tempo total:8.810
######################## FIM ###################

 ######################## 50 ###################

Vetor de solucoes: 
2 2 2 2 2 1 1 2 2 1 2 2 2 1 2 2 1 2 2 1 2 2 2 2 1 2 2 2 1 2 1 1 2 1 2 2 1 2 2 2 2 2 2 1 2 1 2 1 2 2 2 2 2 2 1 1 1 2 1 2 2 1 1 1 1 1 1 1 1 1 1 2 2 2 1 1 2 2 1 1 2 1 1 1 1 1 1 1 1 1 1 1 1 1 1 1 1 1 1 1 0 1 1 1 1 1 1 1 1 1 1 1 1 1 1 1 2 1 1 1 1 1 2 2 2 2 1 1 1 2 2 1 1 1 1 1 2 1 1 1 1 2 2 2 2 2 2 2 2 0 2 1 1 1 1 2 2 1 2 2 2 2 2 1 2 1 2 2 2 2 2 2 1 2 2 2 2 1 1 1 

 Inviabilidades: 0 
FO: 73312.962195
Tempo total:8.904
######################## FIM ###################

 ######################## 50 ###################

Vetor de solucoes: 
1 1 1 1 1 1 0 1 1 0 1 1 1 0 1 0 0 1 1 0 1 1 2 1 1 1 1 1 0 1 0 0 2 0 2 1 1 1 1 1 1 2 1 2 1 0 1 1 1 2 1 1 2 2 0 2 2 1 0 2 2 0 0 2 0 0 0 0 0 0 1 1 0 1 0 0 1 2 0 0 0 0 0 0 0 0 0 0 0 0 0 0 0 0 0 0 0 0 2 0 1 0 0 0 0 0 0 0 0 0 0 0 0 0 0 0 2 0 0 0 0 0 1 1 1 1 0 0 0 1 1 0 0 0 0 0 1 1 0 0 0 1 1 1 1 1 1 1 1 2 1 0 0 0 0 1 1 0 1 2 1 1 0 0 1 0 1 1 1 1 1 2 1 1 1 1 1 0 0 0 

 Inviabilidades: 1 
FO: 72235.245246
Tempo total:8.141
######################## FIM ###################

 ######################## 50 ###################

Vetor de solucoes: 
0 0 0 0 0 0 1 0 0 1 0 0 0 0 0 0 1 0 0 1 2 2 0 2 0 0 0 2 1 0 1 1 0 1 0 0 0 0 0 0 0 0 0 0 0 1 0 0 0 0 0 0 0 0 1 0 0 0 1 0 0 1 1 1 1 1 1 1 1 1 0 0 0 0 1 1 0 0 1 0 2 1 1 1 1 1 1 1 1 1 1 1 1 1 1 1 1 2 0 1 2 1 1 1 1 1 1 1 1 1 1 1 1 1 1 1 0 0 1 1 1 1 2 0 0 2 1 1 1 2 2 0 1 1 2 1 0 0 1 1 1 2 2 2 2 0 0 0 2 2 2 1 1 1 1 2 2 1 0 0 0 0 0 1 2 1 0 0 2 0 0 2 0 0 0 0 0 1 1 0 

 Inviabilidades: 1 
FO: 70879.993649
Tempo total:8.124
######################## FIM ###################

 ######################## 50 ###################

Vetor de solucoes: 
2 1 2 2 2 1 1 2 2 1 2 2 2 1 2 1 1 2 2 1 0 0 2 0 1 2 2 0 1 2 1 1 2 1 2 2 2 2 2 2 2 2 2 2 2 1 2 2 2 2 2 2 2 2 1 1 1 2 1 2 2 1 1 1 1 1 1 1 1 1 2 2 1 2 1 1 1 2 1 1 2 1 1 1 1 1 1 1 1 1 1 1 1 1 1 0 1 0 1 1 0 1 1 1 1 1 1 1 1 1 1 1 1 1 1 1 0 1 1 1 1 1 0 1 1 0 1 1 1 0 0 1 1 1 0 1 0 1 1 1 1 0 0 0 0 0 1 2 0 0 0 1 1 1 1 0 0 1 1 1 0 1 1 1 0 1 2 2 0 2 1 0 1 0 0 2 0 1 1 2 

 Inviabilidades: 1 
FO: 70647.382001
Tempo total:8.152
######################## FIM ###################

 ######################## 50 ###################

Vetor de solucoes: 
2 2 2 2 2 0 0 2 2 0 2 2 2 0 2 0 0 0 0 0 2 0 2 2 0 0 2 1 0 2 0 0 2 0 1 2 0 0 1 1 0 0 2 1 1 0 2 1 1 1 2 1 1 1 0 1 1 2 0 2 1 0 0 0 0 0 0 0 0 2 2 2 2 2 0 0 2 1 0 0 0 0 0 0 0 0 0 0 0 0 0 0 0 0 0 0 0 0 2 0 0 0 0 0 0 0 0 0 0 0 0 0 0 0 0 0 2 0 0 0 0 0 2 0 2 2 0 0 0 2 2 0 0 0 0 0 2 2 0 0 0 2 2 2 2 2 2 2 2 2 2 0 0 0 2 2 2 0 2 2 2 2 2 0 2 0 2 2 2 2 2 2 2 2 2 2 2 0 0 0 

 Inviabilidades: 0 
FO: 72798.218950
Tempo total:8.180
######################## FIM ###################

 ######################## 50 ###################

Vetor de solucoes: 
0 0 0 0 0 0 2 0 0 2 0 0 0 2 0 0 2 0 0 2 1 1 1 1 0 0 1 1 2 0 2 2 0 2 0 0 1 1 1 1 1 0 1 0 1 2 1 0 0 0 0 0 0 1 2 2 2 0 2 0 0 2 2 2 2 2 2 2 2 2 0 0 0 0 2 2 0 0 2 2 2 2 2 2 2 2 2 2 2 2 2 2 2 2 2 2 2 1 0 2 1 2 2 2 2 2 2 2 2 2 2 2 2 2 2 2 1 2 2 2 2 2 1 2 0 0 2 2 2 0 0 2 2 2 2 2 0 2 2 2 2 0 0 0 0 0 0 0 0 0 1 2 2 2 0 0 0 2 0 0 0 0 2 2 0 2 0 0 0 0 0 1 0 0 0 0 0 2 2 1 

 Inviabilidades: 1 
FO: 70688.290635
Tempo total:8.293
######################## FIM ###################

 ######################## 50 ###################

Vetor de solucoes: 
2 2 2 2 2 1 1 2 2 1 2 2 2 1 2 2 1 2 2 1 2 2 2 2 1 2 2 2 1 2 1 1 2 1 2 2 1 2 2 2 2 2 2 1 2 1 2 1 2 2 2 2 2 2 1 1 1 2 1 2 2 1 1 1 1 1 1 1 1 1 1 2 2 2 1 1 2 2 1 1 2 1 1 1 1 1 1 1 1 1 1 1 1 1 1 1 1 1 1 1 0 1 1 1 1 1 1 1 1 1 1 1 1 1 1 1 2 1 1 1 1 1 2 2 2 2 1 1 1 2 2 1 1 1 1 1 2 1 1 1 1 2 2 2 2 2 2 2 2 0 2 1 1 1 1 2 2 1 2 2 2 2 2 1 2 1 2 2 2 2 2 2 1 2 2 2 2 1 1 1 

 Inviabilidades: 0 
FO: 73312.962195
Tempo total:8.403
######################## FIM ###################

 ######################## 50 ###################

Vetor de solucoes: 
2 2 2 2 2 2 0 2 2 0 2 2 2 0 2 2 0 2 2 0 1 1 1 1 2 2 1 1 0 2 0 0 2 0 2 2 1 1 1 1 1 2 1 2 1 0 1 2 2 2 2 2 2 1 0 0 0 2 0 2 2 0 0 0 0 0 0 0 0 0 2 2 2 2 0 0 2 2 0 0 0 0 0 0 0 0 0 0 0 0 0 0 0 0 0 0 0 1 2 0 1 0 0 0 0 0 0 0 0 0 0 0 0 0 0 0 1 0 0 0 0 0 1 0 2 2 0 0 0 2 2 0 0 0 0 0 2 0 0 0 0 2 2 2 2 2 2 2 2 2 1 0 0 0 2 2 2 0 2 2 2 2 0 0 2 0 2 2 2 2 2 1 2 2 2 2 2 0 0 1 

 Inviabilidades: 1 
FO: 70688.290635
Tempo total:7.931
######################## FIM ###################

 ######################## 50 ###################

Vetor de solucoes: 
2 1 2 0 2 0 1 2 2 1 2 2 2 1 2 1 1 0 0 1 2 2 0 0 0 2 0 0 0 2 1 1 0 1 0 2 0 0 0 0 0 0 0 0 0 1 0 1 0 0 2 0 0 0 1 1 1 0 1 0 0 1 1 1 1 1 1 1 1 1 2 2 1 2 1 1 1 0 1 1 1 1 1 1 1 1 1 1 1 1 1 1 1 1 1 1 1 2 0 1 2 1 1 1 1 1 1 1 1 1 1 1 1 1 1 1 0 1 1 1 1 1 2 1 2 2 1 1 1 2 2 2 1 1 0 1 2 1 1 1 1 2 2 2 2 2 1 0 2 2 2 1 1 1 2 2 2 1 1 2 2 2 1 1 2 1 2 2 2 2 2 2 1 0 2 2 2 1 1 0 

 Inviabilidades: 1 
FO: 71061.712911
Tempo total:8.210
######################## FIM ###################

 ######################## 50 ###################

Vetor de solucoes: 
1 1 1 1 1 1 2 0 1 2 1 1 0 2 0 2 2 1 0 2 0 0 0 0 0 1 0 0 0 0 2 2 0 2 0 0 0 0 0 0 0 0 0 1 0 2 0 1 0 0 1 1 1 0 2 2 2 0 2 0 0 2 2 0 2 2 2 2 2 1 1 1 1 0 2 2 1 1 2 1 2 2 2 2 2 2 2 2 2 2 2 2 2 2 2 2 2 0 0 2 0 2 2 2 2 2 2 2 2 2 2 2 2 2 2 2 0 2 2 2 2 2 0 1 1 1 2 2 2 1 0 1 2 0 2 2 1 1 2 2 2 1 1 0 1 1 1 1 1 1 0 2 2 2 1 1 1 2 1 1 1 1 1 2 1 2 1 1 1 1 1 0 1 1 1 0 0 2 2 0 

 Inviabilidades: 1 
FO: 70641.025196
Tempo total:8.210
######################## FIM ###################

 ######################## 50 ###################

Vetor de solucoes: 
1 1 1 1 1 1 0 1 1 0 1 2 1 0 1 1 2 1 1 0 2 2 1 2 0 2 2 1 0 1 0 0 1 0 1 1 2 2 2 1 1 1 1 1 2 0 1 2 2 1 2 1 1 2 0 0 0 0 0 1 1 0 0 0 0 0 0 0 0 0 1 1 1 1 0 0 1 1 0 1 2 0 0 0 0 0 0 0 0 0 0 0 0 0 0 0 0 0 0 0 2 0 0 0 0 0 0 0 0 0 0 0 0 0 0 0 1 1 0 0 0 0 1 1 1 1 0 0 0 1 1 0 1 0 0 0 1 1 0 0 1 1 1 1 1 1 1 1 1 2 1 0 0 0 0 1 1 0 1 1 1 1 1 0 1 0 1 1 1 2 1 1 1 1 1 1 1 0 0 2 

 Inviabilidades: 1 
FO: 70833.960115
Tempo total:7.973
######################## FIM ###################

 ######################## 50 ###################

Vetor de solucoes: 
2 2 2 2 2 2 1 0 2 1 2 2 0 1 0 1 1 2 0 1 0 0 0 0 0 2 0 0 0 0 1 1 0 1 0 0 0 0 0 0 0 0 0 2 0 1 0 2 0 0 2 2 2 0 1 1 1 0 1 0 0 1 1 0 1 1 1 1 1 2 2 2 2 0 1 1 2 2 1 2 1 1 1 1 1 1 1 1 1 1 1 1 1 1 1 1 1 0 0 1 0 1 1 1 1 1 1 1 1 1 1 1 1 1 1 1 0 1 1 1 1 1 0 2 2 2 1 1 1 2 0 2 1 0 1 1 2 2 1 1 1 2 2 0 2 2 2 2 2 2 0 1 1 1 2 2 2 1 2 2 2 2 2 1 2 1 2 2 2 2 2 0 2 2 2 0 0 1 1 0 

 Inviabilidades: 1 
FO: 70641.025196
Tempo total:8.346
######################## FIM ###################

 ######################## 50 ###################

Vetor de solucoes: 
1 1 1 1 1 0 0 1 1 0 1 1 1 0 1 0 0 0 0 0 1 0 1 1 0 0 1 2 0 1 0 0 1 0 2 1 0 0 2 2 0 0 1 2 2 0 1 2 2 2 1 2 2 2 0 2 2 1 0 1 2 0 0 0 0 0 0 0 0 1 1 1 1 1 0 0 1 2 0 0 0 0 0 0 0 0 0 0 0 0 0 0 0 0 0 0 0 0 1 0 0 0 0 0 0 0 0 0 0 0 0 0 0 0 0 0 1 0 0 0 0 0 1 0 1 1 0 0 0 1 1 0 0 0 0 0 1 1 0 0 0 1 1 1 1 1 1 1 1 1 1 0 0 0 1 1 1 0 1 1 1 1 1 0 1 0 1 1 1 1 1 1 1 1 1 1 1 0 0 0 

 Inviabilidades: 0 
FO: 72798.218950
Tempo total:8.285
######################## FIM ###################

 ######################## 50 ###################

Vetor de solucoes: 
1 1 2 1 1 2 2 1 1 2 1 1 1 2 1 1 2 1 1 2 1 1 1 1 1 1 1 1 1 1 2 2 1 2 1 1 1 1 1 1 1 1 1 2 1 2 1 1 1 1 1 1 1 1 2 2 2 1 2 1 1 2 2 2 2 2 2 2 2 2 1 1 2 1 2 2 2 1 2 2 2 2 2 2 2 2 2 2 2 2 2 2 2 2 2 2 2 2 2 2 1 2 2 2 2 2 2 2 2 2 2 2 2 2 2 2 1 2 2 2 2 2 0 2 1 0 2 2 2 0 0 2 2 2 1 2 1 2 2 2 2 0 0 0 0 2 0 0 0 0 0 2 2 2 2 0 0 2 2 2 2 2 2 2 1 2 1 1 0 1 2 0 2 0 1 0 1 2 2 1 

 Inviabilidades: 1 
FO: 71387.859451
Tempo total:8.909
######################## FIM ###################

 ######################## 50 ###################

Vetor de solucoes: 
2 2 2 2 2 2 1 2 2 1 2 2 2 1 2 2 1 2 2 1 0 0 0 0 2 2 0 0 1 2 1 1 2 1 2 2 0 0 0 0 0 2 0 2 0 1 0 2 2 2 2 2 2 0 1 1 1 2 1 2 2 1 1 1 1 1 1 1 1 1 2 2 2 2 1 1 2 2 1 1 1 1 1 1 1 1 1 1 1 1 1 1 1 1 1 1 1 0 2 1 0 1 1 1 1 1 1 1 1 1 1 1 1 1 1 1 0 1 1 1 1 1 0 1 2 2 1 1 1 2 2 1 1 1 1 1 2 1 1 1 1 2 2 2 2 2 2 2 2 2 0 1 1 1 2 2 2 1 2 2 2 2 1 1 2 1 2 2 2 2 2 0 2 2 2 2 2 1 1 0 

 Inviabilidades: 1 
FO: 70688.290635
Tempo total:8.476
######################## FIM ###################

 ######################## 50 ###################

Vetor de solucoes: 
0 0 0 0 0 0 2 0 0 2 0 1 0 2 0 0 1 0 0 2 1 1 0 1 2 1 1 0 2 0 2 2 0 2 0 0 1 1 1 0 0 0 0 0 1 2 0 1 1 0 1 0 0 1 2 2 2 2 2 0 0 2 2 2 2 2 2 2 2 2 0 0 0 0 2 2 0 0 2 0 1 2 2 2 2 2 2 2 2 2 2 2 2 2 2 2 2 2 2 2 1 2 2 2 2 2 2 2 2 2 2 2 2 2 2 2 0 0 2 2 2 2 0 0 0 0 2 2 2 0 0 2 0 2 2 2 0 0 2 2 0 0 0 0 0 0 0 0 0 1 0 2 2 2 2 0 0 2 0 0 0 0 0 2 0 2 0 0 0 1 0 0 0 0 0 0 0 2 2 1 

 Inviabilidades: 1 
FO: 70833.960115
Tempo total:8.144
######################## FIM ###################

 ######################## 50 ###################

Vetor de solucoes: 
0 2 0 0 0 2 2 0 0 2 2 0 0 2 0 2 2 2 0 2 1 1 0 1 2 0 0 0 2 0 2 2 0 0 0 0 0 0 0 0 0 0 0 0 0 2 0 2 0 0 0 0 0 0 2 2 2 0 2 0 0 2 2 2 2 2 2 2 2 2 0 0 0 0 2 2 0 0 2 2 0 2 2 2 2 2 2 2 2 2 2 2 2 2 2 2 2 0 2 2 1 2 2 2 2 2 2 2 2 2 2 2 2 2 2 2 0 2 0 2 2 2 0 2 2 0 2 2 2 0 0 2 2 0 2 2 0 0 2 2 2 0 0 0 0 0 0 2 0 1 0 2 2 2 2 0 0 2 0 0 0 0 0 2 0 2 0 0 0 0 2 0 2 0 0 0 0 2 2 1 

 Inviabilidades: 0 
FO: 72610.792937
Tempo total:7.982
######################## FIM ###################

 ######################## 50 ###################

Vetor de solucoes: 
0 0 0 0 0 0 1 0 0 1 0 2 0 1 0 0 2 0 0 1 2 2 0 2 1 2 2 0 1 0 1 1 0 1 0 0 2 2 2 0 0 0 0 0 2 1 0 2 2 0 2 0 0 2 1 1 1 1 1 0 0 1 1 1 1 1 1 1 1 1 0 0 0 0 1 1 0 0 1 0 2 1 1 1 1 1 1 1 1 1 1 1 1 1 1 1 1 1 1 1 2 1 1 1 1 1 1 1 1 1 1 1 1 1 1 1 0 0 1 1 1 1 0 0 0 0 1 1 1 0 0 1 0 1 1 1 0 0 1 1 0 0 0 0 0 0 0 0 0 2 0 1 1 1 1 0 0 1 0 0 0 0 0 1 0 1 0 0 0 2 0 0 0 0 0 0 0 1 1 2 

 Inviabilidades: 1 
FO: 70833.960115
Tempo total:8.122
######################## FIM ###################

 ######################## 50 ###################

Vetor de solucoes: 
1 0 0 0 0 0 2 0 0 0 0 0 0 0 0 0 2 0 0 0 1 1 0 1 0 0 1 0 0 0 0 0 0 0 0 0 0 0 0 0 0 0 0 0 0 0 0 0 0 0 0 0 0 0 0 0 0 0 0 0 0 0 0 2 0 2 0 2 0 2 0 0 0 0 2 0 0 0 2 0 0 0 2 2 2 2 2 2 2 2 2 2 0 2 2 2 2 0 0 0 1 2 2 0 0 0 0 0 0 0 2 0 0 2 0 2 0 0 0 2 2 2 1 0 0 1 2 0 0 1 1 0 0 0 2 0 1 2 0 0 0 1 1 1 1 1 0 1 1 1 1 0 0 2 1 1 1 0 0 0 1 0 0 2 1 0 0 0 1 0 0 1 0 2 1 1 1 2 2 0 

 Inviabilidades: 0 
FO: 74131.177458
Tempo total:8.063
######################## FIM ###################

 ######################## 50 ###################

Vetor de solucoes: 
1 1 1 2 1 1 0 1 1 0 1 1 2 0 1 0 0 1 1 0 1 1 1 1 0 1 1 1 0 1 0 0 1 1 2 1 1 1 1 1 1 1 1 2 1 0 1 1 1 1 1 1 1 1 0 0 0 1 0 2 1 0 0 1 0 0 0 0 0 0 1 2 2 2 0 0 2 1 0 0 1 0 0 0 0 0 0 0 0 0 0 0 0 0 0 0 0 0 2 0 2 0 0 0 0 0 0 0 0 0 0 0 0 0 0 0 1 0 0 0 0 0 2 1 2 2 0 0 0 2 1 0 0 2 0 0 2 2 0 0 0 2 2 2 2 2 2 2 2 2 2 0 0 0 0 2 2 0 2 2 2 2 2 0 2 0 2 2 1 1 2 2 2 1 2 1 2 0 0 1 

 Inviabilidades: 1 
FO: 69922.303827
Tempo total:7.781
######################## FIM ###################

 ######################## 50 ###################

Vetor de solucoes: 
2 2 2 2 2 2 0 2 2 0 2 2 2 0 2 0 0 2 2 0 2 2 1 2 2 2 2 2 0 2 0 0 1 0 1 2 2 2 2 2 2 1 2 1 2 0 2 2 2 1 2 2 1 1 0 1 1 2 0 1 1 0 0 1 0 0 0 0 0 0 2 2 0 2 0 0 2 1 0 0 0 0 0 0 0 0 0 0 0 0 0 0 0 0 0 0 0 0 1 0 2 0 0 0 0 0 0 0 0 0 0 0 0 0 0 0 1 0 0 0 0 0 2 2 2 2 0 0 0 2 2 0 0 0 0 0 2 2 0 0 0 2 2 2 2 2 2 2 2 1 2 0 0 0 0 2 2 0 2 1 2 2 0 0 2 0 2 2 2 2 2 1 2 2 2 2 2 0 0 0 

 Inviabilidades: 1 
FO: 72235.245246
Tempo total:7.884
######################## FIM ###################
