
 ######################## 2 ###################

Vetor de solucoes: 
0 0 0 0 1 0 0 0 0 0 0 0 0 0 0 0 0 0 0 1 1 1 0 0 1 1 0 0 1 0 0 0 0 0 0 1 1 0 0 1 1 0 0 1 1 0 0 0 0 0 0 0 0 0 0 0 0 0 0 2 1 2 1 2 2 1 2 2 1 1 1 2 2 0 1 2 2 2 1 2 2 1 1 2 2 2 2 2 1 1 2 2 2 2 2 1 1 2 1 2 1 2 2 2 1 2 2 2 2 2 2 2 1 2 2 2 2 2 2 2 1 2 2 2 2 2 2 2 2 2 1 2 2 1 1 1 1 2 2 2 1 1 2 2 1 1 2 1 1 2 2 2 2 1 1 1 2 1 1 1 2 1 2 1 1 2 1 1 1 1 2 2 1 1 1 1 1 2 

 Inviabilidades: 0 
FO: 2416694.334944
Tempo total:9.456
######################## FIM ###################

 ######################## 2 ###################

Vetor de solucoes: 
1 1 1 1 2 1 1 1 1 1 1 1 1 1 1 1 1 1 1 2 2 2 1 1 2 2 1 1 2 1 1 1 1 1 1 2 2 1 1 2 2 1 1 2 2 1 1 1 1 1 1 1 1 1 1 1 1 1 1 0 2 0 2 0 0 2 0 0 2 2 2 0 0 1 2 0 0 0 2 0 0 2 2 0 0 0 0 0 2 2 0 0 0 0 0 2 2 0 2 0 2 0 0 0 2 0 0 0 0 0 0 0 2 0 0 0 0 0 0 0 2 0 0 0 0 0 0 0 0 0 2 0 0 2 2 2 2 0 0 0 2 2 0 0 2 2 0 2 2 0 0 0 0 2 2 2 0 2 2 2 0 2 0 2 2 0 2 2 2 2 0 0 2 2 2 2 2 0 

 Inviabilidades: 0 
FO: 2416694.334944
Tempo total:9.760
######################## FIM ###################

 ######################## 2 ###################

Vetor de solucoes: 
1 1 1 1 2 1 1 1 1 1 1 1 1 1 1 1 1 1 1 2 2 2 1 1 2 2 1 1 2 1 1 1 1 1 1 2 2 1 1 2 2 1 1 2 2 1 1 1 1 1 1 1 1 1 1 1 1 1 1 0 2 0 2 0 0 2 0 0 2 2 2 0 0 1 2 0 0 0 2 0 0 2 2 0 0 0 0 0 2 2 0 0 0 0 0 2 2 0 2 0 2 0 0 0 2 0 0 0 0 0 0 0 2 0 0 0 0 0 0 0 2 0 0 0 0 0 0 0 0 0 2 0 0 2 2 2 2 0 0 0 2 2 0 0 2 2 0 2 2 0 0 0 0 2 2 2 0 2 2 2 0 2 0 2 2 0 2 2 2 2 0 0 2 2 2 2 2 0 

 Inviabilidades: 0 
FO: 2416694.334944
Tempo total:12.641
######################## FIM ###################

 ######################## 2 ###################

Vetor de solucoes: 
0 0 0 0 1 0 0 0 0 0 0 0 0 0 0 0 0 0 0 1 1 1 0 0 1 1 0 0 1 0 0 0 0 0 0 1 1 0 0 1 1 0 0 1 1 0 0 0 0 0 0 0 0 0 0 0 0 0 0 2 1 2 1 2 2 1 2 2 1 1 1 2 2 0 1 2 2 2 1 2 2 1 1 2 2 2 2 2 1 1 2 2 2 2 2 1 1 2 1 2 1 2 2 2 1 2 2 2 2 2 2 2 1 2 2 2 2 2 2 2 1 2 2 2 2 2 2 2 2 2 1 2 2 1 1 1 1 2 2 2 1 1 2 2 1 1 2 1 1 2 2 2 2 1 1 1 2 1 1 1 2 1 2 1 1 2 1 1 1 1 2 2 1 1 1 1 1 2 

 Inviabilidades: 0 
FO: 2416694.334944
Tempo total:12.868
######################## FIM ###################

 ######################## 2 ###################

Vetor de solucoes: 
2 2 2 2 1 2 2 2 2 2 2 2 2 2 2 2 2 2 2 1 1 1 2 2 1 1 2 2 1 2 2 2 2 2 2 1 1 2 2 1 1 2 2 1 1 2 2 2 2 2 2 2 2 2 2 2 2 2 2 0 1 0 1 0 0 1 0 0 1 1 1 0 0 2 1 0 0 0 1 0 0 1 1 0 0 0 0 0 1 1 0 0 0 0 0 1 1 0 1 0 1 0 0 0 1 0 0 0 0 0 0 0 1 0 0 0 0 0 0 0 1 0 0 0 0 0 0 0 0 0 1 0 0 1 1 1 1 0 0 0 1 1 0 0 1 1 0 1 1 0 0 0 0 1 1 1 0 1 1 1 0 1 0 1 1 0 1 1 1 1 0 0 1 1 1 1 1 0 

 Inviabilidades: 0 
FO: 2416694.334944
Tempo total:11.310
######################## FIM ###################

 ######################## 2 ###################

Vetor de solucoes: 
0 0 0 0 2 0 0 0 0 0 0 0 0 0 0 0 0 0 0 2 2 2 0 0 2 2 0 0 2 0 0 0 0 0 0 2 2 0 0 2 2 0 0 2 2 0 0 0 0 0 0 0 0 0 0 0 0 0 0 1 2 1 2 1 1 2 1 1 2 2 2 1 1 0 2 1 1 1 2 1 1 2 2 1 1 1 1 1 2 2 1 1 1 1 1 2 2 1 2 1 2 1 1 1 2 1 1 1 1 1 1 1 2 1 1 1 1 1 1 1 2 1 1 1 1 1 1 1 1 1 2 1 1 2 2 2 2 1 1 1 2 2 1 1 2 2 1 2 2 1 1 1 1 2 2 2 1 2 2 2 1 2 1 2 2 1 2 2 2 2 1 1 2 2 2 2 2 1 

 Inviabilidades: 0 
FO: 2416694.334944
Tempo total:9.706
######################## FIM ###################

 ######################## 2 ###################

Vetor de solucoes: 
2 2 2 2 0 2 2 2 2 2 2 2 2 2 2 2 2 2 2 0 0 0 2 2 0 0 2 2 0 2 2 2 2 2 2 0 0 2 2 0 0 2 2 0 0 2 2 2 2 2 2 2 2 2 2 2 2 2 2 1 0 1 0 1 1 0 1 1 0 0 0 1 1 2 0 1 1 1 0 1 1 0 0 1 1 1 1 1 0 0 1 1 1 1 1 0 0 1 0 1 0 1 1 1 0 1 1 1 1 1 1 1 0 1 1 1 1 1 1 1 0 1 1 1 1 1 1 1 1 1 0 1 1 0 0 0 0 1 1 1 0 0 1 1 0 0 1 0 0 1 1 1 1 0 0 0 1 0 0 0 1 0 1 0 0 1 0 0 0 0 1 1 0 0 0 0 0 1 

 Inviabilidades: 0 
FO: 2416694.334944
Tempo total:9.493
######################## FIM ###################

 ######################## 2 ###################

Vetor de solucoes: 
1 1 1 1 2 1 1 1 1 1 1 1 1 1 1 1 1 1 1 2 2 2 1 1 2 2 1 1 2 1 1 1 1 1 1 2 2 1 1 2 2 1 1 2 2 1 1 1 1 1 1 1 1 1 1 1 1 1 1 0 2 0 2 0 0 2 0 0 2 2 2 0 0 1 2 0 0 0 2 0 0 2 2 0 0 0 0 0 2 2 0 0 0 0 0 2 2 0 2 0 2 0 0 0 2 0 0 0 0 0 0 0 2 0 0 0 0 0 0 0 2 0 0 0 0 0 0 0 0 0 2 0 0 2 2 2 2 0 0 0 2 2 0 0 2 2 0 2 2 0 0 0 0 2 2 2 0 2 2 2 0 2 0 2 2 0 2 2 2 2 0 0 2 2 2 2 2 0 

 Inviabilidades: 0 
FO: 2416694.334944
Tempo total:9.085
######################## FIM ###################

 ######################## 2 ###################

Vetor de solucoes: 
0 0 0 0 2 0 0 0 0 0 0 0 0 0 0 0 0 0 0 2 2 2 0 0 2 2 0 0 2 0 0 0 0 0 0 2 2 0 0 2 2 0 0 2 2 0 0 0 0 0 0 0 0 0 0 0 0 0 0 1 2 1 2 1 1 2 1 1 2 2 2 1 1 0 2 1 1 1 2 1 1 2 2 1 1 1 1 1 2 2 1 1 1 1 1 2 2 1 2 1 2 1 1 1 2 1 1 1 1 1 1 1 2 1 1 1 1 1 1 1 2 1 1 1 1 1 1 1 1 1 2 1 1 2 2 2 2 1 1 1 2 2 1 1 2 2 1 2 2 1 1 1 1 2 2 2 1 2 2 2 1 2 1 2 2 1 2 2 2 2 1 1 2 2 2 2 2 1 

 Inviabilidades: 0 
FO: 2416694.334944
Tempo total:9.595
######################## FIM ###################

 ######################## 2 ###################

Vetor de solucoes: 
0 0 0 0 1 0 0 0 0 0 0 0 0 0 0 0 0 0 0 1 1 1 0 0 1 1 0 0 1 0 0 0 0 0 0 1 1 0 0 1 1 0 0 1 1 0 0 0 0 0 0 0 0 0 0 0 0 0 0 2 1 2 1 2 2 1 2 2 1 1 1 2 2 0 1 2 2 2 1 2 2 1 1 2 2 2 2 2 1 1 2 2 2 2 2 1 1 2 1 2 1 2 2 2 1 2 2 2 2 2 2 2 1 2 2 2 2 2 2 2 1 2 2 2 2 2 2 2 2 2 1 2 2 1 1 1 1 2 2 2 1 1 2 2 1 1 2 1 1 2 2 2 2 1 1 1 2 1 1 1 2 1 2 1 1 2 1 1 1 1 2 2 1 1 1 1 1 2 

 Inviabilidades: 0 
FO: 2416694.334944
Tempo total:9.448
######################## FIM ###################

 ######################## 2 ###################

Vetor de solucoes: 
2 2 2 2 1 2 2 2 2 2 2 2 2 2 2 2 2 2 2 1 1 1 2 2 1 1 2 2 1 2 2 2 2 2 2 1 1 2 2 1 1 2 2 1 1 2 2 2 2 2 2 2 2 2 2 2 2 2 2 0 1 0 1 0 0 1 0 0 1 1 1 0 0 2 1 0 0 0 1 0 0 1 1 0 0 0 0 0 1 1 0 0 0 0 0 1 1 0 1 0 1 0 0 0 1 0 0 0 0 1 0 0 1 0 0 0 0 0 0 0 1 1 0 0 0 0 0 0 0 0 1 0 0 1 1 1 1 0 0 1 1 1 0 0 1 1 0 1 1 0 0 0 0 1 1 1 0 1 1 1 0 1 0 1 1 0 1 1 1 1 0 0 1 1 1 1 1 0 

 Inviabilidades: 0 
FO: 2438411.223658
Tempo total:9.389
######################## FIM ###################

 ######################## 2 ###################

Vetor de solucoes: 
0 0 0 0 1 0 0 0 0 0 0 0 0 0 0 0 0 0 0 1 1 1 0 0 1 1 0 0 1 0 0 0 0 0 0 1 1 0 0 1 1 0 0 1 1 0 0 0 0 0 0 0 0 0 0 0 0 0 0 2 1 2 1 2 2 1 2 2 1 1 1 2 2 0 1 2 2 2 1 2 2 1 1 2 2 2 2 2 1 1 2 2 2 2 2 1 1 2 1 2 1 2 2 2 1 2 2 2 2 2 2 2 1 2 2 2 2 2 2 2 1 2 2 2 2 2 2 2 2 2 1 2 2 1 1 1 1 2 2 2 1 1 2 2 1 1 2 1 1 2 2 2 2 1 1 1 2 1 1 1 2 1 2 1 1 2 1 1 1 1 2 2 1 1 1 1 1 2 

 Inviabilidades: 0 
FO: 2416694.334944
Tempo total:9.419
######################## FIM ###################

 ######################## 2 ###################

Vetor de solucoes: 
0 0 0 0 2 0 0 0 0 0 0 0 0 0 0 0 0 0 0 2 2 2 0 0 2 2 0 0 2 0 0 0 0 0 0 2 2 0 0 2 2 0 0 2 2 0 0 0 0 0 0 0 0 0 0 0 0 0 0 1 2 1 2 1 1 2 1 1 2 2 2 1 1 0 2 1 1 1 2 1 1 2 2 1 1 1 1 1 2 2 1 1 1 1 1 2 2 1 2 1 2 1 1 1 2 1 1 1 1 1 1 1 2 1 1 1 1 1 1 1 2 1 1 1 1 1 1 1 1 1 2 1 1 2 2 2 2 1 1 1 2 2 1 1 2 2 1 2 2 1 1 1 1 2 2 2 1 2 2 2 1 2 1 2 2 1 2 2 2 2 1 1 2 2 2 2 2 1 

 Inviabilidades: 0 
FO: 2416694.334944
Tempo total:9.527
######################## FIM ###################

 ######################## 2 ###################

Vetor de solucoes: 
1 1 1 1 2 1 1 1 1 1 1 1 1 1 1 1 1 1 1 2 2 2 1 1 2 2 1 1 2 1 1 1 1 1 1 2 2 1 1 2 2 1 1 2 2 1 1 1 1 1 1 1 1 1 1 1 1 1 1 0 2 0 2 0 0 2 0 0 2 2 2 0 0 1 2 0 0 0 2 0 0 2 2 0 0 0 0 0 2 2 0 0 0 0 0 2 2 0 2 0 2 0 0 0 2 0 0 0 0 0 0 0 2 0 0 0 0 0 0 0 2 0 0 0 0 0 0 0 0 0 2 0 0 2 2 2 2 0 0 0 2 2 0 0 2 2 0 2 2 0 0 0 0 2 2 2 0 2 2 2 0 2 0 2 2 0 2 2 2 2 0 0 2 2 2 2 2 0 

 Inviabilidades: 0 
FO: 2416694.334944
Tempo total:9.987
######################## FIM ###################

 ######################## 2 ###################

Vetor de solucoes: 
0 0 0 0 2 0 0 0 0 0 0 0 0 0 0 0 0 0 0 2 2 2 0 0 2 2 0 0 2 0 0 0 0 0 0 2 2 0 0 2 2 0 0 2 2 0 0 0 0 0 0 0 0 0 0 0 0 0 0 1 2 1 2 1 1 2 1 1 2 2 2 1 1 0 2 1 1 1 2 1 1 2 2 1 1 1 1 1 2 2 1 1 1 1 1 2 2 1 2 1 2 1 1 1 2 1 1 1 1 1 1 1 2 1 1 1 1 1 1 1 2 1 1 1 1 1 1 1 1 1 2 1 1 2 2 2 2 1 1 1 2 2 1 1 2 2 1 2 2 1 1 1 1 2 2 2 1 2 2 2 1 2 1 2 2 1 2 2 2 2 1 1 2 2 2 2 2 1 

 Inviabilidades: 0 
FO: 2416694.334944
Tempo total:9.864
######################## FIM ###################

 ######################## 2 ###################

Vetor de solucoes: 
1 1 1 1 0 1 1 1 1 1 1 1 1 1 1 1 1 1 1 0 0 0 1 1 0 0 1 1 0 1 1 1 1 1 1 0 0 1 1 0 0 1 1 0 0 1 1 1 1 1 1 1 1 1 1 1 1 1 1 2 0 2 0 2 2 0 2 2 0 0 0 2 2 1 0 2 2 2 0 2 2 0 0 2 2 2 2 2 0 0 2 2 2 2 2 0 0 2 0 2 0 2 2 2 0 2 2 2 2 0 2 2 0 2 2 2 2 2 2 2 0 0 2 2 2 2 2 2 2 2 0 2 2 0 0 0 0 2 2 0 0 0 2 2 0 0 2 0 0 2 2 2 2 0 0 0 2 0 0 0 2 0 2 0 0 2 0 0 0 0 2 2 0 0 0 0 0 2 

 Inviabilidades: 0 
FO: 2438411.223658
Tempo total:10.730
######################## FIM ###################

 ######################## 2 ###################

Vetor de solucoes: 
1 1 1 1 2 1 1 1 1 1 1 1 1 1 1 1 1 1 1 2 2 2 1 1 2 2 1 1 2 1 1 1 1 1 1 2 2 1 1 2 2 1 1 2 2 1 1 1 1 1 1 1 1 1 1 1 1 1 1 0 2 0 2 0 0 2 0 0 2 2 2 0 0 1 2 0 0 0 2 0 0 2 2 0 0 0 0 0 2 2 0 0 0 0 0 2 2 0 2 0 2 0 0 0 2 0 0 0 0 0 0 0 2 0 0 0 0 0 0 0 2 0 0 0 0 0 0 0 0 0 2 0 0 2 2 2 2 0 0 0 2 2 0 0 2 2 0 2 2 0 0 0 0 2 2 2 0 2 2 2 0 2 0 2 2 0 2 2 2 2 0 0 2 2 2 2 2 0 

 Inviabilidades: 0 
FO: 2416694.334944
Tempo total:9.781
######################## FIM ###################

 ######################## 2 ###################

Vetor de solucoes: 
2 2 2 2 1 2 2 2 2 2 2 2 2 2 2 2 2 2 2 1 1 1 2 2 1 1 2 2 1 2 2 2 2 2 2 1 1 2 2 1 1 2 2 1 1 2 2 2 2 2 2 2 2 2 2 2 2 2 2 0 1 0 1 0 0 1 0 0 1 1 1 0 0 2 1 0 0 0 1 0 0 1 1 0 0 0 0 0 1 1 0 0 0 0 0 1 1 0 1 0 1 0 0 0 1 0 0 0 0 0 0 0 1 0 0 0 0 0 0 0 1 0 0 0 0 0 0 0 0 0 1 0 0 1 1 1 1 0 0 0 1 1 0 0 1 1 0 1 1 0 0 0 0 1 1 1 0 1 1 1 0 1 0 1 1 0 1 1 1 1 0 0 1 1 1 1 1 0 

 Inviabilidades: 0 
FO: 2416694.334944
Tempo total:9.594
######################## FIM ###################

 ######################## 2 ###################

Vetor de solucoes: 
0 0 0 0 1 0 0 0 0 0 0 0 0 0 0 0 0 0 0 1 1 1 0 0 1 1 0 0 1 0 0 0 0 0 0 1 1 0 0 1 1 0 0 1 1 0 0 0 0 0 0 0 0 0 0 0 0 0 0 2 1 2 1 2 2 1 2 2 1 1 1 2 2 0 1 2 2 2 1 2 2 1 1 2 2 2 2 2 1 1 2 2 2 2 2 1 1 2 1 2 1 2 2 2 1 2 2 2 2 2 2 2 1 2 2 2 2 2 2 2 1 2 2 2 2 2 2 2 2 2 1 2 2 1 1 1 1 2 2 2 1 1 2 2 1 1 2 1 1 2 2 2 2 1 1 1 2 1 1 1 2 1 2 1 1 2 1 1 1 1 2 2 1 1 1 1 1 2 

 Inviabilidades: 0 
FO: 2416694.334944
Tempo total:9.570
######################## FIM ###################

 ######################## 2 ###################

Vetor de solucoes: 
0 0 0 0 1 0 0 0 0 0 0 0 0 0 0 0 0 0 0 1 1 1 0 0 1 1 0 0 1 0 0 0 0 0 0 1 1 0 0 1 1 0 0 1 1 0 0 0 0 0 0 0 0 0 0 0 0 0 0 2 1 2 1 2 2 1 2 2 1 1 1 2 2 0 1 2 2 2 1 2 2 1 1 2 2 2 2 2 1 1 2 2 2 2 2 1 1 2 1 2 1 2 2 2 1 2 2 2 2 2 2 2 1 2 2 2 2 2 2 2 1 2 2 2 2 2 2 2 2 2 1 2 2 1 1 1 1 2 2 2 1 1 2 2 1 1 2 1 1 2 2 2 2 1 1 1 2 1 1 1 2 1 2 1 1 2 1 1 1 1 2 2 1 1 1 1 1 2 

 Inviabilidades: 0 
FO: 2416694.334944
Tempo total:9.585
######################## FIM ###################

 ######################## 2 ###################

Vetor de solucoes: 
2 2 2 2 1 2 2 2 2 2 2 2 2 2 2 2 2 2 2 1 1 1 2 2 1 1 2 2 1 2 2 2 2 2 2 1 1 2 2 1 1 2 2 1 1 2 2 2 2 2 2 2 2 2 2 2 2 2 2 0 1 0 1 0 0 1 0 0 1 1 1 0 0 2 1 0 0 0 1 0 0 1 1 0 0 0 0 0 1 1 0 0 0 0 0 1 1 0 1 0 1 0 0 0 1 0 0 0 0 0 0 0 1 0 0 0 0 0 0 0 1 0 0 0 0 0 0 0 0 0 1 0 0 1 1 1 1 0 0 0 1 1 0 0 1 1 0 1 1 0 0 0 0 1 1 1 0 1 1 1 0 1 0 1 1 0 1 1 1 1 0 0 1 1 1 1 1 0 

 Inviabilidades: 0 
FO: 2416694.334944
Tempo total:9.436
######################## FIM ###################

 ######################## 2 ###################

Vetor de solucoes: 
1 1 1 1 2 1 1 1 1 1 1 1 1 1 1 1 1 1 1 2 2 2 1 1 2 2 1 1 2 1 1 1 1 1 1 2 2 1 1 2 2 1 1 2 2 1 1 1 1 1 1 1 1 1 1 1 1 1 1 0 2 0 2 0 0 2 0 0 2 2 2 0 0 1 2 0 0 0 2 0 0 2 2 0 0 0 0 0 2 2 0 0 0 0 0 2 2 0 2 0 2 0 0 0 2 0 0 0 0 0 0 0 2 0 0 0 0 0 0 0 2 0 0 0 0 0 0 0 0 0 2 0 0 2 2 2 2 0 0 0 2 2 0 0 2 2 0 2 2 0 0 0 0 2 2 2 0 2 2 2 0 2 0 2 2 0 2 2 2 2 0 0 2 2 2 2 2 0 

 Inviabilidades: 0 
FO: 2416694.334944
Tempo total:9.493
######################## FIM ###################

 ######################## 2 ###################

Vetor de solucoes: 
2 2 2 2 1 2 2 2 2 2 2 2 2 2 2 2 2 2 2 1 1 1 2 2 1 1 2 2 1 2 2 2 2 2 2 1 1 2 2 1 1 2 2 1 1 2 2 2 2 2 2 2 2 2 2 2 2 2 2 0 1 0 1 0 0 1 0 0 1 1 1 0 0 2 1 0 0 0 1 0 0 1 1 0 0 0 0 0 1 1 0 0 0 0 0 1 1 0 1 0 1 0 0 0 1 0 0 0 0 1 0 0 1 0 0 0 0 0 0 0 1 1 0 0 0 0 0 0 0 0 1 0 0 1 1 1 1 0 0 1 1 1 0 0 1 1 0 1 1 0 0 0 0 1 1 1 0 1 1 1 0 1 0 1 1 0 1 1 1 1 0 0 1 1 1 1 1 0 

 Inviabilidades: 0 
FO: 2438411.223658
Tempo total:9.113
######################## FIM ###################

 ######################## 2 ###################

Vetor de solucoes: 
2 2 2 2 0 2 2 2 2 2 2 2 2 2 2 2 2 2 2 0 0 0 2 2 0 0 2 2 0 2 2 2 2 2 2 0 0 2 2 0 0 2 2 0 0 2 2 2 2 2 2 2 2 2 2 2 2 2 2 1 0 1 0 1 1 0 1 1 0 0 0 1 1 2 0 1 1 1 0 1 1 0 0 1 1 1 1 1 0 0 1 1 1 1 1 0 0 1 0 1 0 1 1 1 0 1 1 1 1 1 1 1 0 1 1 1 1 1 1 1 0 1 1 1 1 1 1 1 1 1 0 1 1 0 0 0 0 1 1 1 0 0 1 1 0 0 1 0 0 1 1 1 1 0 0 0 1 0 0 0 1 0 1 0 0 1 0 0 0 0 1 1 0 0 0 0 0 1 

 Inviabilidades: 0 
FO: 2416694.334944
Tempo total:9.683
######################## FIM ###################

 ######################## 2 ###################

Vetor de solucoes: 
1 1 1 1 2 1 1 1 1 1 1 1 1 1 1 1 1 1 1 2 2 2 1 1 2 2 1 1 2 1 1 1 1 1 1 2 2 1 1 2 2 1 1 2 2 1 1 1 1 1 1 1 1 1 1 1 1 1 1 0 2 0 2 0 0 2 0 0 2 2 2 0 0 1 2 0 0 0 2 0 0 2 2 0 0 0 0 0 2 2 0 0 0 0 0 2 2 0 2 0 2 0 0 0 2 0 0 0 0 0 0 0 2 0 0 0 0 0 0 0 2 0 0 0 0 0 0 0 0 0 2 0 0 2 2 2 2 0 0 0 2 2 0 0 2 2 0 2 2 0 0 0 0 2 2 2 0 2 2 2 0 2 0 2 2 0 2 2 2 2 0 0 2 2 2 2 2 0 

 Inviabilidades: 0 
FO: 2416694.334944
Tempo total:10.141
######################## FIM ###################

 ######################## 2 ###################

Vetor de solucoes: 
1 1 1 1 0 1 1 1 1 1 1 1 1 1 1 1 1 1 1 0 0 0 1 1 0 0 1 1 0 1 1 1 1 1 1 0 0 1 1 0 0 1 1 0 0 1 1 1 1 1 1 1 1 1 1 1 1 1 1 2 0 2 0 2 2 0 2 2 0 0 0 2 2 1 0 2 2 2 0 2 2 0 0 2 2 2 2 2 0 0 2 2 2 2 2 0 0 2 0 2 0 2 2 2 0 2 2 2 2 2 2 2 0 2 2 2 2 2 2 2 0 2 2 2 2 2 2 2 2 2 0 2 2 0 0 0 0 2 2 2 0 0 2 2 0 0 2 0 0 2 2 2 2 0 0 0 2 0 0 0 2 0 2 0 0 2 0 0 0 0 2 2 0 0 0 0 0 2 

 Inviabilidades: 0 
FO: 2416694.334944
Tempo total:9.592
######################## FIM ###################

 ######################## 2 ###################

Vetor de solucoes: 
2 2 2 2 1 2 2 2 2 2 2 2 2 2 2 2 2 2 2 1 1 1 2 2 1 1 2 2 1 2 2 2 2 2 2 1 1 2 2 1 1 2 2 1 1 2 2 2 2 2 2 2 2 2 2 2 2 2 2 0 1 0 1 0 0 1 0 0 1 1 1 0 0 2 1 0 0 0 1 0 0 1 1 0 0 0 0 0 1 1 0 0 0 0 0 1 1 0 1 0 1 0 0 0 1 0 0 0 0 0 0 0 1 0 0 0 0 0 0 0 1 0 0 0 0 0 0 0 0 0 1 0 0 1 1 1 1 0 0 0 1 1 0 0 1 1 0 1 1 0 0 0 0 1 1 1 0 1 1 1 0 1 0 1 1 0 1 1 1 1 0 0 1 1 1 1 1 0 

 Inviabilidades: 0 
FO: 2416694.334944
Tempo total:9.689
######################## FIM ###################

 ######################## 2 ###################

Vetor de solucoes: 
2 2 2 2 0 2 2 2 2 2 2 2 2 2 2 2 2 2 2 0 0 0 2 2 0 0 2 2 0 2 2 2 2 2 2 0 0 2 2 0 0 2 2 0 0 2 2 2 2 2 2 2 2 2 2 2 2 2 2 1 0 1 0 1 1 0 1 1 0 0 0 1 1 2 0 1 1 1 0 1 1 0 0 1 1 1 1 1 0 0 1 1 1 1 1 0 0 1 0 1 0 1 1 1 0 1 1 1 1 1 1 1 0 1 1 1 1 1 1 1 0 1 1 1 1 1 1 1 1 1 0 1 1 0 0 0 0 1 1 1 0 0 1 1 0 0 1 0 0 1 1 1 1 0 0 0 1 0 0 0 1 0 1 0 0 1 0 0 0 0 1 1 0 0 0 0 0 1 

 Inviabilidades: 0 
FO: 2416694.334944
Tempo total:8.878
######################## FIM ###################

 ######################## 2 ###################

Vetor de solucoes: 
1 1 1 1 0 1 1 1 1 1 1 1 1 1 1 1 1 1 1 0 0 0 1 1 0 0 1 1 0 1 1 1 1 1 1 0 0 1 1 0 0 1 1 0 0 1 1 1 1 1 1 1 1 1 1 1 1 1 1 2 0 2 0 2 2 0 2 2 0 0 0 2 2 1 0 2 2 2 0 2 2 0 0 2 2 2 2 2 0 0 2 2 2 2 2 0 0 2 0 2 0 2 2 2 0 2 2 2 2 2 2 2 0 2 2 2 2 2 2 2 0 2 2 2 2 2 2 2 2 2 0 2 2 0 0 0 0 2 2 2 0 0 2 2 0 0 2 0 0 2 2 2 2 0 0 0 2 0 0 0 2 0 2 0 0 2 0 0 0 0 2 2 0 0 0 0 0 2 

 Inviabilidades: 0 
FO: 2416694.334944
Tempo total:9.118
######################## FIM ###################

 ######################## 2 ###################

Vetor de solucoes: 
2 2 2 2 1 2 2 2 2 2 2 2 2 2 2 2 2 2 2 1 1 1 2 2 1 1 2 2 1 2 2 2 2 2 2 1 1 2 2 1 1 2 2 1 1 2 2 2 2 2 2 2 2 2 2 2 2 2 2 0 1 0 1 0 0 1 0 0 1 1 1 0 0 2 1 0 0 0 1 0 0 1 1 0 0 0 0 0 1 1 0 0 0 0 0 1 1 0 1 0 1 0 0 0 1 0 0 0 0 0 0 0 1 0 0 0 0 0 0 0 1 0 0 0 0 0 0 0 0 0 1 0 0 1 1 1 1 0 0 0 1 1 0 0 1 1 0 1 1 0 0 0 0 1 1 1 0 1 1 1 0 1 0 1 1 0 1 1 1 1 0 0 1 1 1 1 1 0 

 Inviabilidades: 0 
FO: 2416694.334944
Tempo total:9.250
######################## FIM ###################

 ######################## 2 ###################

Vetor de solucoes: 
2 2 2 2 0 2 2 2 2 2 2 2 2 2 2 2 2 2 2 0 0 0 2 2 0 0 2 2 0 2 2 2 2 2 2 0 0 2 2 0 0 2 2 0 0 2 2 2 2 2 2 2 2 2 2 2 2 2 2 1 0 1 0 1 1 0 1 1 0 0 0 1 1 2 0 1 1 1 0 1 1 0 0 1 1 1 1 1 0 0 1 1 1 1 1 0 0 1 0 1 0 1 1 1 0 1 1 1 1 1 1 1 0 1 1 1 1 1 1 1 0 1 1 1 1 1 1 1 1 1 0 1 1 0 0 0 0 1 1 1 0 0 1 1 0 0 1 0 0 1 1 1 1 0 0 0 1 0 0 0 1 0 1 0 0 1 0 0 0 0 1 1 0 0 0 0 0 1 

 Inviabilidades: 0 
FO: 2416694.334944
Tempo total:8.762
######################## FIM ###################

 ######################## 2 ###################

Vetor de solucoes: 
0 0 0 0 1 0 0 0 0 0 0 0 0 0 0 0 0 0 0 1 1 1 0 0 1 1 0 0 1 0 0 0 0 0 0 1 1 0 0 1 1 0 0 1 1 0 0 0 0 0 0 0 0 0 0 0 0 0 0 2 1 2 1 2 2 1 2 2 1 1 1 2 2 0 1 2 2 2 1 2 2 1 1 2 2 2 2 2 1 1 2 2 2 2 2 1 1 2 1 2 1 2 2 2 1 2 2 2 2 2 2 2 1 2 2 2 2 2 2 2 1 2 2 2 2 2 2 2 2 2 1 2 2 1 1 1 1 2 2 2 1 1 2 2 1 1 2 1 1 2 2 2 2 1 1 1 2 1 1 1 2 1 2 1 1 2 1 1 1 1 2 2 1 1 1 1 1 2 

 Inviabilidades: 0 
FO: 2416694.334944
Tempo total:9.681
######################## FIM ###################

 ######################## 2 ###################

Vetor de solucoes: 
1 1 1 1 2 1 1 1 1 1 1 1 1 1 1 1 1 1 1 2 2 2 1 1 2 2 1 1 2 1 1 1 1 1 1 2 2 1 1 2 2 1 1 2 2 1 1 1 1 1 1 1 1 1 1 1 1 1 1 0 2 0 2 0 0 2 0 0 2 2 2 0 0 1 2 0 0 0 2 0 0 2 2 0 0 0 0 0 2 2 0 0 0 0 0 2 2 0 2 0 2 0 0 0 2 0 0 0 0 0 0 0 2 0 0 0 0 0 0 0 2 0 0 0 0 0 0 0 0 0 2 0 0 2 2 2 2 0 0 0 2 2 0 0 2 2 0 2 2 0 0 0 0 2 2 2 0 2 2 2 0 2 0 2 2 0 2 2 2 2 0 0 2 2 2 2 2 0 

 Inviabilidades: 0 
FO: 2416694.334944
Tempo total:9.305
######################## FIM ###################

 ######################## 2 ###################

Vetor de solucoes: 
1 1 1 1 2 1 1 1 1 1 1 1 1 1 1 1 1 1 1 2 2 2 1 1 2 2 1 1 2 1 1 1 1 1 1 2 2 1 1 2 2 1 1 2 2 1 1 1 1 1 1 1 1 1 1 1 1 1 1 0 2 0 2 0 0 2 0 0 2 2 2 0 0 1 2 0 0 0 2 0 0 2 2 0 0 0 0 0 2 2 0 0 0 0 0 2 2 0 2 0 2 0 0 0 2 0 0 0 0 0 0 0 2 0 0 0 0 0 0 0 2 0 0 0 0 0 0 0 0 0 2 0 0 2 2 2 2 0 0 0 2 2 0 0 2 2 0 2 2 0 0 0 0 2 2 2 0 2 2 2 0 2 0 2 2 0 2 2 2 2 0 0 2 2 2 2 2 0 

 Inviabilidades: 0 
FO: 2416694.334944
Tempo total:9.549
######################## FIM ###################

 ######################## 2 ###################

Vetor de solucoes: 
0 0 0 0 2 0 0 0 0 0 0 0 0 0 0 0 0 0 0 2 2 2 0 0 2 2 0 0 2 0 0 0 0 0 0 2 2 0 0 2 2 0 0 2 2 0 0 0 0 0 0 0 0 0 0 0 0 0 0 1 2 1 2 1 1 2 1 1 2 2 2 1 1 0 2 1 1 1 2 1 1 2 2 1 1 1 1 1 2 2 1 1 1 1 1 2 2 1 2 1 2 1 1 1 2 1 1 1 1 1 1 1 2 1 1 1 1 1 1 1 2 1 1 1 1 1 1 1 1 1 2 1 1 2 2 2 2 1 1 1 2 2 1 1 2 2 1 2 2 1 1 1 1 2 2 2 1 2 2 2 1 2 1 2 2 1 2 2 2 2 1 1 2 2 2 2 2 1 

 Inviabilidades: 0 
FO: 2416694.334944
Tempo total:10.463
######################## FIM ###################

 ######################## 2 ###################

Vetor de solucoes: 
0 0 0 0 2 0 0 0 0 0 0 0 0 0 0 0 0 0 0 2 2 2 0 0 2 2 0 0 2 0 0 0 0 0 0 2 2 0 0 2 2 0 0 2 2 0 0 0 0 0 0 0 0 0 0 0 0 0 0 1 2 1 2 1 1 2 1 1 2 2 2 1 1 0 2 1 1 1 2 1 1 2 2 1 1 1 1 1 2 2 1 1 1 1 1 2 2 1 2 1 2 1 1 1 2 1 1 1 1 1 1 1 2 1 1 1 1 1 1 1 2 1 1 1 1 1 1 1 1 1 2 1 1 2 2 2 2 1 1 1 2 2 1 1 2 2 1 2 2 1 1 1 1 2 2 2 1 2 2 2 1 2 1 2 2 1 2 2 2 2 1 1 2 2 2 2 2 1 

 Inviabilidades: 0 
FO: 2416694.334944
Tempo total:9.672
######################## FIM ###################

 ######################## 2 ###################

Vetor de solucoes: 
2 2 2 2 0 2 2 2 2 2 2 2 2 2 2 2 2 2 2 0 0 0 2 2 0 0 2 2 0 2 2 2 2 2 2 0 0 2 2 0 0 2 2 0 0 2 2 2 2 2 2 2 2 2 2 2 2 2 2 1 0 1 0 1 1 0 1 1 0 0 0 1 1 2 0 1 1 1 0 1 1 0 0 1 1 1 1 1 0 0 1 1 1 1 1 0 0 1 0 1 0 1 1 1 0 1 1 1 1 1 1 1 0 1 1 1 1 1 1 1 0 1 1 1 1 1 1 1 1 1 0 1 1 0 0 0 0 1 1 1 0 0 1 1 0 0 1 0 0 1 1 1 1 0 0 0 1 0 0 0 1 0 1 0 0 1 0 0 0 0 1 1 0 0 0 0 0 1 

 Inviabilidades: 0 
FO: 2416694.334944
Tempo total:10.979
######################## FIM ###################

 ######################## 2 ###################

Vetor de solucoes: 
0 0 0 0 2 0 0 0 0 0 0 0 0 0 0 0 0 0 0 2 2 2 0 0 2 2 0 0 2 0 0 0 0 0 0 2 2 0 0 2 2 0 0 2 2 0 0 0 0 0 0 0 0 0 0 0 0 0 0 1 2 1 2 1 1 2 1 1 2 2 2 1 1 0 2 1 1 1 2 1 1 2 2 1 1 1 1 1 2 2 1 1 1 1 1 2 2 1 2 1 2 1 1 1 2 1 1 1 1 1 1 1 2 1 1 1 1 1 1 1 2 1 1 1 1 1 1 1 1 1 2 1 1 2 2 2 2 1 1 1 2 2 1 1 2 2 1 2 2 1 1 1 1 2 2 2 1 2 2 2 1 2 1 2 2 1 2 2 2 2 1 1 2 2 2 2 2 1 

 Inviabilidades: 0 
FO: 2416694.334944
Tempo total:9.166
######################## FIM ###################

 ######################## 2 ###################

Vetor de solucoes: 
2 2 2 2 0 2 2 2 2 2 2 2 2 2 2 2 2 2 2 0 0 0 2 2 0 0 2 2 0 2 2 2 2 2 2 0 0 2 2 0 0 2 2 0 0 2 2 2 2 2 2 2 2 2 2 2 2 2 2 1 0 1 0 1 1 0 1 1 0 0 0 1 1 2 0 1 1 1 0 1 1 0 0 1 1 1 1 1 0 0 1 1 1 1 1 0 0 1 0 1 0 1 1 1 0 1 1 1 1 1 1 1 0 1 1 1 1 1 1 1 0 1 1 1 1 1 1 1 1 1 0 1 1 0 0 0 0 1 1 1 0 0 1 1 0 0 1 0 0 1 1 1 1 0 0 0 1 0 0 0 1 0 1 0 0 1 0 0 0 0 1 1 0 0 0 0 0 1 

 Inviabilidades: 0 
FO: 2416694.334944
Tempo total:11.020
######################## FIM ###################

 ######################## 2 ###################

Vetor de solucoes: 
2 2 2 2 0 2 2 2 2 2 2 2 2 2 2 2 2 2 2 0 0 0 2 2 0 0 2 2 0 2 2 2 2 2 2 0 0 2 2 0 0 2 2 0 0 2 2 2 2 2 2 2 2 2 2 2 2 2 2 1 0 1 0 1 1 0 1 1 0 0 0 1 1 2 0 1 1 1 0 1 1 0 0 1 1 1 1 1 0 0 1 1 1 1 1 0 0 1 0 1 0 1 1 1 0 1 1 1 1 1 1 1 0 1 1 1 1 1 1 1 0 1 1 1 1 1 1 1 1 1 0 1 1 0 0 0 0 1 1 1 0 0 1 1 0 0 1 0 0 1 1 1 1 0 0 0 1 0 0 0 1 0 1 0 0 1 0 0 0 0 1 1 0 0 0 0 0 1 

 Inviabilidades: 0 
FO: 2416694.334944
Tempo total:13.339
######################## FIM ###################

 ######################## 2 ###################

Vetor de solucoes: 
2 2 2 2 1 2 2 2 2 2 2 2 2 2 2 2 2 2 2 1 1 1 2 2 1 1 2 2 1 2 2 2 2 2 2 1 1 2 2 1 1 2 2 1 1 2 2 2 2 2 2 2 2 2 2 2 2 2 2 0 1 0 1 0 0 1 0 0 1 1 1 0 0 2 1 0 0 0 1 0 0 1 1 0 0 0 0 0 1 1 0 0 0 0 0 1 1 0 1 0 1 0 0 0 1 0 0 0 0 0 0 0 1 0 0 0 0 0 0 0 1 0 0 0 0 0 0 0 0 0 1 0 0 1 1 1 1 0 0 0 1 1 0 0 1 1 0 1 1 0 0 0 0 1 1 1 0 1 1 1 0 1 0 1 1 0 1 1 1 1 0 0 1 1 1 1 1 0 

 Inviabilidades: 0 
FO: 2416694.334944
Tempo total:10.764
######################## FIM ###################

 ######################## 2 ###################

Vetor de solucoes: 
2 2 2 2 0 2 2 2 2 2 2 2 2 2 2 2 2 2 2 0 0 0 2 2 0 0 2 2 0 2 2 2 2 2 2 0 0 2 2 0 0 2 2 0 0 2 2 2 2 2 2 2 2 2 2 2 2 2 2 1 0 1 0 1 1 0 1 1 0 0 0 1 1 2 0 1 1 1 0 1 1 0 0 1 1 1 1 1 0 0 1 1 1 1 1 0 0 1 0 1 0 1 1 1 0 1 1 1 1 1 1 1 0 1 1 1 1 1 1 1 0 1 1 1 1 1 1 1 1 1 0 1 1 0 0 0 0 1 1 1 0 0 1 1 0 0 1 0 0 1 1 1 1 0 0 0 1 0 0 0 1 0 1 0 0 1 0 0 0 0 1 1 0 0 0 0 0 1 

 Inviabilidades: 0 
FO: 2416694.334944
Tempo total:9.732
######################## FIM ###################

 ######################## 2 ###################

Vetor de solucoes: 
0 0 0 0 2 0 0 0 0 0 0 0 0 0 0 0 0 0 0 2 2 2 0 0 2 2 0 0 2 0 0 0 0 0 0 2 2 0 0 2 2 0 0 2 2 0 0 0 0 0 0 0 0 0 0 0 0 0 0 1 2 1 2 1 1 2 1 1 2 2 2 1 1 0 2 1 1 1 2 1 1 2 2 1 1 1 1 1 2 2 1 1 1 1 1 2 2 1 2 1 2 1 1 1 2 1 1 1 1 1 1 1 2 1 1 1 1 1 1 1 2 1 1 1 1 1 1 1 1 1 2 1 1 2 2 2 2 1 1 1 2 2 1 1 2 2 1 2 2 1 1 1 1 2 2 2 1 2 2 2 1 2 1 2 2 1 2 2 2 2 1 1 2 2 2 2 2 1 

 Inviabilidades: 0 
FO: 2416694.334944
Tempo total:9.678
######################## FIM ###################

 ######################## 2 ###################

Vetor de solucoes: 
2 2 2 2 0 2 2 2 2 2 2 2 2 2 2 2 2 2 2 0 0 0 2 2 0 0 2 2 0 2 2 2 2 2 2 0 0 2 2 0 0 2 2 0 0 2 2 2 2 2 2 2 2 2 2 2 2 2 2 1 0 1 0 1 1 0 1 1 0 0 0 1 1 2 0 1 1 1 0 1 1 0 0 1 1 1 1 1 0 0 1 1 1 1 1 0 0 1 0 1 0 1 1 1 0 1 1 1 1 1 1 1 0 1 1 1 1 1 1 1 0 1 1 1 1 1 1 1 1 1 0 1 1 0 0 0 0 1 1 1 0 0 1 1 0 0 1 0 0 1 1 1 1 0 0 0 1 0 0 0 1 0 1 0 0 1 0 0 0 0 1 1 0 0 0 0 0 1 

 Inviabilidades: 0 
FO: 2416694.334944
Tempo total:9.239
######################## FIM ###################

 ######################## 2 ###################

Vetor de solucoes: 
0 0 0 0 2 0 0 0 0 0 0 0 0 0 0 0 0 0 0 2 2 2 0 0 2 2 0 0 2 0 0 0 0 0 0 2 2 0 0 2 2 0 0 2 2 0 0 0 0 0 0 0 0 0 0 0 0 0 0 1 2 1 2 1 1 2 1 1 2 2 2 1 1 0 2 1 1 1 2 1 1 2 2 1 1 1 1 1 2 2 1 1 1 1 1 2 2 1 2 1 2 1 1 1 2 1 1 1 1 1 1 1 2 1 1 1 1 1 1 1 2 1 1 1 1 1 1 1 1 1 2 1 1 2 2 2 2 1 1 1 2 2 1 1 2 2 1 2 2 1 1 1 1 2 2 2 1 2 2 2 1 2 1 2 2 1 2 2 2 2 1 1 2 2 2 2 2 1 

 Inviabilidades: 0 
FO: 2416694.334944
Tempo total:9.709
######################## FIM ###################

 ######################## 2 ###################

Vetor de solucoes: 
2 2 2 2 1 2 2 2 2 2 2 2 2 2 2 2 2 2 2 1 1 1 2 2 1 1 2 2 1 2 2 2 2 2 2 1 1 2 2 1 1 2 2 1 1 2 2 2 2 2 2 2 2 2 2 2 2 2 2 0 1 0 1 0 0 1 0 0 1 1 1 0 0 2 1 0 0 0 1 0 0 1 1 0 0 0 0 0 1 1 0 0 0 0 0 1 1 0 1 0 1 0 0 0 1 0 0 0 0 0 0 0 1 0 0 0 0 0 0 0 1 0 0 0 0 0 0 0 0 0 1 0 0 1 1 1 1 0 0 0 1 1 0 0 1 1 0 1 1 0 0 0 0 1 1 1 0 1 1 1 0 1 0 1 1 0 1 1 1 1 0 0 1 1 1 1 1 0 

 Inviabilidades: 0 
FO: 2416694.334944
Tempo total:9.042
######################## FIM ###################

 ######################## 2 ###################

Vetor de solucoes: 
1 1 1 1 2 1 1 1 1 1 1 1 1 1 1 1 1 1 1 2 2 2 1 1 2 2 1 1 2 1 1 1 1 1 1 2 2 1 1 2 2 1 1 2 2 1 1 1 1 1 1 1 1 1 1 1 1 1 1 0 2 0 2 0 0 2 0 0 2 2 2 0 0 1 2 0 0 0 2 0 0 2 2 0 0 0 0 0 2 2 0 0 0 0 0 2 2 0 2 0 2 0 0 0 2 0 0 0 0 0 0 0 2 0 0 0 0 0 0 0 2 0 0 0 0 0 0 0 0 0 2 0 0 2 2 2 2 0 0 0 2 2 0 0 2 2 0 2 2 0 0 0 0 2 2 2 0 2 2 2 0 2 0 2 2 0 2 2 2 2 0 0 2 2 2 2 2 0 

 Inviabilidades: 0 
FO: 2416694.334944
Tempo total:9.584
######################## FIM ###################

 ######################## 2 ###################

Vetor de solucoes: 
0 0 0 0 2 0 0 0 0 0 0 0 0 0 0 0 0 0 0 2 2 2 0 0 2 2 0 0 2 0 0 0 0 0 0 2 2 0 0 2 2 0 0 2 2 0 0 0 0 0 0 0 0 0 0 0 0 0 0 1 2 1 2 1 1 2 1 1 2 2 2 1 1 0 2 1 1 1 2 1 1 2 2 1 1 1 1 1 2 2 1 1 1 1 1 2 2 1 2 1 2 1 1 1 2 1 1 1 1 1 1 1 2 1 1 1 1 1 1 1 2 1 1 1 1 1 1 1 1 1 2 1 1 2 2 2 2 1 1 1 2 2 1 1 2 2 1 2 2 1 1 1 1 2 2 2 1 2 2 2 1 2 1 2 2 1 2 2 2 2 1 1 2 2 2 2 2 1 

 Inviabilidades: 0 
FO: 2416694.334944
Tempo total:9.959
######################## FIM ###################

 ######################## 2 ###################

Vetor de solucoes: 
2 2 2 2 1 2 2 2 2 2 2 2 2 2 2 2 2 2 2 1 1 1 2 2 1 1 2 2 1 2 2 2 2 2 2 1 1 2 2 1 1 2 2 1 1 2 2 2 2 2 2 2 2 2 2 2 2 2 2 0 1 0 1 0 0 1 0 0 1 1 1 0 0 2 1 0 0 0 1 0 0 1 1 0 0 0 0 0 1 1 0 0 0 0 0 1 1 0 1 0 1 0 0 0 1 0 0 0 0 0 0 0 1 0 0 0 0 0 0 0 1 0 0 0 0 0 0 0 0 0 1 0 0 1 1 1 1 0 0 0 1 1 0 0 1 1 0 1 1 0 0 0 0 1 1 1 0 1 1 1 0 1 0 1 1 0 1 1 1 1 0 0 1 1 1 1 1 0 

 Inviabilidades: 0 
FO: 2416694.334944
Tempo total:10.775
######################## FIM ###################

 ######################## 2 ###################

Vetor de solucoes: 
0 0 0 0 1 0 0 0 0 0 0 0 0 0 0 0 0 0 0 1 1 1 0 0 1 1 0 0 1 0 0 0 0 0 0 1 1 0 0 1 1 0 0 1 1 0 0 0 0 0 0 0 0 0 0 0 0 0 0 2 1 2 1 2 2 1 2 2 1 1 1 2 2 0 1 2 2 2 1 2 2 1 1 2 2 2 2 2 1 1 2 2 2 2 2 1 1 2 1 2 1 2 2 2 1 2 2 2 2 2 2 2 1 2 2 2 2 2 2 2 1 2 2 2 2 2 2 2 2 2 1 2 2 1 1 1 1 2 2 2 1 1 2 2 1 1 2 1 1 2 2 2 2 1 1 1 2 1 1 1 2 1 2 1 1 2 1 1 1 1 2 2 1 1 1 1 1 2 

 Inviabilidades: 0 
FO: 2416694.334944
Tempo total:13.950
######################## FIM ###################
