
######################## 2 ###################

Vetor de solucoes: 
0 0 0 0 1 0 0 0 0 0 0 0 0 0 0 0 0 0 0 1 1 1 0 0 1 1 0 0 1 0 0 0 0 0 0 1 1 0 0 1 1 0 0 1 1 0 0 0 0 0 0 0 0 0 0 0 0 0 0 2 1 2 1 2 2 1 2 2 1 1 1 2 2 0 1 2 2 2 1 2 2 1 1 2 2 2 2 2 1 1 2 2 2 2 2 1 1 2 1 2 1 2 2 2 1 2 2 2 2 2 2 2 1 2 2 2 2 2 2 2 1 2 2 2 2 2 2 2 2 2 1 2 2 1 1 1 1 2 2 2 1 1 2 2 1 1 2 1 1 2 2 2 2 1 1 1 2 1 1 1 2 1 2 1 1 2 1 1 1 1 2 2 1 1 1 1 1 2 

 Inviabilidades: 0 
FO: 2416694.334944
Tempo total:9.456
######################## FIM ###################
