
######################## 2 ###################

Vetor de solucoes: 
1 2 2 2 1 2 0 1 1 0 1 2 2 0 2 0 1 1 1 0 1 1 2 1 2 1 1 1 0 2 0 0 2 0 2 1 1 1 1 1 1 2 1 1 1 0 1 1 1 1 1 1 2 1 0 0 0 2 0 2 0 0 0 2 0 0 0 0 0 2 2 2 2 2 0 0 2 2 1 2 1 1 0 1 0 0 0 0 0 0 0 0 0 0 0 1 0 1 2 0 1 0 0 0 0 0 0 0 0 0 0 0 0 0 0 0 2 0 0 0 0 0 2 2 2 2 0 0 0 2 1 2 0 0 1 0 2 2 0 0 0 2 2 2 2 2 2 2 2 2 2 0 0 0 2 2 2 0 2 2 2 2 2 0 1 0 2 2 2 2 2 2 2 2 2 1 2 1 0 1 

 Inviabilidades: 0 
FO: 68337.725438
Tempo total:5.668
######################## FIM ###################

######################## 2 ###################

Vetor de solucoes: 
1 0 0 0 1 0 2 0 1 2 0 0 0 2 0 2 1 1 1 2 1 1 0 1 0 1 1 1 2 0 2 2 0 1 0 1 1 1 1 1 1 0 0 1 1 2 1 2 1 1 1 1 0 1 2 2 2 0 2 0 2 2 2 0 2 2 2 2 2 2 0 0 0 0 2 2 0 0 0 0 1 2 2 2 2 2 2 2 2 2 2 2 2 2 2 1 2 1 2 2 1 2 2 2 2 2 2 2 2 2 2 2 2 2 2 2 0 2 2 2 2 2 0 0 0 0 2 2 2 0 1 0 2 0 1 2 0 0 2 2 2 0 0 0 0 0 0 0 0 0 0 2 2 2 0 0 0 2 0 0 0 0 0 2 0 2 0 0 0 0 0 0 0 0 0 1 0 1 2 1 

 Inviabilidades: 0 
FO: 68323.497258
Tempo total:5.067
######################## FIM ###################
