
 ######################## 2 ###################

Vetor de solucoes: 
1 2 2 2 1 2 0 1 1 0 1 2 2 0 2 0 1 1 1 0 1 1 2 1 2 1 1 1 0 2 0 0 2 0 2 1 1 1 1 1 1 2 1 1 1 0 1 1 1 1 1 1 2 1 0 0 0 2 0 2 0 0 0 2 0 0 0 0 0 2 2 2 2 2 0 0 2 2 1 2 1 1 0 1 0 0 0 0 0 0 0 0 0 0 0 1 0 1 2 0 1 0 0 0 0 0 0 0 0 0 0 0 0 0 0 0 2 0 0 0 0 0 2 2 2 2 0 0 0 2 1 2 0 0 1 0 2 2 0 0 0 2 2 2 2 2 2 2 2 2 2 0 0 0 2 2 2 0 2 2 2 2 2 0 1 0 2 2 2 2 2 2 2 2 2 1 2 1 0 1 

 Inviabilidades: 0 
FO: 68337.725438
Tempo total:5.668
######################## FIM ###################

 ######################## 2 ###################

Vetor de solucoes: 
0 0 0 1 1 0 0 0 1 2 1 0 0 2 0 2 1 1 1 2 1 1 0 1 0 1 1 1 2 0 2 2 0 2 0 1 1 1 1 1 1 0 0 1 1 2 1 1 1 1 1 1 0 1 2 2 2 0 2 0 0 2 2 0 2 2 2 2 2 0 0 0 0 0 2 2 0 0 2 2 1 2 2 2 2 2 2 2 2 2 2 2 2 2 2 2 2 2 2 2 1 2 2 2 2 2 2 2 2 2 2 2 2 2 2 2 0 2 2 2 2 2 0 0 0 0 2 2 2 0 0 2 2 2 1 2 0 0 2 0 0 0 0 0 0 0 0 0 0 0 0 2 2 2 2 0 0 2 0 0 0 0 0 2 0 2 0 0 0 0 0 0 0 0 0 1 0 2 2 1 

 Inviabilidades: 0 
FO: 68523.527646
Tempo total:5.269
######################## FIM ###################

 ######################## 2 ###################

Vetor de solucoes: 
0 1 0 0 0 1 1 0 0 2 0 0 1 1 0 1 0 0 0 2 0 0 0 0 0 0 0 0 2 1 2 2 1 0 1 0 0 0 0 0 0 1 1 0 0 2 0 1 0 0 0 0 1 0 2 2 2 1 2 1 1 2 2 1 2 2 2 2 2 1 0 1 1 1 2 2 1 0 0 0 0 0 2 2 2 2 2 2 2 2 2 2 2 2 2 0 2 0 2 2 0 2 2 2 2 2 2 2 2 2 2 2 2 2 1 2 1 1 2 2 2 2 0 1 1 1 2 2 2 1 0 1 1 1 0 2 1 1 1 1 1 1 1 1 1 1 1 1 1 1 1 1 1 2 2 1 0 2 1 1 1 1 1 2 0 2 1 1 1 1 1 1 1 1 0 0 1 0 1 0 

 Inviabilidades: 0 
FO: 68426.280241
Tempo total:5.610
######################## FIM ###################

 ######################## 2 ###################

Vetor de solucoes: 
1 0 0 0 1 0 2 0 1 2 0 0 0 2 0 2 1 1 1 2 1 1 0 1 0 1 1 1 2 0 2 2 0 1 0 1 1 1 1 1 1 0 0 1 1 2 1 2 1 1 1 1 0 1 2 2 2 0 2 0 2 2 2 0 2 2 2 2 2 2 0 0 0 0 2 2 0 0 0 0 1 2 2 2 2 2 2 2 2 2 2 2 2 2 2 1 2 1 2 2 1 2 2 2 2 2 2 2 2 2 2 2 2 2 2 2 0 2 2 2 2 2 0 0 0 0 2 2 2 0 1 0 2 0 1 2 0 0 2 2 2 0 0 0 0 0 0 0 0 0 0 2 2 2 0 0 0 2 0 0 0 0 0 2 0 2 0 0 0 0 0 0 0 0 0 1 0 1 2 1 

 Inviabilidades: 0 
FO: 68323.497258
Tempo total:5.067
######################## FIM ###################

 ######################## 2 ###################

Vetor de solucoes: 
2 1 2 2 2 1 1 2 2 0 2 2 1 1 2 1 2 2 2 0 2 2 2 2 2 2 2 2 0 1 0 0 1 2 1 2 2 2 2 2 2 1 1 2 2 0 2 1 2 2 2 2 1 2 0 0 0 1 0 1 1 0 0 1 0 0 0 0 0 1 2 1 1 1 0 0 1 2 2 2 2 2 0 0 0 0 0 0 0 0 0 0 0 0 0 2 0 2 0 0 2 0 0 0 0 0 0 0 0 0 0 0 0 0 1 0 1 1 0 0 0 0 2 1 1 1 0 0 0 1 2 1 1 1 2 0 1 1 1 1 1 1 1 1 1 1 1 1 1 1 1 1 1 0 0 1 2 0 1 1 1 1 1 0 2 0 1 1 1 1 1 1 1 1 2 2 1 2 1 2 

 Inviabilidades: 0 
FO: 68426.280241
Tempo total:5.043
######################## FIM ###################

 ######################## 2 ###################

Vetor de solucoes: 
1 2 1 1 1 2 2 1 1 0 1 1 2 2 1 2 1 1 1 0 1 1 1 1 1 1 1 1 0 2 0 0 2 1 2 1 1 1 1 1 1 2 2 1 1 0 1 2 1 1 1 1 2 1 0 0 0 2 0 2 2 0 0 2 0 0 0 0 0 2 1 2 2 2 0 0 2 1 1 1 1 1 0 0 0 0 0 0 0 0 0 0 0 0 0 1 0 1 0 0 1 0 0 0 0 0 0 0 0 0 0 0 0 0 2 0 2 2 0 0 0 0 1 2 2 2 0 0 0 2 1 2 2 2 1 0 2 2 2 2 2 2 2 2 2 2 2 2 2 2 2 2 2 0 0 2 1 0 2 2 2 2 2 0 1 0 2 2 2 2 2 2 2 2 1 1 2 1 2 1 

 Inviabilidades: 0 
FO: 68426.280241
Tempo total:5.134
######################## FIM ###################

 ######################## 2 ###################

Vetor de solucoes: 
1 0 0 1 1 0 0 1 1 2 1 0 0 0 0 0 1 1 1 2 1 1 1 1 2 1 1 1 2 1 2 2 0 1 0 1 1 1 1 1 1 1 1 1 1 2 1 0 1 1 1 1 0 1 2 2 2 2 2 0 2 2 2 0 2 1 2 2 2 0 0 0 0 0 2 2 0 0 1 0 1 1 2 2 2 2 2 2 2 2 2 2 2 2 2 1 2 1 2 2 1 2 2 2 2 2 2 2 2 2 2 2 2 2 2 2 1 2 2 2 2 2 1 0 0 0 2 2 2 0 1 0 0 2 1 2 0 0 2 0 0 0 0 0 0 0 0 0 0 0 0 0 2 2 0 0 0 2 0 0 0 0 0 0 1 2 0 0 0 0 0 0 0 0 0 1 0 1 2 1 

 Inviabilidades: 0 
FO: 68556.710923
Tempo total:5.461
######################## FIM ###################

 ######################## 2 ###################

Vetor de solucoes: 
1 2 1 1 1 2 2 2 1 0 1 2 2 2 2 2 1 1 1 1 1 1 2 1 2 1 1 1 0 2 0 0 2 1 2 2 1 1 1 1 1 2 2 1 1 0 1 1 1 1 1 1 2 1 0 0 0 2 0 2 0 0 0 2 1 0 0 0 0 0 1 2 2 2 0 0 2 1 2 1 1 1 0 1 0 0 0 0 1 0 0 0 0 0 0 1 0 1 0 0 1 0 0 0 0 0 0 0 0 0 0 0 0 0 0 0 2 0 0 0 0 0 2 2 2 2 0 0 0 2 1 0 0 0 1 0 2 2 0 0 0 2 2 2 2 2 2 2 2 2 2 0 0 0 0 2 2 0 2 2 2 2 2 0 2 0 2 2 2 2 2 2 2 2 2 1 2 1 0 1 

 Inviabilidades: 0 
FO: 68381.395583
Tempo total:5.451
######################## FIM ###################

 ######################## 2 ###################

Vetor de solucoes: 
2 0 0 2 2 0 0 2 2 1 2 0 0 0 0 0 2 2 2 1 2 2 2 2 1 2 2 2 1 2 1 1 0 2 0 2 2 2 2 2 2 2 2 2 2 1 2 0 2 2 2 2 0 2 1 1 1 1 1 0 1 1 1 0 1 2 1 1 1 0 0 0 0 0 1 1 0 0 2 0 2 2 1 1 1 1 1 1 1 1 1 1 1 1 1 2 1 2 1 1 2 1 1 1 1 1 1 1 1 1 1 1 1 1 1 1 2 1 1 1 1 1 2 0 0 0 1 1 1 0 2 0 0 1 2 1 0 0 1 0 0 0 0 0 0 0 0 0 0 0 0 0 1 1 0 0 0 1 0 0 0 0 0 0 2 1 0 0 0 0 0 0 0 0 0 2 0 2 1 2 

 Inviabilidades: 0 
FO: 68556.710923
Tempo total:5.570
######################## FIM ###################

 ######################## 2 ###################

Vetor de solucoes: 
2 0 0 0 2 0 1 2 2 1 2 0 0 1 0 1 2 2 2 1 2 2 0 2 0 2 2 2 1 0 1 1 0 1 0 2 2 2 2 2 2 0 2 2 2 1 2 2 2 2 2 2 0 2 1 1 1 0 1 0 1 1 1 0 1 1 1 1 1 0 0 0 0 0 1 1 0 0 2 0 2 2 1 2 1 1 1 1 1 1 1 1 1 1 1 2 1 2 0 1 2 1 1 1 1 1 1 1 1 1 1 1 1 1 1 1 0 1 1 1 1 1 0 0 0 0 1 1 1 0 2 0 1 1 2 1 0 0 1 1 1 0 0 0 0 0 0 0 0 0 0 1 1 1 0 0 0 1 0 0 0 0 0 1 2 1 0 0 0 0 0 0 0 0 0 2 0 2 1 2 

 Inviabilidades: 0 
FO: 68337.725438
Tempo total:5.380
######################## FIM ###################

 ######################## 2 ###################

Vetor de solucoes: 
2 0 0 0 2 0 1 2 2 1 2 0 0 1 0 1 2 2 2 1 2 2 0 2 0 2 2 2 1 0 1 1 0 1 0 2 2 2 2 2 2 0 2 2 2 1 2 2 2 2 2 2 0 2 1 1 1 0 1 0 1 1 1 0 1 1 1 1 1 0 0 0 0 0 1 1 0 0 2 0 2 2 1 2 1 1 1 1 1 1 1 1 1 1 1 2 1 2 0 1 2 1 1 1 1 1 1 1 1 1 1 1 1 1 1 1 0 1 1 1 1 1 0 0 0 0 1 1 1 0 2 0 1 1 2 1 0 0 1 1 1 0 0 0 0 0 0 0 0 0 0 1 1 1 0 0 0 1 0 0 0 0 0 1 2 1 0 0 0 0 0 0 0 0 0 2 0 2 1 2 

 Inviabilidades: 0 
FO: 68337.725438
Tempo total:5.182
######################## FIM ###################

 ######################## 2 ###################

Vetor de solucoes: 
1 1 1 0 0 1 1 1 0 2 0 1 1 2 1 2 0 0 0 2 0 0 1 0 1 0 0 0 2 1 2 2 1 2 1 0 0 0 0 0 0 1 1 0 0 2 0 0 0 0 0 0 1 0 2 2 2 1 2 1 1 2 2 1 2 2 2 2 2 1 1 1 1 1 2 2 1 1 2 2 0 2 2 2 2 2 2 2 2 2 2 2 2 2 2 2 2 2 2 2 0 2 2 2 2 2 2 2 2 2 2 2 2 2 2 2 1 2 2 2 2 2 1 1 1 1 2 2 2 1 1 2 2 2 0 2 1 1 2 1 1 1 1 1 1 1 1 1 1 1 1 2 2 2 2 1 1 2 1 1 1 1 1 2 1 2 1 1 1 1 1 1 1 1 1 0 1 2 2 0 

 Inviabilidades: 0 
FO: 68523.527646
Tempo total:5.360
######################## FIM ###################

 ######################## 2 ###################

Vetor de solucoes: 
0 2 0 0 0 2 2 0 0 2 0 0 2 2 0 2 0 0 0 1 0 0 2 0 2 0 0 0 1 2 1 2 2 1 2 0 0 0 0 0 0 2 0 0 0 1 0 0 0 0 0 0 2 0 2 2 2 2 1 2 2 2 2 2 1 1 1 2 1 2 0 2 2 2 2 2 2 0 1 0 0 1 1 1 1 1 1 1 1 1 1 1 1 1 1 1 1 1 2 2 1 1 1 1 2 1 1 2 2 2 2 1 1 1 2 2 2 2 1 1 2 2 0 2 2 2 2 2 2 0 0 1 2 1 1 1 0 2 2 2 2 0 0 2 2 2 2 2 2 2 0 2 2 2 1 0 0 2 2 2 0 2 2 1 0 2 2 2 0 2 2 2 2 0 0 0 2 0 2 0 

 Inviabilidades: 0 
FO: 68710.398246
Tempo total:5.177
######################## FIM ###################

 ######################## 2 ###################

Vetor de solucoes: 
1 2 1 1 1 2 2 1 1 0 1 1 2 2 1 2 1 1 1 0 1 1 2 1 0 1 1 1 0 2 0 0 2 1 2 1 1 1 1 1 1 2 2 1 1 0 1 1 1 1 1 1 2 1 0 2 2 2 0 2 2 0 0 2 0 0 0 0 0 2 1 2 2 2 0 0 2 1 1 1 1 1 0 0 0 0 0 0 0 0 0 0 0 0 0 0 0 0 2 0 0 0 0 0 0 0 0 0 0 0 0 0 0 0 0 0 2 2 0 0 0 2 1 2 2 2 0 0 0 1 1 0 2 0 0 0 1 2 0 2 2 2 2 2 2 2 2 2 2 2 1 2 2 0 0 2 1 0 2 2 1 2 2 0 1 0 2 2 2 2 2 2 2 2 2 1 2 0 0 1 

 Inviabilidades: 0 
FO: 68618.798291
Tempo total:5.214
######################## FIM ###################

 ######################## 2 ###################

Vetor de solucoes: 
1 0 0 0 1 0 2 1 1 2 1 0 0 2 0 2 1 1 1 2 1 1 0 1 0 1 1 1 2 0 2 2 0 2 0 1 1 1 1 1 1 0 1 1 1 2 1 1 1 1 1 1 0 1 2 2 2 0 2 0 2 2 2 0 2 2 2 2 2 0 0 0 0 0 2 2 0 0 1 0 1 1 2 1 2 2 2 2 2 2 2 2 2 2 2 1 2 1 0 2 1 2 2 2 2 2 2 2 2 2 2 2 2 2 2 2 0 2 2 2 2 2 0 0 0 0 2 2 2 0 1 0 2 2 1 2 0 0 2 2 2 0 0 0 0 0 0 0 0 0 0 2 2 2 0 0 0 2 0 0 0 0 0 2 1 2 0 0 0 0 0 0 0 0 0 1 0 1 2 1 

 Inviabilidades: 0 
FO: 68337.725438
Tempo total:5.198
######################## FIM ###################

 ######################## 2 ###################

Vetor de solucoes: 
1 2 2 2 1 2 0 1 1 0 1 2 2 0 2 0 1 1 1 0 1 1 2 1 2 1 1 1 0 2 0 0 2 0 2 1 1 1 1 1 1 2 1 1 1 0 1 1 1 1 1 1 2 1 0 0 0 2 0 2 0 0 0 2 0 0 0 0 0 2 2 2 2 2 0 0 2 2 1 2 1 1 0 1 0 0 0 0 0 0 0 0 0 0 0 1 0 1 2 0 1 0 0 0 0 0 0 0 0 0 0 0 0 0 0 0 2 0 0 0 0 0 2 2 2 2 0 0 0 2 1 2 0 0 1 0 2 2 0 0 0 2 2 2 2 2 2 2 2 2 2 0 0 0 2 2 2 0 2 2 2 2 2 0 1 0 2 2 2 2 2 2 2 2 2 1 2 1 0 1 

 Inviabilidades: 0 
FO: 68337.725438
Tempo total:4.904
######################## FIM ###################

 ######################## 2 ###################

Vetor de solucoes: 
2 0 0 0 2 0 1 0 2 1 0 0 0 1 0 1 2 2 2 1 2 2 0 2 0 2 2 2 1 0 1 1 0 2 0 2 2 2 2 2 2 0 0 2 2 1 2 1 2 2 2 2 0 2 1 1 1 0 1 0 1 1 1 0 1 1 1 1 1 1 0 0 0 0 1 1 0 0 0 0 2 1 1 1 1 1 1 1 1 1 1 1 1 1 1 2 1 2 1 1 2 1 1 1 1 1 1 1 1 1 1 1 1 1 1 1 0 1 1 1 1 1 0 0 0 0 1 1 1 0 2 0 1 0 2 1 0 0 1 1 1 0 0 0 0 0 0 0 0 0 0 1 1 1 0 0 0 1 0 0 0 0 0 1 0 1 0 0 0 0 0 0 0 0 0 2 0 2 1 2 

 Inviabilidades: 0 
FO: 68323.497258
Tempo total:4.878
######################## FIM ###################

 ######################## 2 ###################

Vetor de solucoes: 
2 1 1 1 2 1 0 1 2 0 1 1 1 0 1 0 2 2 2 0 2 2 1 2 1 2 2 2 0 1 0 0 1 2 1 2 2 2 2 2 2 1 1 2 2 0 2 0 2 2 2 2 1 2 0 0 0 1 0 1 0 0 0 1 0 0 0 0 0 0 1 1 1 1 0 0 1 1 1 1 2 0 0 0 0 0 0 0 0 0 0 0 0 0 0 2 0 2 0 0 2 0 0 0 0 0 0 0 0 0 0 0 0 0 0 0 1 0 0 0 0 0 1 1 1 1 0 0 0 1 2 1 0 1 2 0 1 1 0 0 0 1 1 1 1 1 1 1 1 1 1 0 0 0 1 1 1 0 1 1 1 1 1 0 1 0 1 1 1 1 1 1 1 1 1 2 1 2 0 2 

 Inviabilidades: 0 
FO: 68323.497258
Tempo total:4.880
######################## FIM ###################

 ######################## 2 ###################

Vetor de solucoes: 
2 0 2 2 2 0 0 0 2 1 2 0 0 0 0 0 2 2 2 2 2 2 0 2 0 2 2 2 1 0 1 1 0 2 0 0 2 2 2 2 2 0 0 2 2 1 2 2 2 2 2 2 0 2 1 1 1 0 1 0 1 1 1 0 2 1 1 1 1 1 2 0 0 0 1 1 0 2 0 2 2 2 1 2 1 1 1 1 2 1 1 1 1 1 1 2 1 2 1 1 2 1 1 1 1 1 1 1 1 1 1 1 1 1 1 1 0 1 1 1 1 1 0 0 0 0 1 1 1 0 2 1 1 1 2 1 0 0 1 1 1 0 0 0 0 0 0 0 0 0 0 1 1 1 1 0 0 1 0 0 0 0 0 1 0 1 0 0 0 0 0 0 0 0 0 2 0 2 1 2 

 Inviabilidades: 0 
FO: 68381.395583
Tempo total:4.863
######################## FIM ###################

 ######################## 2 ###################

Vetor de solucoes: 
1 0 0 0 1 0 2 1 1 2 1 0 0 2 0 2 1 1 1 2 1 1 0 1 0 1 1 1 2 0 2 2 0 2 0 1 1 1 1 1 1 0 1 1 1 2 1 1 1 1 1 1 0 1 2 2 2 0 2 0 2 2 2 0 2 2 2 2 2 0 0 0 0 0 2 2 0 0 1 0 1 1 2 1 2 2 2 2 2 2 2 2 2 2 2 1 2 1 0 2 1 2 2 2 2 2 2 2 2 2 2 2 2 2 2 2 0 2 2 2 2 2 0 0 0 0 2 2 2 0 1 0 2 2 1 2 0 0 2 2 2 0 0 0 0 0 0 0 0 0 0 2 2 2 0 0 0 2 0 0 0 0 0 2 1 2 0 0 0 0 0 0 0 0 0 1 0 1 2 1 

 Inviabilidades: 0 
FO: 68337.725438
Tempo total:4.876
######################## FIM ###################

 ######################## 2 ###################

Vetor de solucoes: 
2 0 0 2 2 0 0 2 2 1 2 0 0 0 0 0 2 2 2 1 2 2 2 2 1 2 2 2 1 2 1 1 0 2 0 2 2 2 2 2 2 2 2 2 2 1 2 0 2 2 2 2 0 2 1 1 1 1 1 0 1 1 1 0 1 2 1 1 1 0 0 0 0 0 1 1 0 0 2 0 2 2 1 1 1 1 1 1 1 1 1 1 1 1 1 2 1 2 1 1 2 1 1 1 1 1 1 1 1 1 1 1 1 1 1 1 2 1 1 1 1 1 2 0 0 0 1 1 1 0 2 0 0 1 2 1 0 0 1 0 0 0 0 0 0 0 0 0 0 0 0 0 1 1 0 0 0 1 0 0 0 0 0 0 2 1 0 0 0 0 0 0 0 0 0 2 0 2 1 2 

 Inviabilidades: 0 
FO: 68556.710923
Tempo total:4.809
######################## FIM ###################

 ######################## 2 ###################

Vetor de solucoes: 
2 1 1 1 2 1 0 2 2 0 2 1 1 0 1 0 2 2 2 0 2 2 1 2 1 2 2 2 0 1 0 0 1 0 1 2 2 2 2 2 2 1 2 2 2 0 2 2 2 2 2 2 1 2 0 0 0 1 0 1 0 0 0 1 0 0 0 0 0 1 1 1 1 1 0 0 1 1 2 1 2 2 0 2 0 0 0 0 0 0 0 0 0 0 0 2 0 2 1 0 2 0 0 0 0 0 0 0 0 0 0 0 0 0 0 0 1 0 0 0 0 0 1 1 1 1 0 0 0 1 2 1 0 0 2 0 1 1 0 0 0 1 1 1 1 1 1 1 1 1 1 0 0 0 1 1 1 0 1 1 1 1 1 0 2 0 1 1 1 1 1 1 1 1 1 2 1 2 0 2 

 Inviabilidades: 0 
FO: 68337.725438
Tempo total:4.922
######################## FIM ###################

 ######################## 2 ###################

Vetor de solucoes: 
0 2 0 0 0 2 2 0 0 1 0 0 2 2 0 2 0 0 0 1 0 0 0 0 0 0 0 0 1 2 1 1 2 0 2 0 0 0 0 0 0 2 2 0 0 1 0 2 0 0 0 0 2 0 1 1 1 2 1 2 2 1 1 2 1 1 1 1 1 2 0 2 2 2 1 1 2 0 0 0 0 0 1 1 1 1 1 1 1 1 1 1 1 1 1 0 1 0 1 1 0 1 1 1 1 1 1 1 1 1 1 1 1 1 2 1 2 2 1 1 1 1 0 2 2 2 1 1 1 2 0 2 2 2 0 1 2 2 2 2 2 2 2 2 2 2 2 2 2 2 2 2 2 1 1 2 0 1 2 2 2 2 2 1 0 1 2 2 2 2 2 2 2 2 0 0 2 0 2 0 

 Inviabilidades: 0 
FO: 68426.280241
Tempo total:4.898
######################## FIM ###################

 ######################## 2 ###################

Vetor de solucoes: 
1 0 1 1 1 0 2 0 1 2 1 1 0 2 0 0 1 1 1 2 1 1 1 1 1 1 1 1 2 0 2 2 0 1 0 1 1 1 1 1 1 1 0 1 1 2 1 1 1 1 1 1 0 1 2 2 2 0 2 0 0 2 2 1 2 2 2 2 2 2 1 0 0 0 2 2 0 1 1 1 1 1 2 2 2 2 2 2 2 2 2 2 2 2 2 1 2 1 2 2 1 2 2 2 2 2 2 2 2 2 2 2 2 2 2 2 0 2 2 2 2 2 0 0 0 0 2 2 2 0 1 0 0 1 1 2 0 0 2 2 0 0 0 0 0 0 0 0 0 0 0 2 2 2 0 0 0 2 0 0 0 0 0 2 0 2 0 0 0 0 0 0 0 0 0 1 0 1 2 1 

 Inviabilidades: 0 
FO: 68501.219434
Tempo total:4.981
######################## FIM ###################

 ######################## 2 ###################

Vetor de solucoes: 
0 2 2 2 0 2 1 0 0 1 0 2 2 1 2 1 0 0 0 1 0 0 2 0 2 0 0 0 1 2 1 1 2 1 2 0 0 0 0 0 0 2 0 0 0 1 0 0 0 0 0 0 2 0 1 1 1 2 1 2 1 1 1 2 1 1 1 1 1 2 2 2 2 2 1 1 2 2 0 2 0 0 1 0 1 1 1 1 1 1 1 1 1 1 1 0 1 0 2 1 0 1 1 1 1 1 1 1 1 1 1 1 1 1 1 1 2 1 1 1 1 1 2 2 2 2 1 1 1 2 0 2 1 1 0 1 2 2 1 1 1 2 2 2 2 2 2 2 2 2 2 1 1 1 2 2 2 1 2 2 2 2 2 1 0 1 2 2 2 2 2 2 2 2 2 0 2 0 1 0 

 Inviabilidades: 0 
FO: 68337.725438
Tempo total:4.979
######################## FIM ###################

 ######################## 2 ###################

Vetor de solucoes: 
0 1 1 1 0 1 2 0 0 2 0 1 1 2 1 2 0 0 0 2 0 0 1 0 1 0 0 0 2 1 2 2 1 2 1 0 0 0 0 0 0 1 0 0 0 2 0 0 0 0 0 0 1 0 2 2 2 1 2 1 2 2 2 1 2 2 2 2 2 1 1 1 1 1 2 2 1 1 0 1 0 0 2 0 2 2 2 2 2 2 2 2 2 2 2 0 2 0 1 2 0 2 2 2 2 2 2 2 2 2 2 2 2 2 2 2 1 2 2 2 2 2 1 1 1 1 2 2 2 1 0 1 2 2 0 2 1 1 2 2 2 1 1 1 1 1 1 1 1 1 1 2 2 2 1 1 1 2 1 1 1 1 1 2 0 2 1 1 1 1 1 1 1 1 1 0 1 0 2 0 

 Inviabilidades: 0 
FO: 68337.725438
Tempo total:5.076
######################## FIM ###################

 ######################## 2 ###################

Vetor de solucoes: 
0 2 2 2 0 2 1 0 0 1 0 2 2 1 2 1 0 0 0 1 0 0 2 0 2 0 0 0 1 2 1 1 2 1 2 0 0 0 0 0 0 2 0 0 0 1 0 0 0 0 0 0 2 0 1 1 1 2 1 2 1 1 1 2 1 1 1 1 1 2 2 2 2 2 1 1 2 2 0 2 0 0 1 0 1 1 1 1 1 1 1 1 1 1 1 0 1 0 2 1 0 1 1 1 1 1 1 1 1 1 1 1 1 1 1 1 2 1 1 1 1 1 2 2 2 2 1 1 1 2 0 2 1 1 0 1 2 2 1 1 1 2 2 2 2 2 2 2 2 2 2 1 1 1 2 2 2 1 2 2 2 2 2 1 0 1 2 2 2 2 2 2 2 2 2 0 2 0 1 0 

 Inviabilidades: 0 
FO: 68337.725438
Tempo total:4.958
######################## FIM ###################

 ######################## 2 ###################

Vetor de solucoes: 
0 1 1 1 0 1 2 1 0 2 1 1 1 2 1 2 0 0 0 2 0 0 1 0 1 0 0 0 2 1 2 2 1 0 1 0 0 0 0 0 0 1 1 0 0 2 0 2 0 0 0 0 1 0 2 2 2 1 2 1 2 2 2 1 2 2 2 2 2 2 1 1 1 1 2 2 1 1 1 1 0 2 2 2 2 2 2 2 2 2 2 2 2 2 2 0 2 0 2 2 0 2 2 2 2 2 2 2 2 2 2 2 2 2 2 2 1 2 2 2 2 2 1 1 1 1 2 2 2 1 0 1 2 1 0 2 1 1 2 2 2 1 1 1 1 1 1 1 1 1 1 2 2 2 1 1 1 2 1 1 1 1 1 2 1 2 1 1 1 1 1 1 1 1 1 0 1 0 2 0 

 Inviabilidades: 0 
FO: 68323.497258
Tempo total:5.036
######################## FIM ###################

 ######################## 2 ###################

Vetor de solucoes: 
0 2 0 0 0 2 2 2 0 1 0 2 2 2 2 2 0 0 0 0 0 0 2 0 2 0 0 0 1 2 1 1 2 0 2 2 0 0 0 0 0 2 2 0 0 1 0 0 0 0 0 0 2 0 1 1 1 2 1 2 1 1 1 2 0 1 1 1 1 1 0 2 2 2 1 1 2 0 2 0 0 0 1 0 1 1 1 1 0 1 1 1 1 1 1 0 1 0 1 1 0 1 1 1 1 1 1 1 1 1 1 1 1 1 1 1 2 1 1 1 1 1 2 2 2 2 1 1 1 2 0 1 1 1 0 1 2 2 1 1 1 2 2 2 2 2 2 2 2 2 2 1 1 1 1 2 2 1 2 2 2 2 2 1 2 1 2 2 2 2 2 2 2 2 2 0 2 0 1 0 

 Inviabilidades: 0 
FO: 68381.395583
Tempo total:4.893
######################## FIM ###################

 ######################## 2 ###################

Vetor de solucoes: 
2 0 0 0 2 0 1 0 2 1 0 0 0 1 0 1 2 2 2 1 2 2 0 2 0 2 2 2 1 0 1 1 0 2 0 2 2 2 2 2 2 0 0 2 2 1 2 1 2 2 2 2 0 2 1 1 1 0 1 0 1 1 1 0 1 1 1 1 1 1 0 0 0 0 1 1 0 0 0 0 2 1 1 1 1 1 1 1 1 1 1 1 1 1 1 2 1 2 1 1 2 1 1 1 1 1 1 1 1 1 1 1 1 1 1 1 0 1 1 1 1 1 0 0 0 0 1 1 1 0 2 0 1 0 2 1 0 0 1 1 1 0 0 0 0 0 0 0 0 0 0 1 1 1 0 0 0 1 0 0 0 0 0 1 0 1 0 0 0 0 0 0 0 0 0 2 0 2 1 2 

 Inviabilidades: 0 
FO: 68323.497258
Tempo total:4.848
######################## FIM ###################

 ######################## 2 ###################

Vetor de solucoes: 
2 0 0 0 2 0 1 0 2 1 0 0 0 1 0 1 2 2 2 1 2 2 0 2 0 2 2 2 1 0 1 1 0 2 0 2 2 2 2 2 2 0 0 2 2 1 2 1 2 2 2 2 0 2 1 1 1 0 1 0 1 1 1 0 1 1 1 1 1 1 0 0 0 0 1 1 0 0 0 0 2 1 1 1 1 1 1 1 1 1 1 1 1 1 1 2 1 2 1 1 2 1 1 1 1 1 1 1 1 1 1 1 1 1 1 1 0 1 1 1 1 1 0 0 0 0 1 1 1 0 2 0 1 0 2 1 0 0 1 1 1 0 0 0 0 0 0 0 0 0 0 1 1 1 0 0 0 1 0 0 0 0 0 1 0 1 0 0 0 0 0 0 0 0 0 2 0 2 1 2 

 Inviabilidades: 0 
FO: 68323.497258
Tempo total:4.871
######################## FIM ###################

 ######################## 2 ###################

Vetor de solucoes: 
0 1 0 0 0 1 1 0 0 2 0 1 1 1 0 1 0 0 0 2 0 0 0 0 0 0 0 0 2 0 2 2 1 0 1 0 0 0 0 0 0 0 0 0 0 2 0 1 0 0 0 0 1 0 2 2 2 0 2 1 2 2 2 1 2 2 2 2 2 1 0 1 1 1 2 2 1 0 0 0 0 0 2 2 2 2 2 2 2 2 2 2 2 2 2 2 2 0 2 2 0 2 2 2 2 2 2 2 2 2 2 2 2 2 2 2 1 1 2 2 2 1 0 1 1 1 2 2 2 0 0 0 1 2 2 2 0 1 1 1 1 1 0 1 1 1 1 1 1 1 1 1 1 2 2 1 0 2 1 1 1 1 1 2 0 2 1 1 1 1 1 1 1 1 0 0 1 0 1 0 

 Inviabilidades: 0 
FO: 68744.595345
Tempo total:5.049
######################## FIM ###################

 ######################## 2 ###################

Vetor de solucoes: 
2 0 0 2 2 0 0 2 2 1 2 0 0 0 0 0 2 2 2 1 2 2 2 2 1 2 2 2 1 2 1 1 0 2 0 2 2 2 2 2 2 2 2 2 2 1 2 0 2 2 2 2 0 2 1 1 1 1 1 0 1 1 1 0 1 2 1 1 1 0 0 0 0 0 1 1 0 0 2 0 2 2 1 1 1 1 1 1 1 1 1 1 1 1 1 2 1 2 1 1 2 1 1 1 1 1 1 1 1 1 1 1 1 1 1 1 2 1 1 1 1 1 2 0 0 0 1 1 1 0 2 0 0 1 2 1 0 0 1 0 0 0 0 0 0 0 0 0 0 0 0 0 1 1 0 0 0 1 0 0 0 0 0 0 2 1 0 0 0 0 0 0 0 0 0 2 0 2 1 2 

 Inviabilidades: 0 
FO: 68556.710923
Tempo total:4.910
######################## FIM ###################

 ######################## 2 ###################

Vetor de solucoes: 
0 1 1 1 0 1 2 1 0 2 1 1 1 2 1 2 0 0 0 2 0 0 1 0 1 0 0 0 2 1 2 2 1 0 1 0 0 0 0 0 0 1 1 0 0 2 0 2 0 0 0 0 1 0 2 2 2 1 2 1 2 2 2 1 2 2 2 2 2 2 1 1 1 1 2 2 1 1 1 1 0 2 2 2 2 2 2 2 2 2 2 2 2 2 2 0 2 0 2 2 0 2 2 2 2 2 2 2 2 2 2 2 2 2 2 2 1 2 2 2 2 2 1 1 1 1 2 2 2 1 0 1 2 1 0 2 1 1 2 2 2 1 1 1 1 1 1 1 1 1 1 2 2 2 1 1 1 2 1 1 1 1 1 2 1 2 1 1 1 1 1 1 1 1 1 0 1 0 2 0 

 Inviabilidades: 0 
FO: 68323.497258
Tempo total:5.125
######################## FIM ###################

 ######################## 2 ###################

Vetor de solucoes: 
2 0 2 2 2 0 0 0 2 1 2 0 0 0 0 0 2 2 2 2 2 2 0 2 0 2 2 2 1 0 1 1 0 2 0 0 2 2 2 2 2 0 0 2 2 1 2 2 2 2 2 2 0 2 1 1 1 0 1 0 1 1 1 0 2 1 1 1 1 1 2 0 0 0 1 1 0 2 0 2 2 2 1 2 1 1 1 1 2 1 1 1 1 1 1 2 1 2 1 1 2 1 1 1 1 1 1 1 1 1 1 1 1 1 1 1 0 1 1 1 1 1 0 0 0 0 1 1 1 0 2 1 1 1 2 1 0 0 1 1 1 0 0 0 0 0 0 0 0 0 0 1 1 1 1 0 0 1 0 0 0 0 0 1 0 1 0 0 0 0 0 0 0 0 0 2 0 2 1 2 

 Inviabilidades: 0 
FO: 68381.395583
Tempo total:4.867
######################## FIM ###################

 ######################## 2 ###################

Vetor de solucoes: 
2 1 1 1 2 1 0 1 2 0 1 1 1 0 1 0 2 2 2 0 2 2 1 2 1 2 2 2 0 1 0 0 1 2 1 2 2 2 2 2 2 1 1 2 2 0 2 0 2 2 2 2 1 2 0 0 0 1 0 1 0 0 0 1 0 0 0 0 0 0 1 1 1 1 0 0 1 1 1 1 2 0 0 0 0 0 0 0 0 0 0 0 0 0 0 2 0 2 0 0 2 0 0 0 0 0 0 0 0 0 0 0 0 0 0 0 1 0 0 0 0 0 1 1 1 1 0 0 0 1 2 1 0 1 2 0 1 1 0 0 0 1 1 1 1 1 1 1 1 1 1 0 0 0 1 1 1 0 1 1 1 1 1 0 1 0 1 1 1 1 1 1 1 1 1 2 1 2 0 2 

 Inviabilidades: 0 
FO: 68323.497258
Tempo total:4.949
######################## FIM ###################

 ######################## 2 ###################

Vetor de solucoes: 
2 1 1 1 2 1 0 1 2 0 1 1 1 0 1 0 2 2 2 0 2 2 1 2 1 2 2 2 0 1 0 0 1 2 1 2 2 2 2 2 2 1 1 2 2 0 2 0 2 2 2 2 1 2 0 0 0 1 0 1 0 0 0 1 0 0 0 0 0 0 1 1 1 1 0 0 1 1 1 1 2 0 0 0 0 0 0 0 0 0 0 0 0 0 0 2 0 2 0 0 2 0 0 0 0 0 0 0 0 0 0 0 0 0 0 0 1 0 0 0 0 0 1 1 1 1 0 0 0 1 2 1 0 1 2 0 1 1 0 0 0 1 1 1 1 1 1 1 1 1 1 0 0 0 1 1 1 0 1 1 1 1 1 0 1 0 1 1 1 1 1 1 1 1 1 2 1 2 0 2 

 Inviabilidades: 0 
FO: 68323.497258
Tempo total:4.997
######################## FIM ###################

 ######################## 2 ###################

Vetor de solucoes: 
0 2 2 2 0 2 1 0 0 1 0 2 2 1 2 1 0 0 0 1 0 0 2 0 2 0 0 0 1 2 1 1 2 1 2 0 0 0 0 0 0 2 0 0 0 1 0 0 0 0 0 0 2 0 1 1 1 2 1 2 1 1 1 2 1 1 1 1 1 2 2 2 2 2 1 1 2 2 0 2 0 0 1 0 1 1 1 1 1 1 1 1 1 1 1 0 1 0 2 1 0 1 1 1 1 1 1 1 1 1 1 1 1 1 1 1 2 1 1 1 1 1 2 2 2 2 1 1 1 2 0 2 1 1 0 1 2 2 1 1 1 2 2 2 2 2 2 2 2 2 2 1 1 1 2 2 2 1 2 2 2 2 2 1 0 1 2 2 2 2 2 2 2 2 2 0 2 0 1 0 

 Inviabilidades: 0 
FO: 68337.725438
Tempo total:5.296
######################## FIM ###################

 ######################## 2 ###################

Vetor de solucoes: 
2 0 0 0 2 0 1 2 2 1 2 0 0 1 0 1 2 2 2 1 2 2 0 2 0 2 2 2 1 0 1 1 0 1 0 2 2 2 2 2 2 0 2 2 2 1 2 2 2 2 2 2 0 2 1 1 1 0 1 0 1 1 1 0 1 1 1 1 1 0 0 0 0 0 1 1 0 0 2 0 2 2 1 2 1 1 1 1 1 1 1 1 1 1 1 2 1 2 0 1 2 1 1 1 1 1 1 1 1 1 1 1 1 1 1 1 0 1 1 1 1 1 0 0 0 0 1 1 1 0 2 0 1 1 2 1 0 0 1 1 1 0 0 0 0 0 0 0 0 0 0 1 1 1 0 0 0 1 0 0 0 0 0 1 2 1 0 0 0 0 0 0 0 0 0 2 0 2 1 2 

 Inviabilidades: 0 
FO: 68337.725438
Tempo total:4.995
######################## FIM ###################

 ######################## 2 ###################

Vetor de solucoes: 
1 0 0 0 1 0 2 1 1 2 1 0 0 2 0 2 1 1 1 2 1 1 0 1 0 1 1 1 2 0 2 2 0 2 0 1 1 1 1 1 1 0 1 1 1 2 1 1 1 1 1 1 0 1 2 2 2 0 2 0 2 2 2 0 2 2 2 2 2 0 0 0 0 0 2 2 0 0 1 0 1 1 2 1 2 2 2 2 2 2 2 2 2 2 2 1 2 1 0 2 1 2 2 2 2 2 2 2 2 2 2 2 2 2 2 2 0 2 2 2 2 2 0 0 0 0 2 2 2 0 1 0 2 2 1 2 0 0 2 2 2 0 0 0 0 0 0 0 0 0 0 2 2 2 0 0 0 2 0 0 0 0 0 2 1 2 0 0 0 0 0 0 0 0 0 1 0 1 2 1 

 Inviabilidades: 0 
FO: 68337.725438
Tempo total:4.921
######################## FIM ###################

 ######################## 2 ###################

Vetor de solucoes: 
2 1 2 2 2 1 1 2 2 0 2 2 1 1 2 1 2 2 2 0 2 2 2 2 2 2 2 2 0 1 0 0 1 2 1 2 2 2 2 2 2 1 1 2 2 0 2 1 2 2 2 2 1 2 0 0 0 1 0 1 1 0 0 1 0 0 0 0 0 1 2 1 1 1 0 0 1 2 2 2 2 2 0 0 0 0 0 0 0 0 0 0 0 0 0 2 0 2 0 0 2 0 0 0 0 0 0 0 0 0 0 0 0 0 1 0 1 1 0 0 0 0 2 1 1 1 0 0 0 1 2 1 1 1 2 0 1 1 1 1 1 1 1 1 1 1 1 1 1 1 1 1 1 0 0 1 2 0 1 1 1 1 1 0 2 0 1 1 1 1 1 1 1 1 2 2 1 2 1 2 

 Inviabilidades: 0 
FO: 68426.280241
Tempo total:4.944
######################## FIM ###################

 ######################## 2 ###################

Vetor de solucoes: 
1 2 2 2 1 2 0 1 1 0 1 2 2 0 2 0 1 1 1 0 1 1 2 1 2 1 1 1 0 2 0 0 2 0 2 1 1 1 1 1 1 2 1 1 1 0 1 1 1 1 1 1 2 1 0 0 0 2 0 2 0 0 0 2 0 0 0 0 0 2 2 2 2 2 0 0 2 2 1 2 1 1 0 1 0 0 0 0 0 0 0 0 0 0 0 1 0 1 2 0 1 0 0 0 0 0 0 0 0 0 0 0 0 0 0 0 2 0 0 0 0 0 2 2 2 2 0 0 0 2 1 2 0 0 1 0 2 2 0 0 0 2 2 2 2 2 2 2 2 2 2 0 0 0 2 2 2 0 2 2 2 2 2 0 1 0 2 2 2 2 2 2 2 2 2 1 2 1 0 1 

 Inviabilidades: 0 
FO: 68337.725438
Tempo total:4.946
######################## FIM ###################

 ######################## 2 ###################

Vetor de solucoes: 
2 0 0 0 2 0 1 2 2 1 2 0 0 1 0 1 2 2 2 1 2 2 0 2 0 2 2 2 1 0 1 1 0 1 0 2 2 2 2 2 2 0 2 2 2 1 2 2 2 2 2 2 0 2 1 1 1 0 1 0 1 1 1 0 1 1 1 1 1 0 0 0 0 0 1 1 0 0 2 0 2 2 1 2 1 1 1 1 1 1 1 1 1 1 1 2 1 2 0 1 2 1 1 1 1 1 1 1 1 1 1 1 1 1 1 1 0 1 1 1 1 1 0 0 0 0 1 1 1 0 2 0 1 1 2 1 0 0 1 1 1 0 0 0 0 0 0 0 0 0 0 1 1 1 0 0 0 1 0 0 0 0 0 1 2 1 0 0 0 0 0 0 0 0 0 2 0 2 1 2 

 Inviabilidades: 0 
FO: 68337.725438
Tempo total:4.905
######################## FIM ###################

 ######################## 2 ###################

Vetor de solucoes: 
1 2 2 1 1 2 2 1 1 0 1 2 2 2 2 2 1 1 1 0 1 1 1 1 0 1 1 1 0 1 0 0 2 1 2 1 1 1 1 1 1 1 1 1 1 0 1 2 1 1 1 1 2 1 0 0 0 0 0 2 0 0 0 2 0 1 0 0 0 2 2 2 2 2 0 0 2 2 1 2 1 1 0 0 0 0 0 0 0 0 0 0 0 0 0 1 0 1 0 0 1 0 0 0 0 0 0 0 0 0 0 0 0 0 0 0 1 0 0 0 0 0 1 2 2 2 0 0 0 2 1 2 2 0 1 0 2 2 0 2 2 2 2 2 2 2 2 2 2 2 2 2 0 0 2 2 2 0 2 2 2 2 2 2 1 0 2 2 2 2 2 2 2 2 2 1 2 1 0 1 

 Inviabilidades: 0 
FO: 68556.710923
Tempo total:4.973
######################## FIM ###################

 ######################## 2 ###################

Vetor de solucoes: 
0 2 0 0 0 2 2 2 0 1 0 2 2 2 2 2 0 0 0 0 0 0 2 0 2 0 0 0 1 2 1 1 2 0 2 2 0 0 0 0 0 2 2 0 0 1 0 0 0 0 0 0 2 0 1 1 1 2 1 2 1 1 1 2 0 1 1 1 1 1 0 2 2 2 1 1 2 0 2 0 0 0 1 0 1 1 1 1 0 1 1 1 1 1 1 0 1 0 1 1 0 1 1 1 1 1 1 1 1 1 1 1 1 1 1 1 2 1 1 1 1 1 2 2 2 2 1 1 1 2 0 1 1 1 0 1 2 2 1 1 1 2 2 2 2 2 2 2 2 2 2 1 1 1 1 2 2 1 2 2 2 2 2 1 2 1 2 2 2 2 2 2 2 2 2 0 2 0 1 0 

 Inviabilidades: 0 
FO: 68381.395583
Tempo total:5.151
######################## FIM ###################

 ######################## 2 ###################

Vetor de solucoes: 
2 0 0 0 2 0 1 2 2 1 2 0 0 1 0 1 2 2 2 1 2 2 0 2 0 2 2 2 1 0 1 1 0 1 0 2 2 2 2 2 2 0 2 2 2 1 2 2 2 2 2 2 0 2 1 1 1 0 1 0 1 1 1 0 1 1 1 1 1 0 0 0 0 0 1 1 0 0 2 0 2 2 1 2 1 1 1 1 1 1 1 1 1 1 1 2 1 2 0 1 2 1 1 1 1 1 1 1 1 1 1 1 1 1 1 1 0 1 1 1 1 1 0 0 0 0 1 1 1 0 2 0 1 1 2 1 0 0 1 1 1 0 0 0 0 0 0 0 0 0 0 1 1 1 0 0 0 1 0 0 0 0 0 1 2 1 0 0 0 0 0 0 0 0 0 2 0 2 1 2 

 Inviabilidades: 0 
FO: 68337.725438
Tempo total:5.017
######################## FIM ###################

 ######################## 2 ###################

Vetor de solucoes: 
1 0 1 1 1 0 0 1 1 2 1 1 0 0 1 0 1 1 1 2 1 1 0 1 2 1 1 1 2 0 2 2 0 1 0 1 1 1 1 1 1 0 0 1 1 2 1 1 1 1 1 1 0 1 2 0 0 0 2 0 0 2 2 0 2 2 2 2 2 0 1 0 0 0 2 2 0 1 1 1 1 1 2 2 2 2 2 2 2 2 2 2 2 2 2 2 2 2 0 2 2 2 2 2 2 2 2 2 2 2 2 2 2 2 2 2 0 0 2 2 2 0 1 0 0 0 2 2 2 1 1 2 0 2 2 2 1 0 2 0 0 0 0 0 0 0 0 0 0 0 1 0 0 2 2 0 1 2 0 0 1 0 0 2 1 2 0 0 0 0 0 0 0 0 0 1 0 2 2 1 

 Inviabilidades: 0 
FO: 68618.798291
Tempo total:5.016
######################## FIM ###################

 ######################## 2 ###################

Vetor de solucoes: 
1 2 2 2 1 2 0 1 1 0 1 2 2 0 2 0 1 1 1 0 1 1 2 1 2 1 1 1 0 2 0 0 2 0 2 1 1 1 1 1 1 2 1 1 1 0 1 1 1 1 1 1 2 1 0 0 0 2 0 2 0 0 0 2 0 0 0 0 0 2 2 2 2 2 0 0 2 2 1 2 1 1 0 1 0 0 0 0 0 0 0 0 0 0 0 1 0 1 2 0 1 0 0 0 0 0 0 0 0 0 0 0 0 0 0 0 2 0 0 0 0 0 2 2 2 2 0 0 0 2 1 2 0 0 1 0 2 2 0 0 0 2 2 2 2 2 2 2 2 2 2 0 0 0 2 2 2 0 2 2 2 2 2 0 1 0 2 2 2 2 2 2 2 2 2 1 2 1 0 1 

 Inviabilidades: 0 
FO: 68337.725438
Tempo total:5.002
######################## FIM ###################

 ######################## 2 ###################

Vetor de solucoes: 
0 1 0 0 0 1 1 1 0 2 0 1 1 1 1 1 0 0 0 0 0 0 1 0 1 0 0 0 2 1 2 2 1 0 1 1 0 0 0 0 0 1 1 0 0 2 0 0 0 0 0 0 1 0 2 2 2 1 2 1 2 2 2 1 0 2 2 2 2 2 0 1 1 1 2 2 1 0 1 0 0 0 2 0 2 2 2 2 0 2 2 2 2 2 2 0 2 0 2 2 0 2 2 2 2 2 2 2 2 2 2 2 2 2 2 2 1 2 2 2 2 2 1 1 1 1 2 2 2 1 0 2 2 2 0 2 1 1 2 2 2 1 1 1 1 1 1 1 1 1 1 2 2 2 2 1 1 2 1 1 1 1 1 2 1 2 1 1 1 1 1 1 1 1 1 0 1 0 2 0 

 Inviabilidades: 0 
FO: 68381.395583
Tempo total:4.949
######################## FIM ###################

 ######################## 2 ###################

Vetor de solucoes: 
2 1 1 1 2 1 0 1 2 0 1 1 1 0 1 0 2 2 2 0 2 2 1 2 1 2 2 2 0 1 0 0 1 2 1 2 2 2 2 2 2 1 1 2 2 0 2 0 2 2 2 2 1 2 0 0 0 1 0 1 0 0 0 1 0 0 0 0 0 0 1 1 1 1 0 0 1 1 1 1 2 0 0 0 0 0 0 0 0 0 0 0 0 0 0 2 0 2 0 0 2 0 0 0 0 0 0 0 0 0 0 0 0 0 0 0 1 0 0 0 0 0 1 1 1 1 0 0 0 1 2 1 0 1 2 0 1 1 0 0 0 1 1 1 1 1 1 1 1 1 1 0 0 0 1 1 1 0 1 1 1 1 1 0 1 0 1 1 1 1 1 1 1 1 1 2 1 2 0 2 

 Inviabilidades: 0 
FO: 68323.497258
Tempo total:5.011
######################## FIM ###################
