
######################## 150 ###################

Vetor de solucoes: 
2 2 1 2 2 2 0 2 2 0 2 2 1 0 1 0 0 2 2 0 1 0 0 2 0 1 1 1 0 0 0 0 2 0 1 1 0 2 1 1 0 0 1 1 1 0 1 2 1 2 1 2 2 1 0 0 0 1 0 1 2 0 0 0 0 0 0 0 0 2 2 2 2 2 0 0 0 2 0 1 0 0 0 0 0 0 2 0 1 1 0 0 0 0 0 0 0 0 0 0 1 2 0 0 0 0 0 0 0 0 0 0 0 0 0 0 2 0 0 0 0 0 1 2 2 2 0 0 2 2 0 0 0 0 0 0 2 0 0 0 0 2 2 2 2 2 2 2 2 2 1 0 0 0 0 2 2 0 2 2 2 2 0 2 2 0 2 2 2 2 2 1 2 2 2 1 1 0 0 1 

 Inviabilidades: 5 
FO: 73627.979285
Tempo total:16.193
######################## FIM ###################

######################## 150 ###################

Vetor de solucoes: 
1 1 1 2 1 2 0 1 1 0 1 1 2 0 1 0 0 1 1 0 1 1 0 1 0 1 1 1 0 1 0 0 1 1 1 1 1 1 1 1 1 1 1 0 0 0 1 1 1 1 1 1 1 1 0 0 0 1 0 1 1 0 0 1 0 0 0 0 0 2 2 2 2 1 0 0 2 1 0 0 0 0 0 0 0 0 0 0 0 1 0 0 0 0 0 0 0 0 0 0 1 0 0 0 0 0 0 0 0 0 0 0 0 0 0 0 2 0 0 0 0 0 1 2 1 1 0 0 0 1 1 0 0 0 0 0 0 0 0 0 0 1 1 2 2 2 2 2 2 2 1 0 0 0 0 2 1 0 1 2 1 2 2 1 1 0 1 2 1 1 2 2 2 1 2 1 1 0 0 0 

 Inviabilidades: 4 
FO: 72085.779279
Tempo total:14.978
######################## FIM ###################
