
 ######################## 150 ###################

Vetor de solucoes: 
2 2 1 2 2 2 0 2 2 0 2 2 1 0 1 0 0 2 2 0 1 0 0 2 0 1 1 1 0 0 0 0 2 0 1 1 0 2 1 1 0 0 1 1 1 0 1 2 1 2 1 2 2 1 0 0 0 1 0 1 2 0 0 0 0 0 0 0 0 2 2 2 2 2 0 0 0 2 0 1 0 0 0 0 0 0 2 0 1 1 0 0 0 0 0 0 0 0 0 0 1 2 0 0 0 0 0 0 0 0 0 0 0 0 0 0 2 0 0 0 0 0 1 2 2 2 0 0 2 2 0 0 0 0 0 0 2 0 0 0 0 2 2 2 2 2 2 2 2 2 1 0 0 0 0 2 2 0 2 2 2 2 0 2 2 0 2 2 2 2 2 1 2 2 2 1 1 0 0 1 

 Inviabilidades: 5 
FO: 73627.979285
Tempo total:16.193
######################## FIM ###################

 ######################## 150 ###################

Vetor de solucoes: 
1 1 1 2 1 2 0 1 1 0 1 1 2 0 1 0 0 1 1 0 1 1 0 1 0 1 1 1 0 1 0 0 1 1 1 1 1 1 1 1 1 1 1 0 0 0 1 1 1 1 1 1 1 1 0 0 0 1 0 1 1 0 0 1 0 0 0 0 0 2 2 2 2 1 0 0 2 1 0 0 0 0 0 0 0 0 0 0 0 1 0 0 0 0 0 0 0 0 0 0 1 0 0 0 0 0 0 0 0 0 0 0 0 0 0 0 2 0 0 0 0 0 1 2 1 1 0 0 0 1 1 0 0 0 0 0 0 0 0 0 0 1 1 2 2 2 2 2 2 2 1 0 0 0 0 2 1 0 1 2 1 2 2 1 1 0 1 2 1 1 2 2 2 1 2 1 1 0 0 0 

 Inviabilidades: 4 
FO: 72085.779279
Tempo total:14.978
######################## FIM ###################

 ######################## 150 ###################

Vetor de solucoes: 
1 0 0 0 1 0 2 0 0 2 0 0 0 0 0 2 2 0 0 2 1 1 1 1 0 1 1 1 2 1 2 2 0 2 1 1 2 1 1 0 1 0 0 0 0 2 1 0 0 0 0 0 0 1 2 2 2 1 2 1 0 2 2 2 2 2 2 2 2 2 0 0 0 0 2 2 2 0 2 2 2 2 2 2 2 2 2 2 2 2 2 2 2 2 2 2 2 1 2 2 1 2 2 2 2 2 2 2 2 2 2 2 2 2 2 2 1 2 2 2 2 2 1 0 2 0 2 2 2 1 1 2 2 2 2 2 0 2 2 2 2 0 0 0 0 2 2 0 0 0 1 2 2 2 2 0 0 2 0 2 0 0 2 0 0 2 0 0 0 0 0 1 0 0 0 1 1 2 2 1 

 Inviabilidades: 5 
FO: 71487.199193
Tempo total:16.984
######################## FIM ###################

 ######################## 150 ###################

Vetor de solucoes: 
2 2 2 1 2 1 0 2 2 0 2 2 1 0 2 0 0 2 2 0 2 2 0 2 0 2 2 2 0 2 0 0 2 2 2 2 2 2 2 2 2 2 2 0 0 0 2 2 2 2 2 2 2 2 0 0 0 2 0 2 2 0 0 2 0 0 0 0 0 1 1 1 1 2 0 0 1 2 0 0 0 0 0 0 0 0 0 0 0 2 0 0 0 0 0 0 0 0 0 0 2 0 0 0 0 0 0 0 0 0 0 0 0 0 0 0 1 0 0 0 0 0 2 1 2 2 0 0 0 2 2 0 0 0 0 0 0 0 0 0 0 2 2 1 1 1 1 1 1 1 2 0 0 0 0 1 2 0 2 1 2 1 1 2 2 0 2 1 2 2 1 1 1 2 1 2 2 0 0 0 

 Inviabilidades: 4 
FO: 72085.779279
Tempo total:15.972
######################## FIM ###################

 ######################## 150 ###################

Vetor de solucoes: 
0 0 0 1 0 1 1 0 0 1 0 0 1 0 0 0 0 0 2 1 0 2 1 0 2 0 0 1 0 0 2 1 1 1 0 0 1 0 0 0 0 1 0 0 1 0 1 1 0 0 0 0 0 0 1 0 2 0 2 0 0 1 2 0 1 2 2 2 2 2 1 0 2 1 1 1 2 0 2 0 1 0 2 1 1 2 2 2 2 2 2 1 2 2 2 2 1 0 1 2 1 2 1 2 2 2 0 2 2 2 2 2 2 2 1 2 2 2 2 2 2 1 1 1 0 0 2 2 2 0 1 0 2 2 2 0 0 2 2 2 2 0 2 2 1 2 2 1 0 1 0 0 1 2 2 0 0 2 2 2 0 1 2 1 0 2 0 0 0 0 0 0 2 0 1 0 2 2 2 1 

 Inviabilidades: 5 
FO: 75595.374409
Tempo total:15.452
######################## FIM ###################

 ######################## 150 ###################

Vetor de solucoes: 
0 0 2 0 0 0 1 0 0 1 0 0 2 1 2 1 1 0 0 1 2 1 1 0 1 2 2 2 1 1 1 1 0 1 2 2 1 0 2 2 1 1 2 2 2 1 2 0 2 0 2 0 0 2 1 1 1 2 1 2 0 1 1 1 1 1 1 1 1 0 0 0 0 0 1 1 1 0 1 2 1 1 1 1 1 1 0 1 2 2 1 1 1 1 1 1 1 1 1 1 2 0 1 1 1 1 1 1 1 1 1 1 1 1 1 1 0 1 1 1 1 1 2 0 0 0 1 1 0 0 1 1 1 1 1 1 0 1 1 1 1 0 0 0 0 0 0 0 0 0 2 1 1 1 1 0 0 1 0 0 0 0 1 0 0 1 0 0 0 0 0 2 0 0 0 2 2 1 1 2 

 Inviabilidades: 5 
FO: 73627.979285
Tempo total:16.150
######################## FIM ###################

 ######################## 150 ###################

Vetor de solucoes: 
0 0 0 1 0 1 2 0 0 2 0 0 1 2 0 2 2 0 2 2 2 2 1 0 2 2 2 0 2 0 2 2 0 2 0 0 2 0 0 0 0 0 0 0 2 2 0 2 0 0 2 0 0 0 2 2 0 0 2 0 0 2 2 0 2 2 0 2 2 2 1 0 1 0 2 2 1 0 2 2 2 2 2 2 2 0 2 2 2 2 2 2 2 2 2 2 2 0 2 2 2 2 2 2 2 2 2 2 2 2 2 2 2 2 2 2 1 0 2 2 2 2 0 1 0 0 2 2 2 0 0 2 2 2 2 2 0 2 2 2 2 0 1 1 1 0 1 1 1 1 0 2 2 2 2 1 0 2 0 0 0 1 1 0 0 2 0 0 0 0 2 0 0 0 1 0 0 2 2 2 

 Inviabilidades: 4 
FO: 73927.912024
Tempo total:16.034
######################## FIM ###################

 ######################## 150 ###################

Vetor de solucoes: 
0 2 2 2 0 2 1 2 2 1 2 2 2 2 2 1 1 2 2 1 0 0 0 0 2 0 0 0 1 0 1 1 2 1 0 0 1 0 0 2 0 2 2 2 2 1 0 2 2 2 2 2 2 0 1 1 1 0 1 0 2 1 1 1 1 1 1 1 1 1 2 2 2 2 1 1 1 2 1 1 1 1 1 1 1 1 1 1 1 1 1 1 1 1 1 1 1 0 1 1 0 1 1 1 1 1 1 1 1 1 1 1 1 1 1 1 0 1 1 1 1 1 0 2 1 2 1 1 1 0 0 1 1 1 1 1 2 1 1 1 1 2 2 2 2 1 1 2 2 2 0 1 1 1 1 2 2 1 2 1 2 2 1 2 2 1 2 2 2 2 2 0 2 2 2 0 0 1 1 0 

 Inviabilidades: 5 
FO: 71487.199193
Tempo total:15.758
######################## FIM ###################

 ######################## 150 ###################

Vetor de solucoes: 
1 0 2 2 0 2 0 0 0 1 2 0 1 0 0 1 1 0 0 1 1 1 0 0 1 1 1 0 1 0 1 1 0 1 0 0 0 0 0 2 0 0 0 0 1 1 0 0 0 0 0 0 0 0 1 1 1 0 1 0 0 1 1 0 1 1 0 1 1 1 2 0 2 0 1 1 2 0 1 1 1 1 1 1 1 1 1 1 1 1 1 1 1 1 1 1 1 1 1 1 2 1 1 1 1 1 1 1 1 1 1 1 1 1 1 1 2 1 1 1 1 1 2 2 0 2 1 1 1 2 0 1 1 1 2 1 2 2 1 1 1 2 2 2 2 2 2 2 2 2 0 1 1 1 1 2 2 1 2 0 2 2 2 1 2 1 0 0 2 0 2 2 2 2 2 1 0 1 1 0 

 Inviabilidades: 6 
FO: 72282.106637
Tempo total:15.862
######################## FIM ###################

 ######################## 150 ###################

Vetor de solucoes: 
1 0 1 1 1 1 2 1 1 2 1 1 0 2 1 2 2 1 0 2 1 2 0 1 1 1 2 1 2 0 2 0 0 2 0 0 0 1 0 1 1 0 0 0 0 2 0 0 0 0 1 1 0 0 2 0 0 0 2 0 0 2 2 0 2 2 2 2 2 2 1 1 1 1 2 2 1 0 2 2 2 2 2 2 2 2 2 2 2 2 2 2 2 2 2 2 2 2 2 2 1 2 2 2 2 2 2 2 2 2 2 2 2 2 2 2 0 0 2 2 2 2 1 1 1 1 2 2 2 1 1 2 2 2 2 2 1 1 2 2 2 1 1 1 1 1 2 1 1 0 1 2 2 2 2 1 1 2 1 2 1 1 1 2 1 2 1 1 1 1 1 1 1 1 1 1 1 2 2 2 

 Inviabilidades: 6 
FO: 71562.215101
Tempo total:16.552
######################## FIM ###################

 ######################## 150 ###################

Vetor de solucoes: 
2 2 2 2 2 2 1 0 2 1 2 2 0 1 0 1 1 2 0 1 0 0 0 0 0 2 0 0 0 0 1 1 0 1 2 0 0 2 0 2 2 0 0 2 1 1 0 2 0 0 2 2 2 0 1 1 1 0 1 0 0 1 1 0 1 1 1 1 1 1 2 2 2 0 1 1 2 0 1 1 1 1 1 1 1 1 1 1 1 1 1 1 1 1 1 1 1 1 2 1 0 1 1 1 1 1 1 1 1 1 1 1 1 1 1 1 2 1 1 1 1 1 0 2 2 2 1 1 1 2 0 2 1 0 1 1 2 2 1 1 1 2 2 0 2 2 2 2 2 0 0 1 1 1 2 2 2 1 2 2 2 2 2 1 2 1 2 2 2 2 2 0 2 2 2 0 0 1 1 0 

 Inviabilidades: 5 
FO: 71626.049398
Tempo total:16.047
######################## FIM ###################

 ######################## 150 ###################

Vetor de solucoes: 
0 2 2 2 0 2 1 2 2 1 2 2 2 2 2 1 1 2 2 1 0 0 0 0 2 0 0 0 1 0 1 1 2 1 0 0 1 0 0 2 0 2 2 2 2 1 0 2 2 2 2 2 2 0 1 1 1 0 1 0 2 1 1 1 1 1 1 1 1 1 2 2 2 2 1 1 1 2 1 1 1 1 1 1 1 1 1 1 1 1 1 1 1 1 1 1 1 0 1 1 0 1 1 1 1 1 1 1 1 1 1 1 1 1 1 1 0 1 1 1 1 1 0 2 1 2 1 1 1 0 0 1 1 1 1 1 2 1 1 1 1 2 2 2 2 1 1 2 2 2 0 1 1 1 1 2 2 1 2 1 2 2 1 2 2 1 2 2 2 2 2 0 2 2 2 0 0 1 1 0 

 Inviabilidades: 5 
FO: 71487.199193
Tempo total:16.282
######################## FIM ###################

 ######################## 150 ###################

Vetor de solucoes: 
1 1 1 2 1 2 0 1 1 0 1 1 2 0 1 0 0 1 1 0 1 1 0 1 0 1 1 1 0 1 0 0 1 1 1 1 1 1 1 1 1 1 1 0 0 0 1 1 1 1 1 1 1 1 0 0 0 1 0 1 1 0 0 1 0 0 0 0 0 2 2 2 2 1 0 0 2 1 0 0 0 0 0 0 0 0 0 0 0 1 0 0 0 0 0 0 0 0 0 0 1 0 0 0 0 0 0 0 0 0 0 0 0 0 0 0 2 0 0 0 0 0 1 2 1 1 0 0 0 1 1 0 0 0 0 0 0 0 0 0 0 1 1 2 2 2 2 2 2 2 1 0 0 0 0 2 1 0 1 2 1 2 2 1 1 0 1 2 1 1 2 2 2 1 2 1 1 0 0 0 

 Inviabilidades: 4 
FO: 72085.779279
Tempo total:15.103
######################## FIM ###################

 ######################## 150 ###################

Vetor de solucoes: 
1 1 1 0 1 0 2 1 1 2 1 1 0 1 1 1 2 1 1 2 1 1 0 1 1 1 1 1 2 1 2 2 1 2 0 1 2 1 1 1 1 1 1 0 2 2 1 1 1 1 1 1 1 1 2 2 1 1 2 1 1 2 2 1 2 2 2 2 2 0 0 1 0 1 2 2 0 1 2 2 2 2 2 2 2 2 2 2 2 2 2 2 2 2 2 2 2 2 2 2 0 2 2 2 2 2 2 2 2 2 2 2 2 2 2 2 0 2 2 2 2 2 1 0 1 1 2 2 2 1 1 2 2 2 2 2 1 1 2 2 2 1 1 1 0 1 2 0 2 0 1 2 2 2 2 0 1 2 1 1 1 0 0 2 1 2 1 1 1 1 0 0 1 1 0 1 1 2 2 2 

 Inviabilidades: 6 
FO: 72510.952284
Tempo total:15.804
######################## FIM ###################

 ######################## 150 ###################

Vetor de solucoes: 
2 2 2 0 2 0 1 2 2 1 2 2 0 1 2 1 1 2 1 1 1 1 0 2 1 1 1 2 1 2 1 1 2 1 2 2 1 2 2 2 2 2 2 2 1 1 2 1 2 2 1 2 2 2 1 1 2 2 1 2 2 1 1 2 1 1 2 1 1 1 0 2 0 2 1 1 0 2 1 1 1 1 1 1 1 2 1 1 1 1 1 1 1 1 1 1 1 2 1 1 1 1 1 1 1 1 1 1 1 1 1 1 1 1 1 1 0 2 1 1 1 1 2 0 2 2 1 1 1 2 2 1 1 1 1 1 2 1 1 1 1 2 0 0 0 2 0 0 0 0 2 1 1 1 1 0 2 1 2 2 2 0 0 2 2 1 2 2 2 2 1 2 2 2 0 2 2 1 1 1 

 Inviabilidades: 4 
FO: 73927.912024
Tempo total:17.038
######################## FIM ###################

 ######################## 150 ###################

Vetor de solucoes: 
1 1 1 1 1 1 0 1 1 0 1 1 2 0 1 0 0 1 1 0 1 1 2 1 1 1 1 1 0 2 0 0 2 0 2 1 1 1 1 1 1 1 1 2 0 0 1 1 1 1 1 1 1 1 0 0 0 2 0 2 2 0 0 2 0 0 0 0 0 0 1 1 0 1 0 0 1 1 0 0 0 0 0 0 0 0 0 0 0 0 0 0 0 0 0 0 0 0 0 0 1 0 0 0 0 0 0 0 0 0 0 0 0 0 0 0 2 0 0 0 0 0 2 1 1 1 0 0 0 1 1 0 0 0 0 0 1 1 0 0 0 1 1 2 2 1 1 2 1 2 1 0 0 0 0 1 1 0 1 2 1 1 0 0 1 0 1 1 1 1 0 2 1 1 2 1 2 0 0 2 

 Inviabilidades: 6 
FO: 71973.547211
Tempo total:14.555
######################## FIM ###################

 ######################## 150 ###################

Vetor de solucoes: 
2 2 2 0 2 0 1 2 2 1 2 2 0 1 2 1 1 2 1 1 1 1 0 2 1 1 1 2 1 2 1 1 2 1 2 2 1 2 2 2 2 2 2 2 1 1 2 1 2 2 1 2 2 2 1 1 2 2 1 2 2 1 1 2 1 1 2 1 1 1 0 2 0 2 1 1 0 2 1 1 1 1 1 1 1 2 1 1 1 1 1 1 1 1 1 1 1 2 1 1 1 1 1 1 1 1 1 1 1 1 1 1 1 1 1 1 0 2 1 1 1 1 2 0 2 2 1 1 1 2 2 1 1 1 1 1 2 1 1 1 1 2 0 0 0 2 0 0 0 0 2 1 1 1 1 0 2 1 2 2 2 0 0 2 2 1 2 2 2 2 1 2 2 2 0 2 2 1 1 1 

 Inviabilidades: 4 
FO: 73927.912024
Tempo total:17.406
######################## FIM ###################

 ######################## 150 ###################

Vetor de solucoes: 
2 2 2 0 2 0 1 2 2 1 2 0 0 1 2 1 1 0 2 1 0 0 0 0 0 2 2 2 1 2 1 1 2 1 2 2 2 2 2 2 2 2 2 2 2 1 2 2 0 2 2 2 2 2 1 1 1 2 1 2 2 1 1 2 1 1 1 1 1 0 0 2 0 0 1 1 0 2 0 1 1 1 1 1 1 1 1 1 1 1 1 1 1 1 1 1 1 1 1 1 0 1 1 1 1 1 1 1 1 1 1 1 1 1 1 1 0 1 1 1 1 1 0 0 0 0 1 1 1 0 0 0 1 1 1 1 0 0 1 0 1 2 0 0 0 0 0 0 0 0 2 0 1 1 1 0 0 1 0 0 0 0 0 1 2 1 0 2 0 2 0 0 0 0 0 0 0 0 1 2 

 Inviabilidades: 5 
FO: 70389.463944
Tempo total:15.336
######################## FIM ###################

 ######################## 150 ###################

Vetor de solucoes: 
1 0 2 2 0 2 0 0 0 1 2 0 1 0 0 1 1 0 0 1 1 1 0 0 1 1 1 0 1 0 1 1 0 1 0 0 0 0 0 2 0 0 0 0 1 1 0 0 0 0 0 0 0 0 1 1 1 0 1 0 0 1 1 0 1 1 0 1 1 1 2 0 2 0 1 1 2 0 1 1 1 1 1 1 1 1 1 1 1 1 1 1 1 1 1 1 1 1 1 1 2 1 1 1 1 1 1 1 1 1 1 1 1 1 1 1 2 1 1 1 1 1 2 2 0 2 1 1 1 2 0 1 1 1 2 1 2 2 1 1 1 2 2 2 2 2 2 2 2 2 0 1 1 1 1 2 2 1 2 0 2 2 2 1 2 1 0 0 2 0 2 2 2 2 2 1 0 1 1 0 

 Inviabilidades: 6 
FO: 72282.106637
Tempo total:15.051
######################## FIM ###################

 ######################## 150 ###################

Vetor de solucoes: 
1 2 2 2 1 2 0 2 2 0 2 2 2 2 2 0 0 2 2 0 1 1 1 1 2 1 1 1 0 1 0 0 2 0 1 1 0 1 1 2 1 2 2 2 2 0 1 2 2 2 2 2 2 1 0 0 0 1 0 1 2 0 0 0 0 0 0 0 0 0 2 2 2 2 0 0 0 2 0 0 0 0 0 0 0 0 0 0 0 0 0 0 0 0 0 0 0 1 0 0 1 0 0 0 0 0 0 0 0 0 0 0 0 0 0 0 1 0 0 0 0 0 1 2 0 2 0 0 0 1 1 0 0 0 0 0 2 0 0 0 0 2 2 2 2 0 0 2 2 2 1 0 0 0 0 2 2 0 2 0 2 2 0 2 2 0 2 2 2 2 2 1 2 2 2 1 1 0 0 1 

 Inviabilidades: 5 
FO: 71487.199193
Tempo total:14.648
######################## FIM ###################

 ######################## 150 ###################

Vetor de solucoes: 
0 2 0 1 0 1 2 0 0 2 0 0 2 2 0 2 2 0 0 2 0 0 2 0 2 0 0 0 2 0 2 2 0 2 0 0 0 0 0 0 0 0 0 2 2 2 0 0 0 0 0 0 0 0 2 2 2 0 2 0 0 2 2 0 2 2 1 2 2 2 1 0 1 0 2 2 2 0 2 2 2 2 2 2 2 2 2 2 2 1 2 2 2 2 2 2 2 2 2 2 0 2 2 2 2 2 2 2 2 2 2 2 2 2 2 2 1 2 2 2 2 2 0 1 2 1 2 2 2 1 1 1 2 2 1 2 1 1 2 2 2 1 1 1 1 1 1 1 1 1 0 2 2 2 2 1 1 2 1 2 1 1 1 2 0 2 1 1 1 0 1 1 2 1 1 0 1 1 2 0 

 Inviabilidades: 5 
FO: 71299.383395
Tempo total:16.492
######################## FIM ###################

 ######################## 150 ###################

Vetor de solucoes: 
2 0 0 0 2 0 1 0 0 1 0 0 0 0 0 1 1 0 0 1 2 2 2 2 0 2 2 2 1 2 1 1 0 1 2 2 1 2 2 0 2 0 0 0 0 1 2 0 0 0 0 0 0 2 1 1 1 2 1 2 0 1 1 1 1 1 1 1 1 1 0 0 0 0 1 1 1 0 1 1 1 1 1 1 1 1 1 1 1 1 1 1 1 1 1 1 1 2 1 1 2 1 1 1 1 1 1 1 1 1 1 1 1 1 1 1 2 1 1 1 1 1 2 0 1 0 1 1 1 2 2 1 1 1 1 1 0 1 1 1 1 0 0 0 0 1 1 0 0 0 2 1 1 1 1 0 0 1 0 1 0 0 1 0 0 1 0 0 0 0 0 2 0 0 0 2 2 1 1 2 

 Inviabilidades: 5 
FO: 71487.199193
Tempo total:15.914
######################## FIM ###################

 ######################## 150 ###################

Vetor de solucoes: 
2 2 2 0 2 0 1 2 2 1 2 2 0 1 2 1 1 2 2 1 2 2 1 2 1 2 2 2 1 2 1 1 2 2 2 2 2 2 2 2 2 2 2 1 1 1 2 2 2 2 2 2 2 2 1 1 1 2 1 2 2 1 1 2 1 1 1 1 1 0 0 0 0 2 1 1 0 2 1 1 1 1 1 1 1 1 1 1 1 2 1 1 1 1 1 1 1 1 1 1 2 1 1 1 1 1 1 1 1 1 1 1 1 1 1 1 0 1 1 1 1 1 2 0 2 2 1 1 1 2 2 1 1 1 1 1 1 1 1 1 1 2 2 0 0 0 0 0 0 0 2 1 1 1 1 0 2 1 2 0 2 0 0 2 2 1 2 0 2 2 0 0 0 2 0 2 2 1 1 1 

 Inviabilidades: 4 
FO: 72085.779279
Tempo total:16.237
######################## FIM ###################

 ######################## 150 ###################

Vetor de solucoes: 
2 2 2 1 2 1 0 2 2 0 2 2 1 2 2 2 0 2 2 0 2 2 1 2 2 2 2 2 0 2 0 0 2 0 1 2 0 2 2 2 2 2 2 1 0 0 2 2 2 2 2 2 2 2 0 0 2 2 0 2 2 0 0 2 0 0 0 0 0 1 1 2 1 2 0 0 1 2 0 0 0 0 0 0 0 0 0 0 0 0 0 0 0 0 0 0 0 0 0 0 1 0 0 0 0 0 0 0 0 0 0 0 0 0 0 0 1 0 0 0 0 0 2 1 2 2 0 0 0 2 2 0 0 0 0 0 2 2 0 0 0 2 2 2 1 2 0 1 0 1 2 0 0 0 0 1 2 0 2 2 2 1 1 0 2 0 2 2 2 2 1 1 2 2 1 2 2 0 0 0 

 Inviabilidades: 6 
FO: 72510.952284
Tempo total:14.969
######################## FIM ###################

 ######################## 150 ###################

Vetor de solucoes: 
1 2 2 2 1 2 0 2 2 0 2 2 2 2 2 0 0 2 2 0 1 1 1 1 2 1 1 1 0 1 0 0 2 0 1 1 0 1 1 2 1 2 2 2 2 0 1 2 2 2 2 2 2 1 0 0 0 1 0 1 2 0 0 0 0 0 0 0 0 0 2 2 2 2 0 0 0 2 0 0 0 0 0 0 0 0 0 0 0 0 0 0 0 0 0 0 0 1 0 0 1 0 0 0 0 0 0 0 0 0 0 0 0 0 0 0 1 0 0 0 0 0 1 2 0 2 0 0 0 1 1 0 0 0 0 0 2 0 0 0 0 2 2 2 2 0 0 2 2 2 1 0 0 0 0 2 2 0 2 0 2 2 0 2 2 0 2 2 2 2 2 1 2 2 2 1 1 0 0 1 

 Inviabilidades: 5 
FO: 71487.199193
Tempo total:14.953
######################## FIM ###################

 ######################## 150 ###################

Vetor de solucoes: 
1 1 1 1 1 1 0 2 1 0 1 1 2 0 2 0 0 1 2 0 2 2 2 2 2 1 2 2 2 2 0 0 2 0 1 2 2 1 2 1 1 2 2 1 0 0 2 1 2 2 1 1 1 2 0 0 0 2 0 2 2 0 0 2 0 0 0 0 0 0 1 1 1 2 0 0 1 2 0 0 0 0 0 0 0 0 0 0 0 0 0 0 0 0 0 0 0 0 1 0 2 0 0 0 0 0 0 0 0 0 0 0 0 0 0 0 1 0 0 0 0 0 2 1 1 1 0 0 0 1 2 1 0 2 0 0 1 1 0 0 0 1 1 2 1 1 1 1 1 2 2 0 0 0 1 1 1 0 1 1 1 1 1 0 1 0 1 1 1 1 1 2 1 1 1 2 2 0 0 2 

 Inviabilidades: 5 
FO: 71626.049398
Tempo total:15.178
######################## FIM ###################

 ######################## 150 ###################

Vetor de solucoes: 
0 2 2 2 0 2 1 2 2 1 2 2 2 2 2 1 1 2 2 1 0 0 0 0 2 0 0 0 1 0 1 1 2 1 0 0 1 0 0 2 0 2 2 2 2 1 0 2 2 2 2 2 2 0 1 1 1 0 1 0 2 1 1 1 1 1 1 1 1 1 2 2 2 2 1 1 1 2 1 1 1 1 1 1 1 1 1 1 1 1 1 1 1 1 1 1 1 0 1 1 0 1 1 1 1 1 1 1 1 1 1 1 1 1 1 1 0 1 1 1 1 1 0 2 1 2 1 1 1 0 0 1 1 1 1 1 2 1 1 1 1 2 2 2 2 1 1 2 2 2 0 1 1 1 1 2 2 1 2 1 2 2 1 2 2 1 2 2 2 2 2 0 2 2 2 0 0 1 1 0 

 Inviabilidades: 5 
FO: 71487.199193
Tempo total:16.096
######################## FIM ###################

 ######################## 150 ###################

Vetor de solucoes: 
1 0 0 0 1 0 2 0 0 2 0 0 0 0 0 2 2 0 0 2 1 1 1 1 0 1 1 1 2 1 2 2 0 2 1 1 2 1 1 0 1 0 0 0 0 2 1 0 0 0 0 0 0 1 2 2 2 1 2 1 0 2 2 2 2 2 2 2 2 2 0 0 0 0 2 2 2 0 2 2 2 2 2 2 2 2 2 2 2 2 2 2 2 2 2 2 2 1 2 2 1 2 2 2 2 2 2 2 2 2 2 2 2 2 2 2 1 2 2 2 2 2 1 0 2 0 2 2 2 1 1 2 2 2 2 2 0 2 2 2 2 0 0 0 0 2 2 0 0 0 1 2 2 2 2 0 0 2 0 2 0 0 2 0 0 2 0 0 0 0 0 1 0 0 0 1 1 2 2 1 

 Inviabilidades: 5 
FO: 71487.199193
Tempo total:15.698
######################## FIM ###################

 ######################## 150 ###################

Vetor de solucoes: 
0 1 0 2 0 2 1 0 0 1 0 0 1 1 0 1 1 0 0 1 0 0 1 0 1 0 0 0 1 0 1 1 0 1 0 0 0 0 0 0 0 0 0 1 1 1 0 0 0 0 0 0 0 0 1 1 1 0 1 0 0 1 1 0 1 1 2 1 1 1 2 0 2 0 1 1 1 0 1 1 1 1 1 1 1 1 1 1 1 2 1 1 1 1 1 1 1 1 1 1 0 1 1 1 1 1 1 1 1 1 1 1 1 1 1 1 2 1 1 1 1 1 0 2 1 2 1 1 1 2 2 2 1 1 2 1 2 2 1 1 1 2 2 2 2 2 2 2 2 2 0 1 1 1 1 2 2 1 2 1 2 2 2 1 0 1 2 2 2 0 2 2 1 2 2 0 2 2 1 0 

 Inviabilidades: 5 
FO: 71299.383395
Tempo total:15.723
######################## FIM ###################

 ######################## 150 ###################

Vetor de solucoes: 
2 2 2 0 2 0 1 2 2 1 2 2 0 1 2 1 1 2 2 1 2 2 1 2 1 2 2 2 1 2 1 1 2 2 2 2 2 2 2 2 2 2 2 1 1 1 2 2 2 2 2 2 2 2 1 1 1 2 1 2 2 1 1 2 1 1 1 1 1 0 0 0 0 2 1 1 0 2 1 1 1 1 1 1 1 1 1 1 1 2 1 1 1 1 1 1 1 1 1 1 2 1 1 1 1 1 1 1 1 1 1 1 1 1 1 1 0 1 1 1 1 1 2 0 2 2 1 1 1 2 2 1 1 1 1 1 1 1 1 1 1 2 2 0 0 0 0 0 0 0 2 1 1 1 1 0 2 1 2 0 2 0 0 2 2 1 2 0 2 2 0 0 0 2 0 2 2 1 1 1 

 Inviabilidades: 4 
FO: 72085.779279
Tempo total:16.840
######################## FIM ###################

 ######################## 150 ###################

Vetor de solucoes: 
1 1 1 0 1 0 2 1 1 2 1 1 0 2 1 2 2 1 1 2 1 1 2 1 2 1 1 1 2 1 2 2 1 1 1 1 1 1 1 1 1 1 1 2 2 2 1 1 1 1 1 1 1 1 2 2 2 1 2 1 1 2 2 1 2 2 2 2 2 0 0 0 0 1 2 2 0 1 2 2 2 2 2 2 2 2 2 2 2 1 2 2 2 2 2 2 2 2 2 2 1 2 2 2 2 2 2 2 2 2 2 2 2 2 2 2 0 2 2 2 2 2 1 0 1 1 2 2 2 1 1 2 2 2 2 2 2 2 2 2 2 1 1 0 0 0 0 0 0 0 1 2 2 2 2 0 1 2 1 0 1 0 0 1 1 2 1 0 1 1 0 0 0 1 0 1 1 2 2 2 

 Inviabilidades: 4 
FO: 72085.779279
Tempo total:16.922
######################## FIM ###################

 ######################## 150 ###################

Vetor de solucoes: 
2 2 2 2 2 2 0 2 2 0 2 2 1 0 2 0 0 2 2 0 2 2 1 2 2 2 2 2 0 1 0 0 1 0 1 2 2 2 2 2 2 2 2 1 0 0 2 2 2 2 2 2 2 2 0 0 0 1 0 1 1 0 0 1 0 0 0 0 0 0 2 2 0 2 0 0 2 2 0 0 0 0 0 0 0 0 0 0 0 0 0 0 0 0 0 0 0 0 0 0 2 0 0 0 0 0 0 0 0 0 0 0 0 0 0 0 1 0 0 0 0 0 1 2 2 2 0 0 0 2 2 0 0 0 0 0 2 2 0 0 0 2 2 1 1 2 2 1 2 1 2 0 0 0 0 2 2 0 2 1 2 2 0 0 2 0 2 2 2 2 0 1 2 2 1 2 1 0 0 1 

 Inviabilidades: 6 
FO: 71973.547211
Tempo total:15.033
######################## FIM ###################

 ######################## 150 ###################

Vetor de solucoes: 
0 0 0 0 0 0 2 1 0 2 0 0 1 2 1 2 2 0 1 2 1 1 1 1 1 0 1 1 1 1 2 2 1 2 0 1 1 0 1 0 0 1 1 0 2 2 1 0 1 1 0 0 0 1 2 2 2 1 2 1 1 2 2 1 2 2 2 2 2 2 0 0 0 1 2 2 0 1 2 2 2 2 2 2 2 2 2 2 2 2 2 2 2 2 2 2 2 2 0 2 1 2 2 2 2 2 2 2 2 2 2 2 2 2 2 2 0 2 2 2 2 2 1 0 0 0 2 2 2 0 1 0 2 1 2 2 0 0 2 2 2 0 0 1 0 0 0 0 0 1 1 2 2 2 0 0 0 2 0 0 0 0 0 2 0 2 0 0 0 0 0 1 0 0 0 1 1 2 2 1 

 Inviabilidades: 5 
FO: 71626.049398
Tempo total:14.863
######################## FIM ###################

 ######################## 150 ###################

Vetor de solucoes: 
2 0 0 0 2 0 1 0 0 1 0 0 0 0 0 1 1 0 0 1 2 2 2 2 0 2 2 2 1 2 1 1 0 1 2 2 1 2 2 0 2 0 0 0 0 1 2 0 0 0 0 0 0 2 1 1 1 2 1 2 0 1 1 1 1 1 1 1 1 1 0 0 0 0 1 1 1 0 1 1 1 1 1 1 1 1 1 1 1 1 1 1 1 1 1 1 1 2 1 1 2 1 1 1 1 1 1 1 1 1 1 1 1 1 1 1 2 1 1 1 1 1 2 0 1 0 1 1 1 2 2 1 1 1 1 1 0 1 1 1 1 0 0 0 0 1 1 0 0 0 2 1 1 1 1 0 0 1 0 1 0 0 1 0 0 1 0 0 0 0 0 2 0 0 0 2 2 1 1 2 

 Inviabilidades: 5 
FO: 71487.199193
Tempo total:14.903
######################## FIM ###################

 ######################## 150 ###################

Vetor de solucoes: 
1 0 1 0 1 0 2 1 1 2 1 0 0 2 1 2 2 1 1 2 1 1 2 1 2 1 1 1 2 1 2 2 1 2 1 1 1 1 1 1 1 1 1 2 2 2 1 1 1 1 1 1 1 1 2 1 2 1 2 1 1 2 2 1 2 2 2 2 2 0 0 0 0 1 2 2 0 2 2 2 2 2 2 2 2 2 2 2 2 1 2 2 2 2 2 2 2 2 2 2 1 2 2 2 2 2 2 2 2 2 2 2 2 2 2 2 0 2 2 2 2 2 1 0 2 0 2 2 2 0 1 2 2 2 2 2 1 0 2 2 2 0 0 0 0 0 0 0 0 0 1 2 2 2 2 0 0 2 0 2 0 0 0 2 0 2 0 0 0 0 0 0 0 1 0 1 0 2 2 1 

 Inviabilidades: 6 
FO: 70927.075665
Tempo total:16.840
######################## FIM ###################

 ######################## 150 ###################

Vetor de solucoes: 
0 0 0 1 0 1 2 0 0 2 0 0 1 2 0 2 2 0 2 2 2 2 1 0 2 2 2 0 2 0 2 2 0 2 0 0 2 0 0 0 0 0 0 0 2 2 0 2 0 0 2 0 0 0 2 2 0 0 2 0 0 2 2 0 2 2 0 2 2 2 1 0 1 0 2 2 1 0 2 2 2 2 2 2 2 0 2 2 2 2 2 2 2 2 2 2 2 0 2 2 2 2 2 2 2 2 2 2 2 2 2 2 2 2 2 2 1 0 2 2 2 2 0 1 0 0 2 2 2 0 0 2 2 2 2 2 0 2 2 2 2 0 1 1 1 0 1 1 1 1 0 2 2 2 2 1 0 2 0 0 0 1 1 0 0 2 0 0 0 0 2 0 0 0 1 0 0 2 2 2 

 Inviabilidades: 4 
FO: 73927.912024
Tempo total:15.781
######################## FIM ###################

 ######################## 150 ###################

Vetor de solucoes: 
1 2 2 2 1 2 0 2 2 0 2 2 2 2 2 0 0 2 2 0 1 1 1 1 2 1 1 1 0 1 0 0 2 0 1 1 0 1 1 2 1 2 2 2 2 0 1 2 2 2 2 2 2 1 0 0 0 1 0 1 2 0 0 0 0 0 0 0 0 0 2 2 2 2 0 0 0 2 0 0 0 0 0 0 0 0 0 0 0 0 0 0 0 0 0 0 0 1 0 0 1 0 0 0 0 0 0 0 0 0 0 0 0 0 0 0 1 0 0 0 0 0 1 2 0 2 0 0 0 1 1 0 0 0 0 0 2 0 0 0 0 2 2 2 2 0 0 2 2 2 1 0 0 0 0 2 2 0 2 0 2 2 0 2 2 0 2 2 2 2 2 1 2 2 2 1 1 0 0 1 

 Inviabilidades: 5 
FO: 71487.199193
Tempo total:14.639
######################## FIM ###################

 ######################## 150 ###################

Vetor de solucoes: 
0 2 1 1 2 1 2 2 2 0 1 2 0 2 2 0 0 2 2 0 0 0 2 2 0 0 0 2 0 2 0 0 2 0 2 2 2 2 2 1 2 2 2 2 0 0 2 2 2 2 2 2 2 2 0 0 0 2 0 2 2 0 0 2 0 0 2 0 0 0 1 2 1 2 0 0 1 2 0 0 0 0 0 0 0 0 0 0 0 0 0 0 0 0 0 0 0 0 0 0 1 0 0 0 0 0 0 0 0 0 0 0 0 0 0 0 1 0 0 0 0 0 1 1 2 1 0 0 0 1 2 0 0 0 1 0 1 1 0 0 0 1 1 1 1 1 1 1 1 1 2 0 0 0 0 1 1 0 1 2 1 1 1 0 1 0 2 2 1 2 1 1 1 1 1 0 2 0 0 2 

 Inviabilidades: 6 
FO: 72282.106637
Tempo total:14.548
######################## FIM ###################

 ######################## 150 ###################

Vetor de solucoes: 
1 2 0 0 2 0 2 2 2 1 0 2 1 2 2 1 1 2 2 1 1 1 2 2 1 1 1 2 1 2 1 1 2 1 2 2 2 2 2 0 2 2 2 2 1 1 2 2 2 2 2 2 2 2 1 1 1 2 1 2 2 1 1 2 1 1 2 1 1 1 0 2 0 2 1 1 0 2 1 1 1 1 1 1 1 1 1 1 1 1 1 1 1 1 1 1 1 1 1 1 0 1 1 1 1 1 1 1 1 1 1 1 1 1 1 1 0 1 1 1 1 1 0 0 2 0 1 1 1 0 2 1 1 1 0 1 0 0 1 1 1 0 0 0 0 0 0 0 0 0 2 1 1 1 1 0 0 1 0 2 0 0 0 1 0 1 2 2 0 2 0 0 0 0 0 1 2 1 1 2 

 Inviabilidades: 6 
FO: 72282.106637
Tempo total:16.367
######################## FIM ###################

 ######################## 150 ###################

Vetor de solucoes: 
2 1 1 1 2 1 0 1 1 0 1 1 1 1 1 0 0 1 1 0 2 2 2 2 1 2 2 2 0 2 0 0 1 0 2 2 0 2 2 1 2 1 1 1 1 0 2 1 1 1 1 1 1 2 0 0 0 2 0 2 1 0 0 0 0 0 0 0 0 0 1 1 1 1 0 0 0 1 0 0 0 0 0 0 0 0 0 0 0 0 0 0 0 0 0 0 0 2 0 0 2 0 0 0 0 0 0 0 0 0 0 0 0 0 0 0 2 0 0 0 0 0 2 1 0 1 0 0 0 2 2 0 0 0 0 0 1 0 0 0 0 1 1 1 1 0 0 1 1 1 2 0 0 0 0 1 1 0 1 0 1 1 0 1 1 0 1 1 1 1 1 2 1 1 1 2 2 0 0 2 

 Inviabilidades: 5 
FO: 71487.199193
Tempo total:16.272
######################## FIM ###################

 ######################## 150 ###################

Vetor de solucoes: 
1 1 1 1 1 1 0 2 1 0 1 1 2 0 2 0 0 1 2 0 2 2 2 2 2 1 2 2 2 2 0 0 2 0 1 2 2 1 2 1 1 2 2 1 0 0 2 1 2 2 1 1 1 2 0 0 0 2 0 2 2 0 0 2 0 0 0 0 0 0 1 1 1 2 0 0 1 2 0 0 0 0 0 0 0 0 0 0 0 0 0 0 0 0 0 0 0 0 1 0 2 0 0 0 0 0 0 0 0 0 0 0 0 0 0 0 1 0 0 0 0 0 2 1 1 1 0 0 0 1 2 1 0 2 0 0 1 1 0 0 0 1 1 2 1 1 1 1 1 2 2 0 0 0 1 1 1 0 1 1 1 1 1 0 1 0 1 1 1 1 1 2 1 1 1 2 2 0 0 2 

 Inviabilidades: 5 
FO: 71626.049398
Tempo total:15.489
######################## FIM ###################

 ######################## 150 ###################

Vetor de solucoes: 
2 2 2 0 2 0 1 2 2 1 2 2 0 1 2 1 1 2 2 1 2 2 1 2 1 2 2 2 1 2 1 1 2 2 2 2 2 2 2 2 2 2 2 1 1 1 2 2 2 2 2 2 2 2 1 1 1 2 1 2 2 1 1 2 1 1 1 1 1 0 0 0 0 2 1 1 0 2 1 1 1 1 1 1 1 1 1 1 1 2 1 1 1 1 1 1 1 1 1 1 2 1 1 1 1 1 1 1 1 1 1 1 1 1 1 1 0 1 1 1 1 1 2 0 2 2 1 1 1 2 2 1 1 1 1 1 1 1 1 1 1 2 2 0 0 0 0 0 0 0 2 1 1 1 1 0 2 1 2 0 2 0 0 2 2 1 2 0 2 2 0 0 0 2 0 2 2 1 1 1 

 Inviabilidades: 4 
FO: 72085.779279
Tempo total:17.381
######################## FIM ###################

 ######################## 150 ###################

Vetor de solucoes: 
2 1 0 0 1 0 1 1 1 2 0 1 2 1 1 2 2 1 1 2 2 2 1 1 2 2 2 1 2 1 2 2 1 2 1 1 1 1 1 0 1 1 1 1 2 2 1 1 1 1 1 1 1 1 2 2 2 1 2 1 1 2 2 1 2 2 1 2 2 2 0 1 0 1 2 2 0 1 2 2 2 2 2 2 2 2 2 2 2 2 2 2 2 2 2 2 2 2 2 2 0 2 2 2 2 2 2 2 2 2 2 2 2 2 2 2 0 2 2 2 2 2 0 0 1 0 2 2 2 0 1 2 2 2 0 2 0 0 2 2 2 0 0 0 0 0 0 0 0 0 1 2 2 2 2 0 0 2 0 1 0 0 0 2 0 2 1 1 0 1 0 0 0 0 0 2 1 2 2 1 

 Inviabilidades: 6 
FO: 72282.106637
Tempo total:18.164
######################## FIM ###################

 ######################## 150 ###################

Vetor de solucoes: 
2 2 2 2 2 2 0 1 2 0 2 2 1 0 1 0 0 2 1 0 1 1 1 1 1 2 1 1 1 1 0 0 1 0 2 1 1 2 1 2 2 1 1 2 0 0 1 2 1 1 2 2 2 1 0 0 0 1 0 1 1 0 0 1 0 0 0 0 0 0 2 2 2 1 0 0 2 1 0 0 0 0 0 0 0 0 0 0 0 0 0 0 0 0 0 0 0 0 2 0 1 0 0 0 0 0 0 0 0 0 0 0 0 0 0 0 2 0 0 0 0 0 1 2 2 2 0 0 0 2 1 2 0 1 0 0 2 2 0 0 0 2 2 1 2 2 2 2 2 1 1 0 0 0 2 2 2 0 2 2 2 2 2 0 2 0 2 2 2 2 2 1 2 2 2 1 1 0 0 1 

 Inviabilidades: 5 
FO: 71626.049398
Tempo total:16.072
######################## FIM ###################

 ######################## 150 ###################

Vetor de solucoes: 
2 2 2 2 2 2 0 1 2 0 2 2 1 0 1 0 0 2 1 0 1 1 1 1 1 2 1 1 1 1 0 0 1 0 2 1 1 2 1 2 2 1 1 2 0 0 1 2 1 1 2 2 2 1 0 0 0 1 0 1 1 0 0 1 0 0 0 0 0 0 2 2 2 1 0 0 2 1 0 0 0 0 0 0 0 0 0 0 0 0 0 0 0 0 0 0 0 0 2 0 1 0 0 0 0 0 0 0 0 0 0 0 0 0 0 0 2 0 0 0 0 0 1 2 2 2 0 0 0 2 1 2 0 1 0 0 2 2 0 0 0 2 2 1 2 2 2 2 2 1 1 0 0 0 2 2 2 0 2 2 2 2 2 0 2 0 2 2 2 2 2 1 2 2 2 1 1 0 0 1 

 Inviabilidades: 5 
FO: 71626.049398
Tempo total:15.637
######################## FIM ###################

 ######################## 150 ###################

Vetor de solucoes: 
2 2 2 2 2 2 0 1 2 0 2 2 1 0 1 0 0 2 1 0 1 1 1 1 1 2 1 1 1 1 0 0 1 0 2 1 1 2 1 2 2 1 1 2 0 0 1 2 1 1 2 2 2 1 0 0 0 1 0 1 1 0 0 1 0 0 0 0 0 0 2 2 2 1 0 0 2 1 0 0 0 0 0 0 0 0 0 0 0 0 0 0 0 0 0 0 0 0 2 0 1 0 0 0 0 0 0 0 0 0 0 0 0 0 0 0 2 0 0 0 0 0 1 2 2 2 0 0 0 2 1 2 0 1 0 0 2 2 0 0 0 2 2 1 2 2 2 2 2 1 1 0 0 0 2 2 2 0 2 2 2 2 2 0 2 0 2 2 2 2 2 1 2 2 2 1 1 0 0 1 

 Inviabilidades: 5 
FO: 71626.049398
Tempo total:15.642
######################## FIM ###################

 ######################## 150 ###################

Vetor de solucoes: 
1 1 1 2 1 2 0 1 1 0 1 1 2 1 1 1 0 1 1 0 1 1 2 1 1 1 1 1 0 1 0 0 1 0 2 1 0 1 1 1 1 1 1 2 0 0 1 1 1 1 1 1 1 1 0 0 1 1 0 1 1 0 0 1 0 0 0 0 0 2 2 1 2 1 0 0 2 1 0 0 0 0 0 0 0 0 0 0 0 0 0 0 0 0 0 0 0 0 0 0 2 0 0 0 0 0 0 0 0 0 0 0 0 0 0 0 2 0 0 0 0 0 1 2 1 1 0 0 0 1 1 0 0 0 0 0 1 1 0 0 0 1 1 1 2 1 0 2 0 2 1 0 0 0 0 2 1 0 1 1 1 2 2 0 1 0 1 1 1 1 2 2 1 1 2 1 1 0 0 0 

 Inviabilidades: 6 
FO: 72510.952284
Tempo total:14.436
######################## FIM ###################

 ######################## 150 ###################

Vetor de solucoes: 
1 1 1 0 1 0 2 1 1 2 1 1 0 2 1 2 2 1 2 2 2 2 0 1 2 2 2 1 2 1 2 2 1 2 1 1 2 1 1 1 1 1 1 1 2 2 1 2 1 1 2 1 1 1 2 2 1 1 2 1 1 2 2 1 2 2 1 2 2 2 0 1 0 1 2 2 0 1 2 2 2 2 2 2 2 1 2 2 2 2 2 2 2 2 2 2 2 1 2 2 2 2 2 2 2 2 2 2 2 2 2 2 2 2 2 2 0 1 2 2 2 2 1 0 1 1 2 2 2 1 1 2 2 2 2 2 1 2 2 2 2 1 0 0 0 1 0 0 0 0 1 2 2 2 2 0 1 2 1 1 1 0 0 1 1 2 1 1 1 1 2 1 1 1 0 1 1 2 2 2 

 Inviabilidades: 4 
FO: 73927.912024
Tempo total:18.382
######################## FIM ###################

 ######################## 150 ###################

Vetor de solucoes: 
2 2 2 0 2 0 1 2 2 1 2 2 0 1 2 1 1 2 2 1 2 2 1 2 1 2 2 2 1 2 1 1 2 2 2 2 2 2 2 2 2 2 2 1 1 1 2 2 2 2 2 2 2 2 1 1 1 2 1 2 2 1 1 2 1 1 1 1 1 0 0 0 0 2 1 1 0 2 1 1 1 1 1 1 1 1 1 1 1 2 1 1 1 1 1 1 1 1 1 1 2 1 1 1 1 1 1 1 1 1 1 1 1 1 1 1 0 1 1 1 1 1 2 0 2 2 1 1 1 2 2 1 1 1 1 1 1 1 1 1 1 2 2 0 0 0 0 0 0 0 2 1 1 1 1 0 2 1 2 0 2 0 0 2 2 1 2 0 2 2 0 0 0 2 0 2 2 1 1 1 

 Inviabilidades: 4 
FO: 72085.779279
Tempo total:16.814
######################## FIM ###################

 ######################## 150 ###################

Vetor de solucoes: 
2 2 2 1 2 1 0 2 2 0 2 2 1 0 2 0 0 2 2 0 2 2 0 2 0 2 2 2 0 2 0 0 2 2 2 2 2 2 2 2 2 2 2 0 0 0 2 2 2 2 2 2 2 2 0 0 0 2 0 2 2 0 0 2 0 0 0 0 0 1 1 1 1 2 0 0 1 2 0 0 0 0 0 0 0 0 0 0 0 2 0 0 0 0 0 0 0 0 0 0 2 0 0 0 0 0 0 0 0 0 0 0 0 0 0 0 1 0 0 0 0 0 2 1 2 2 0 0 0 2 2 0 0 0 0 0 0 0 0 0 0 2 2 1 1 1 1 1 1 1 2 0 0 0 0 1 2 0 2 1 2 1 1 2 2 0 2 1 2 2 1 1 1 2 1 2 2 0 0 0 

 Inviabilidades: 4 
FO: 72085.779279
Tempo total:15.163
######################## FIM ###################
